# Created by Octave 3.8.2, Mon May 25 09:46:43 2015 CST <waldronluo@Debian>
# name: approachSig
# type: matrix
# rows: 721
# columns: 7
 0 0.0375657 -0.00170152 -0.0284831 4.31391e-06 -0.00180521 8.30314e-05
 0.005 0.185079 -0.00838305 -0.140331 2.12538e-05 -0.00889393 0.00040908
 0.01 0.321796 -0.0145756 -0.243993 3.69539e-05 -0.0154638 0.000711265
 0.015 0.448506 -0.0203148 -0.340067 5.15049e-05 -0.0215529 0.000991334
 0.02 0.5659419999999999 -0.0256341 -0.42911 6.49904e-05 -0.0271963 0.0012509
 0.025 0.6747840000000001 -0.030564 -0.511636 7.74867e-05 -0.0324266 0.00149147
 0.03 0.77566 -0.0351331 -0.588121 8.90656e-05 -0.0372742 0.00171443
 0.035 0.869153 -0.0393677 -0.659007 9.979389999999999e-05 -0.0417671 0.00192107
 0.04 0.955805 -0.0432925 -0.724705 0.000109733 -0.0459311 0.00211258
 0.045 1.03611 -0.04693 -0.785594 0.000118941 -0.0497904 0.00229006
 0.05 1.11055 -0.0503013 -0.842025 0.000127469 -0.0533674 0.00245456
 0.055 1.17953 -0.0534259 -0.894326 0.000135367 -0.0566825 0.002607
 0.06 1.24347 -0.0563218 -0.942797 0.000142681 -0.0597551 0.00274828
 0.065 1.30273 -0.0590058 -0.98772 0.000149451 -0.06260300000000001 0.00287922
 0.07000000000000001 1.35765 -0.0614933 -1.02935 0.000155719 -0.06524240000000001 0.00300056
 0.075 1.40856 -0.06379890000000001 -1.06794 0.000161519 -0.06768879999999999 0.00311301
 0.08 1.45574 -0.0659357 -1.1037 0.000166885 -0.0699562 0.00321722
 0.08500000000000001 1.49947 -0.06791609999999999 -1.13684 0.000171848 -0.07205780000000001 0.00331379
 0.09 1.54 -0.0697516 -1.16755 0.000176437 -0.0740056 0.00340328
 0.095 1.57756 -0.0714528 -1.19602 0.000180679 -0.07581110000000001 0.00348621
 0.1 1.61238 -0.0730296 -1.2224 0.000184598 -0.0774845 0.00356306
 0.105 1.64465 -0.0744909 -1.24684 0.000188217 -0.0790356 0.00363427
 0.11 1.67457 -0.07584539999999999 -1.2695 0.000191558 -0.0804733 0.00370025
 0.115 1.70229 -0.07710069999999999 -1.29049 0.000194641 -0.0818059 0.00376139
 0.12 1.72799 -0.07826429999999999 -1.30995 0.000197481 -0.0830412 0.00381804
 0.125 1.75181 -0.0793427 -1.32798 0.000200098 -0.0841862 0.00387052
 0.13 1.77389 -0.0803422 -1.34468 0.000202507 -0.08524760000000001 0.00391914
 0.135 1.79436 -0.0812686 -1.36016 0.000204723 -0.0862315 0.00396419
 0.14 1.81333 -0.0821273 -1.37451 0.000206759 -0.0871436 0.00400592
 0.145 1.83091 -0.0829231 -1.3878 0.000208627 -0.0879891 0.00404458
 0.15 1.84721 -0.08366079999999999 -1.40012 0.00021034 -0.0887729 0.00408039
 0.155 1.86232 -0.08434460000000001 -1.41153 0.000211908 -0.0894996 0.00411355
 0.16 1.87633 -0.08497830000000001 -1.42211 0.000213341 -0.0901733 0.00414427
 0.165 1.88781 -0.0842658 -1.43413 0.000275298 -0.0908013 0.00416352
 0.17 1.90015 -0.0848715 -1.44338 0.00027335 -0.0913929 0.00418885
 0.175 1.91154 -0.0854466 -1.45187 0.000270666 -0.09194049999999999 0.00421184
 0.18 1.92202 -0.0859718 -1.45969 0.000268485 -0.0924456 0.0042331
 0.185 1.93173 -0.0864587 -1.46692 0.00026644 -0.09291389999999999 0.00425277
 0.19 1.94074 -0.08691 -1.47363 0.000264521 -0.09334820000000001 0.00427098
 0.195 1.94909 -0.0873283 -1.47984 0.000262717 -0.093751 0.00428783
 0.2 1.95683 -0.08771610000000001 -1.48559 0.00026102 -0.0941246 0.00430342
 0.205 1.96401 -0.0880756 -1.49091 0.000259421 -0.09447120000000001 0.00431784
 0.21 1.97067 -0.0884088 -1.49585 0.000257912 -0.0947926 0.00433117
 0.215 1.97685 -0.0887177 -1.50041 0.000256486 -0.09509090000000001 0.0043435
 0.22 1.98258 -0.0890041 -1.50464 0.000255137 -0.0953676 0.0043549
 0.225 1.98632 -0.08792750000000001 -1.51086 0.000316811 -0.0956277 0.00435629
 0.23 1.99156 -0.0882389 -1.51464 0.000312261 -0.0958782 0.00436505
 0.235 1.99636 -0.0885412 -1.51808 0.000307165 -0.0961099 0.00437267
 0.24 2.00074 -0.0888138 -1.52119 0.000302738 -0.0963222 0.00437967
 0.245 2.0048 -0.0890664 -1.52408 0.000298603 -0.0965193 0.00438612
 0.25 2.00857 -0.0893007 -1.52675 0.00029474 -0.09670239999999999 0.00439207
 0.255 2.01206 -0.0895179 -1.52922 0.000291127 -0.0968724 0.00439754
 0.26 2.01531 -0.0897193 -1.5315 0.000287746 -0.0970303 0.00440258
 0.265 2.01833 -0.089906 -1.53361 0.00028458 -0.0971771 0.00440721
 0.27 2.02113 -0.0900791 -1.53556 0.000281611 -0.09731339999999999 0.00441147
 0.275 2.02203 -0.0887985 -1.53985 0.00034678 -0.0974438 0.00440593
 0.28 2.02478 -0.08901920000000001 -1.54169 0.000340501 -0.097575 0.0044085
 0.285 2.02727 -0.0892379 -1.54331 0.000333755 -0.0976958 0.00441032
 0.29 2.0295 -0.0894322 -1.54475 0.000327825 -0.0978053 0.00441194
 0.295 2.03157 -0.08961239999999999 -1.54607 0.000322292 -0.0979071 0.00441339
 0.3 2.03349 -0.0897795 -1.54729 0.000317126 -0.0980018 0.0044147
 0.305 2.03528 -0.0899344 -1.54841 0.000312301 -0.0980901 0.00441587
 0.31 2.03695 -0.09007809999999999 -1.54945 0.000307791 -0.0981723 0.00441691
 0.315 2.03686 -0.088835 -1.55279 0.000368813 -0.0982523 0.00440918
 0.32 2.03862 -0.08902740000000001 -1.55382 0.000361343 -0.0983363 0.00440902
 0.325 2.0402 -0.0892196 -1.55471 0.000353517 -0.09841370000000001 0.00440832
 0.33 2.04159 -0.08938980000000001 -1.55546 0.000346559 -0.098483 0.0044076
 0.335 2.04288 -0.08954769999999999 -1.55615 0.00034007 -0.0985477 0.00440688
 0.34 2.04409 -0.0896941 -1.55679 0.000334014 -0.09860819999999999 0.00440616
 0.345 2.04521 -0.0898299 -1.55737 0.00032836 -0.09866469999999999 0.00440545
 0.35 2.04465 -0.0886091 -1.56024 0.00038724 -0.0987208 0.00439663
 0.355 2.04593 -0.0887935 -1.56088 0.00037883 -0.09878240000000001 0.00439497
 0.36 2.04708 -0.08897819999999999 -1.5614 0.000370137 -0.0988392 0.00439287
 0.365 2.04807 -0.0891417 -1.56182 0.000362366 -0.09888959999999999 0.00439085
 0.37 2.04899 -0.08929339999999999 -1.56219 0.000355119 -0.09893680000000001 0.00438892
 0.375 2.04986 -0.089434 -1.56254 0.000348357 -0.098981 0.00438708
 0.38 2.05066 -0.0895644 -1.56285 0.000342046 -0.0990226 0.00438532
 0.385 2.04966 -0.0882241 -1.56568 0.000406139 -0.09906520000000001 0.00437522
 0.39 2.05072 -0.08841110000000001 -1.56611 0.000396795 -0.0991156 0.00437257
 0.395 2.05164 -0.08859889999999999 -1.56642 0.000387172 -0.0991616 0.00436949
 0.4 2.05241 -0.0887642 -1.56664 0.00037858 -0.0992017 0.00436653
 0.405 2.05313 -0.0889175 -1.56682 0.000370569 -0.09923940000000001 0.00436374
 0.41 2.05381 -0.0890596 -1.56699 0.000363097 -0.0992748 0.00436109
 0.415 2.05278 -0.0878184 -1.56955 0.000422251 -0.0993116 0.00435106
 0.42 2.05369 -0.0880108 -1.56984 0.000412124 -0.09935579999999999 0.00434768
 0.425 2.05449 -0.0882032 -1.57003 0.000401808 -0.0993964 0.00434395
 0.43 2.05516 -0.0883736 -1.57014 0.000392542 -0.0994317 0.00434039
 0.435 2.05578 -0.0885315 -1.57022 0.000383904 -0.0994651 0.00433703
 0.44 2.05637 -0.08867800000000001 -1.5703 0.000375849 -0.0994965 0.00433386
 0.445 2.05517 -0.08736960000000001 -1.57291 0.000438258 -0.0995299 0.00432335
 0.45 2.05604 -0.08757040000000001 -1.57314 0.000427384 -0.0995717 0.00431945
 0.455 2.05678 -0.0877711 -1.57325 0.000416331 -0.0996099 0.00431519
 0.46 2.05739 -0.08794829999999999 -1.57329 0.000406408 -0.0996428 0.00431112
 0.465 2.05797 -0.0881127 -1.57331 0.000397161 -0.0996739 0.00430729
 0.47 2.05851 -0.0882651 -1.57332 0.000388539 -0.09970329999999999 0.00430368
 0.475 2.05715 -0.0868785 -1.57604 0.000454903 -0.09973509999999999 0.00429278
 0.48 2.05801 -0.0870899 -1.57623 0.00044325 -0.0997765 0.00428843
 0.485 2.05875 -0.0873009 -1.57631 0.000431423 -0.099814 0.00428369
 0.49 2.05933 -0.087487 -1.5763 0.000420818 -0.0998459 0.00427917
 0.495 2.05989 -0.0876595 -1.57627 0.000410936 -0.0998761 0.00427491
 0.5 2.05872 -0.0864574 -1.57868 0.000468437 -0.099908 0.00426463
 0.505 2.05954 -0.0866768 -1.5788 0.000456156 -0.0999481 0.00425982
 0.51 2.06025 -0.08689429999999999 -1.57884 0.000443818 -0.0999849 0.00425471
 0.515 2.06083 -0.08708780000000001 -1.5788 0.000432679 -0.100017 0.00424985
 0.52 2.06138 -0.0872672 -1.57875 0.000422301 -0.100047 0.00424528
 0.525 2.06016 -0.0860389 -1.5812 0.000481308 -0.100079 0.00423496
 0.53 2.06099 -0.08626639999999999 -1.58131 0.000468467 -0.10012 0.00422983
 0.535 2.0617 -0.086492 -1.58133 0.000455584 -0.100157 0.0042244
 0.54 2.06228 -0.08669250000000001 -1.58127 0.000443954 -0.100189 0.00421923
 0.545 2.06284 -0.08687839999999999 -1.58121 0.00043312 -0.100219 0.00421437
 0.55 2.06155 -0.08560570000000001 -1.58375 0.000494589 -0.100252 0.004204
 0.555 2.0624 -0.0858424 -1.58385 0.000481165 -0.100293 0.00419859
 0.5600000000000001 2.06313 -0.08607670000000001 -1.58386 0.000467705 -0.100331 0.00419283
 0.5649999999999999 2.06372 -0.0862849 -1.58378 0.000455563 -0.100364 0.00418735
 0.57 2.06428 -0.0864779 -1.5837 0.000444253 -0.100395 0.0041822
 0.575 2.06293 -0.0851616 -1.58634 0.000508205 -0.100428 0.00417185
 0.58 2.0638 -0.085408 -1.58644 0.000494176 -0.100471 0.00416613
 0.585 2.06455 -0.0856517 -1.58644 0.00048012 -0.10051 0.00416004
 0.59 2.06516 -0.0858681 -1.58636 0.000467447 -0.100543 0.00415425
 0.595 2.06573 -0.08606850000000001 -1.58626 0.000455645 -0.100575 0.00414881
 0.6 2.06432 -0.0847112 -1.58899 0.000522012 -0.100609 0.00413853
 0.605 2.06523 -0.0849675 -1.5891 0.000507366 -0.100654 0.0041325
 0.61 2.066 -0.08522100000000001 -1.58909 0.000492701 -0.100694 0.00412609
 0.615 2.06662 -0.0854457 -1.58899 0.000479487 -0.100728 0.00411998
 0.62 2.06554 -0.0843551 -1.59127 0.000532694 -0.100764 0.00411031
 0.625 2.0664 -0.0846179 -1.59133 0.000517557 -0.100807 0.00410386
 0.63 2.06716 -0.0848758 -1.5913 0.000502552 -0.100847 0.00409717
 0.635 2.0678 -0.0851069 -1.5912 0.000488934 -0.100882 0.00409082
 0.64 2.06672 -0.08402129999999999 -1.59348 0.000542157 -0.100919 0.00408131
 0.645 2.0676 -0.08429 -1.59354 0.000526637 -0.100963 0.00407464
 0.65 2.06838 -0.0845535 -1.5935 0.000511269 -0.101004 0.00406773
 0.655 2.06903 -0.08478960000000001 -1.59339 0.000497317 -0.10104 0.00406117
 0.66 2.06792 -0.0836847 -1.59574 0.000551823 -0.101077 0.00405181
 0.665 2.06882 -0.0839596 -1.59579 0.000535907 -0.101122 0.00404493
 0.67 2.06962 -0.0842291 -1.59575 0.000520149 -0.101164 0.00403778
 0.675 2.07028 -0.08447060000000001 -1.59564 0.000505847 -0.1012 0.00403101
 0.68 2.06914 -0.0833453 -1.59804 0.00056171 -0.101238 0.00402181
 0.6850000000000001 2.07007 -0.0836268 -1.5981 0.000545379 -0.101285 0.00401471
 0.6899999999999999 2.07088 -0.0839027 -1.59806 0.000529212 -0.101327 0.00400733
 0.695 2.07155 -0.0841498 -1.59794 0.000514544 -0.101364 0.00400032
 0.7 2.07039 -0.0830055 -1.6004 0.000571725 -0.101403 0.00399132
 0.705 2.07134 -0.0832938 -1.60046 0.000554964 -0.101451 0.00398398
 0.71 2.07217 -0.08357630000000001 -1.60042 0.000538376 -0.101494 0.00397635
 0.715 2.07285 -0.08382920000000001 -1.6003 0.00052333 -0.101532 0.00396911
 0.72 2.07166 -0.0826674 -1.60281 0.000581782 -0.101571 0.00396032
 0.725 2.07263 -0.0829626 -1.60287 0.000564584 -0.10162 0.00395275
 0.73 2.07348 -0.0832518 -1.60283 0.000547566 -0.101665 0.00394487
 0.735 2.07418 -0.0835106 -1.60271 0.000532136 -0.101703 0.00393738
 0.74 2.07296 -0.08233260000000001 -1.60527 0.000591813 -0.101744 0.00392884
 0.745 2.07396 -0.08263479999999999 -1.60534 0.000574172 -0.101793 0.00392103
 0.75 2.07482 -0.0829308 -1.6053 0.000556721 -0.101839 0.00391289
 0.755 2.07554 -0.08319550000000001 -1.60517 0.000540902 -0.101878 0.00390515
 0.76 2.07429 -0.0820027 -1.60778 0.000601762 -0.101919 0.00389689
 0.765 2.07531 -0.08231189999999999 -1.60785 0.000583678 -0.10197 0.00388884
 0.77 2.07619 -0.0826146 -1.60781 0.000565792 -0.102017 0.00388043
 0.775 2.07692 -0.08288520000000001 -1.60768 0.000549583 -0.102057 0.00387244
 0.78 2.07565 -0.081679 -1.61034 0.000611584 -0.102099 0.00386449
 0.785 2.07669 -0.0819951 -1.61041 0.000593057 -0.102151 0.00385619
 0.79 2.07758 -0.0823045 -1.61037 0.000574737 -0.102198 0.00384751
 0.795 2.07833 -0.082581 -1.61024 0.000558139 -0.102239 0.00383927
 0.8 2.07703 -0.08136259999999999 -1.61295 0.000621241 -0.102281 0.00383165
 0.805 2.07809 -0.08168549999999999 -1.61302 0.000602273 -0.102334 0.0038231
 0.8100000000000001 2.07901 -0.0820015 -1.61298 0.0005835219999999999 -0.102382 0.00381416
 0.8149999999999999 2.07976 -0.082284 -1.61284 0.000566537 -0.102424 0.00380566
 0.82 2.07844 -0.0810546 -1.6156 0.000630699 -0.102467 0.00379841
 0.825 2.07952 -0.08138430000000001 -1.61568 0.000611294 -0.102521 0.00378962
 0.83 2.08045 -0.0817068 -1.61563 0.000592115 -0.10257 0.0037804
 0.835 2.08122 -0.0819949 -1.61549 0.000574747 -0.102612 0.00377164
 0.84 2.07988 -0.08075599999999999 -1.61829 0.00063993 -0.102656 0.0037648
 0.845 2.08098 -0.0810922 -1.61838 0.000620092 -0.102712 0.00375575
 0.85 2.08193 -0.0814211 -1.61833 0.000600491 -0.102761 0.00374627
 0.855 2.08271 -0.08171489999999999 -1.61819 0.000582743 -0.102804 0.00373725
 0.86 2.08134 -0.0804675 -1.62103 0.000648907 -0.102849 0.00373083
 0.865 2.08246 -0.0808103 -1.62112 0.000628642 -0.102905 0.00372153
 0.87 2.08342 -0.08114540000000001 -1.62107 0.000608624 -0.102955 0.00371178
 0.875 2.08421 -0.0814448 -1.62092 0.000590501 -0.102999 0.0037025
 0.88 2.08282 -0.0801902 -1.62381 0.000657605 -0.103044 0.00369654
 0.885 2.08396 -0.08053929999999999 -1.6239 0.000636921 -0.103101 0.003687
 0.89 2.08494 -0.0808806 -1.62385 0.000616492 -0.103152 0.00367698
 0.895 2.08405 -0.0799909 -1.62608 0.000663924 -0.103199 0.00367004
 0.9 2.08511 -0.0803439 -1.62609 0.000642861 -0.103254 0.00365992
 0.905 2.08606 -0.0806861 -1.62601 0.000622287 -0.103304 0.00364963
 0.91 2.08688 -0.08099480000000001 -1.62586 0.000603525 -0.103349 0.00363991
 0.915 2.0855 -0.079765 -1.62875 0.000670266 -0.103395 0.00363475
 0.92 2.08666 -0.08012229999999999 -1.62884 0.000648994 -0.103453 0.00362481
 0.925 2.08766 -0.0804715 -1.62879 0.000628003 -0.103505 0.00361438
 0.93 2.08675 -0.07957980000000001 -1.63106 0.0006763300000000001 -0.103553 0.00360808
 0.9350000000000001 2.08783 -0.0799412 -1.63107 0.000654677 -0.103609 0.00359756
 0.9399999999999999 2.0888 -0.0802915 -1.63099 0.000633527 -0.10366 0.00358687
 0.945 2.08793 -0.0794311 -1.63322 0.000680445 -0.103708 0.00358073
 0.95 2.08902 -0.0797949 -1.63323 0.000658602 -0.103764 0.00357005
 0.955 2.08999 -0.0801472 -1.63315 0.0006372870000000001 -0.103816 0.00355921
 0.96 2.08912 -0.07928830000000001 -1.63539 0.000684475 -0.103864 0.00355338
 0.965 2.09022 -0.0796544 -1.63541 0.000662445 -0.103921 0.00354257
 0.97 2.0912 -0.0800091 -1.63533 0.000640948 -0.103973 0.00353159
 0.975 2.09031 -0.07914939999999999 -1.63759 0.000688542 -0.104021 0.0035261
 0.98 2.09142 -0.0795182 -1.6376 0.000666314 -0.104078 0.00351514
 0.985 2.09241 -0.0798754 -1.63752 0.000644622 -0.10413 0.00350401
 0.99 2.09152 -0.0790154 -1.6398 0.000692605 -0.10418 0.00349885
 0.995 2.09263 -0.079387 -1.63982 0.000670168 -0.104237 0.00348774
 1 2.09363 -0.0797469 -1.63974 0.000648271 -0.104289 0.00347646
 1.005 2.09273 -0.07888729999999999 -1.64204 0.000696615 -0.104339 0.00347164
 1.01 2.09385 -0.0792617 -1.64205 0.000673961 -0.104396 0.00346038
 1.015 2.09485 -0.0796244 -1.64197 0.000651852 -0.104449 0.00344892
 1.02 2.09395 -0.0787658 -1.64429 0.000700528 -0.104499 0.00344444
 1.025 2.09508 -0.07914309999999999 -1.64431 0.000677654 -0.104557 0.00343303
 1.03 2.09609 -0.0795087 -1.64423 0.0006553280000000001 -0.10461 0.00342141
 1.035 2.09517 -0.0786517 -1.64656 0.000704311 -0.10466 0.00341728
 1.04 2.09631 -0.07903200000000001 -1.64658 0.000681213 -0.104718 0.0034057
 1.045 2.09733 -0.0794004 -1.6465 0.000658669 -0.104772 0.00339391
 1.05 2.09641 -0.07854559999999999 -1.64884 0.000707935 -0.104822 0.00339013
 1.055 2.09755 -0.0789289 -1.64886 0.000684612 -0.104881 0.00337839
 1.06 2.09857 -0.0793001 -1.64878 0.0006618490000000001 -0.104934 0.00336643
 1.065 2.09764 -0.078448 -1.65114 0.000711374 -0.104985 0.00336301
 1.07 2.0988 -0.07883419999999999 -1.65116 0.000687828 -0.105044 0.0033511
 1.075 2.09982 -0.0792083 -1.65108 0.000664848 -0.105098 0.00333898
 1.08 2.09889 -0.07835930000000001 -1.65345 0.0007146089999999999 -0.105149 0.00333591
 1.085 2.10005 -0.0787484 -1.65347 0.000690841 -0.105208 0.00332384
 1.09 2.10108 -0.0791253 -1.6534 0.000667645 -0.105262 0.00331155
 1.095 2.10014 -0.07828 -1.65578 0.000717623 -0.105313 0.00330886
 1.1 2.1013 -0.0786719 -1.6558 0.000693636 -0.105373 0.00329662
 1.105 2.10234 -0.0790515 -1.65572 0.000670227 -0.105427 0.00328416
 1.11 2.10139 -0.0782103 -1.65811 0.0007203999999999999 -0.105479 0.00328184
 1.115 2.10256 -0.07860499999999999 -1.65814 0.000696198 -0.105538 0.00326945
 1.12 2.10361 -0.07898719999999999 -1.65806 0.000672581 -0.105593 0.00325682
 1.125 2.10265 -0.0781506 -1.66046 0.000722928 -0.105644 0.00325488
 1.13 2.10383 -0.07854800000000001 -1.66048 0.000698515 -0.105704 0.00324232
 1.135 2.10488 -0.0789328 -1.6604 0.000674693 -0.105759 0.00322953
 1.14 2.10392 -0.07810110000000001 -1.66281 0.000725196 -0.105811 0.00322797
 1.145 2.1051 -0.078501 -1.66284 0.000700577 -0.105871 0.00321526
 1.15 2.10615 -0.07888829999999999 -1.66276 0.000676555 -0.105926 0.00320231
 1.155 2.10518 -0.07806200000000001 -1.66518 0.000727194 -0.105978 0.00320114
 1.16 2.10637 -0.0784644 -1.6652 0.000702375 -0.106038 0.00318828
 1.165 2.10742 -0.0788541 -1.66512 0.000678158 -0.106094 0.00317516
 1.17 2.10645 -0.07803359999999999 -1.66755 0.000728913 -0.106146 0.00317439
 1.175 2.10764 -0.0784383 -1.66757 0.000703899 -0.106206 0.00316137
 1.18 2.1087 -0.0788302 -1.66749 0.000679494 -0.106262 0.0031481
 1.185 2.10772 -0.0780159 -1.66992 0.000730346 -0.106313 0.00314772
 1.19 2.10892 -0.0784229 -1.66995 0.000705144 -0.106374 0.00313456
 1.195 2.10998 -0.078817 -1.66987 0.000680556 -0.10643 0.00312113
 1.2 2.109 -0.0780092 -1.6723 0.0007314860000000001 -0.106482 0.00312116
 1.205 2.11019 -0.0784183 -1.67233 0.000706102 -0.106543 0.00310784
 1.21 2.11125 -0.07881440000000001 -1.67225 0.000681338 -0.106598 0.00309427
 1.215 2.11027 -0.0780136 -1.67469 0.000732327 -0.10665 0.0030947
 1.22 2.11147 -0.0784247 -1.67472 0.000706769 -0.106711 0.00308125
 1.225 2.11253 -0.0788227 -1.67464 0.000681835 -0.106767 0.00306752
 1.23 2.11155 -0.0780291 -1.67708 0.000732863 -0.106819 0.00306837
 1.235 2.11275 -0.0784421 -1.67711 0.000707138 -0.10688 0.00305477
 1.24 2.11381 -0.07884190000000001 -1.67703 0.000682041 -0.106936 0.00304091
 1.245 2.11283 -0.0780559 -1.67947 0.00073309 -0.106988 0.00304217
 1.25 2.11402 -0.0784706 -1.6795 0.000707205 -0.107049 0.00302843
 1.255 2.11509 -0.0788721 -1.67942 0.000681953 -0.107105 0.00301443
 1.26 2.1141 -0.078094 -1.68187 0.000733004 -0.107157 0.0030161
 1.265 2.1153 -0.07851039999999999 -1.68189 0.000706966 -0.107219 0.00300224
 1.27 2.11637 -0.07891339999999999 -1.68181 0.000681566 -0.107274 0.0029881
 1.275 2.11538 -0.0781435 -1.68426 0.000732601 -0.107327 0.00299019
 1.28 2.11658 -0.0785613 -1.68429 0.000706417 -0.107388 0.0029762
 1.285 2.11764 -0.0789658 -1.68421 0.000680877 -0.107444 0.00296193
 1.29 2.11665 -0.07820439999999999 -1.68665 0.000731877 -0.107496 0.00296443
 1.295 2.11785 -0.0786236 -1.68668 0.000705557 -0.107557 0.00295032
 1.3 2.11892 -0.0790293 -1.6866 0.000679883 -0.107613 0.00293593
 1.305 2.11792 -0.07827679999999999 -1.68905 0.000730829 -0.107665 0.00293885
 1.31 2.11912 -0.07869719999999999 -1.68907 0.00070438 -0.107726 0.00292462
 1.315 2.12019 -0.07910399999999999 -1.68899 0.0006785819999999999 -0.107782 0.0029101
 1.32 2.11919 -0.0783605 -1.69144 0.0007294549999999999 -0.107834 0.00291344
 1.325 2.12039 -0.078782 -1.69146 0.000702886 -0.107895 0.00289909
 1.33 2.12146 -0.07918989999999999 -1.69138 0.000676971 -0.107951 0.00288447
 1.335 2.12046 -0.07845580000000001 -1.69383 0.000727753 -0.108002 0.00288822
 1.34 2.12166 -0.0788782 -1.69385 0.000701072 -0.108063 0.00287376
 1.345 2.12272 -0.079287 -1.69377 0.000675049 -0.108119 0.00285903
 1.35 2.12173 -0.0785624 -1.69621 0.000725721 -0.108171 0.00286319
 1.355 2.12292 -0.0789856 -1.69623 0.000698937 -0.108232 0.00284863
 1.36 2.12399 -0.0793951 -1.69615 0.000672815 -0.108287 0.00283379
 1.365 2.12299 -0.0786804 -1.69859 0.000723358 -0.108339 0.00283837
 1.37 2.12418 -0.0791042 -1.69861 0.00069648 -0.1084 0.00282371
 1.375 2.12524 -0.0795143 -1.69853 0.000670266 -0.108455 0.00280877
 1.38 2.12425 -0.0788097 -1.70096 0.000720662 -0.108507 0.00281375
 1.385 2.12544 -0.079234 -1.70098 0.000693699 -0.108567 0.00279901
 1.39 2.1265 -0.0796446 -1.7009 0.000667404 -0.108623 0.00278398
 1.395 2.1255 -0.0789502 -1.70333 0.000717633 -0.108674 0.00278936
 1.4 2.12669 -0.0793749 -1.70335 0.000690595 -0.108734 0.00277453
 1.405 2.12774 -0.0797858 -1.70327 0.000664226 -0.10879 0.00275941
 1.41 2.12675 -0.0791019 -1.70568 0.000714271 -0.108841 0.00276519
 1.415 2.12793 -0.07952679999999999 -1.70571 0.000687167 -0.108901 0.00275028
 1.42 2.12898 -0.07993790000000001 -1.70562 0.000660734 -0.108956 0.00273508
 1.425 2.12799 -0.0792646 -1.70803 0.000710577 -0.109007 0.00274126
 1.43 2.12917 -0.0796895 -1.70806 0.000683415 -0.109067 0.00272627
 1.435 2.13022 -0.0801007 -1.70797 0.000656928 -0.109122 0.002711
 1.44 2.12923 -0.0794383 -1.71037 0.000706549 -0.109173 0.00271757
 1.445 2.1304 -0.07986310000000001 -1.71039 0.000679341 -0.109232 0.00270251
 1.45 2.13145 -0.0802741 -1.71031 0.000652809 -0.109287 0.00268717
 1.455 2.13046 -0.0796227 -1.7127 0.00070219 -0.109337 0.00269412
 1.46 2.13163 -0.0800473 -1.71272 0.000674945 -0.109397 0.002679
 1.465 2.13267 -0.0804581 -1.71264 0.000648377 -0.109451 0.0026636
 1.47 2.13169 -0.07981779999999999 -1.71502 0.000697501 -0.109502 0.00267092
 1.475 2.13285 -0.08024199999999999 -1.71504 0.0006702290000000001 -0.109561 0.00265574
 1.48 2.13388 -0.0806524 -1.71496 0.000643635 -0.109615 0.00264029
 1.485 2.1329 -0.0800235 -1.71732 0.000692483 -0.109665 0.00264799
 1.49 2.13406 -0.08044709999999999 -1.71734 0.000665194 -0.109724 0.00263276
 1.495 2.13509 -0.0808569 -1.71726 0.000638585 -0.109777 0.00261725
 1.5 2.13412 -0.0802394 -1.71962 0.000687139 -0.109827 0.00262531
 1.505 2.13526 -0.08066230000000001 -1.71964 0.000659843 -0.109886 0.00261004
 1.51 2.13629 -0.0810714 -1.71955 0.000633228 -0.109939 0.00259449
 1.515 2.13532 -0.0804655 -1.72189 0.00068147 -0.109989 0.0026029
 1.52 2.13646 -0.0808875 -1.72191 0.0006541780000000001 -0.110047 0.00258759
 1.525 2.13748 -0.0812958 -1.72183 0.000627568 -0.1101 0.00257201
 1.53 2.13651 -0.0807015 -1.72416 0.00067548 -0.110149 0.00258077
 1.535 2.13765 -0.0811225 -1.72418 0.000648203 -0.110207 0.00256543
 1.54 2.13866 -0.0815297 -1.72409 0.000621606 -0.11026 0.00254982
 1.545 2.1377 -0.0809472 -1.7264 0.000669171 -0.110309 0.00255891
 1.55 2.13883 -0.08136699999999999 -1.72642 0.000641919 -0.110366 0.00254354
 1.555 2.13984 -0.0817732 -1.72634 0.000615348 -0.110419 0.00252792
 1.56 2.13888 -0.0812025 -1.72863 0.000662548 -0.110467 0.00253733
 1.565 2.14 -0.0816209 -1.72865 0.000635331 -0.110524 0.00252195
 1.57 2.141 -0.08202569999999999 -1.72857 0.000608796 -0.110576 0.00250631
 1.575 2.14005 -0.081467 -1.73085 0.000655613 -0.110625 0.00251604
 1.58 2.14116 -0.0818839 -1.73086 0.000628444 -0.110681 0.00250064
 1.585 2.14215 -0.08228729999999999 -1.73078 0.000601954 -0.110733 0.002485
 1.59 2.14121 -0.08174049999999999 -1.73304 0.000648372 -0.110781 0.00249503
 1.595 2.14231 -0.0821558 -1.73306 0.00062126 -0.110837 0.00247963
 1.6 2.1433 -0.08255750000000001 -1.73298 0.000594828 -0.110888 0.00246399
 1.605 2.14236 -0.0820227 -1.73522 0.000640828 -0.110936 0.00247431
 1.61 2.14345 -0.0824362 -1.73523 0.000613785 -0.110991 0.00245892
 1.615 2.14443 -0.0828362 -1.73515 0.000587421 -0.111042 0.00244329
 1.62 2.1435 -0.0823135 -1.73737 0.000632987 -0.111089 0.00245389
 1.625 2.14458 -0.08272500000000001 -1.73739 0.000606024 -0.111144 0.0024385
 1.63 2.14555 -0.083123 -1.73731 0.000579739 -0.111195 0.00242289
 1.635 2.14639 -0.083481 -1.73715 0.000555834 -0.111239 0.00240823
 1.64 2.14491 -0.0826847 -1.74006 0.000623285 -0.111285 0.00242789
 1.645 2.14607 -0.0830938 -1.74016 0.000596573 -0.111342 0.00241322
 1.65 2.14706 -0.0834936 -1.74011 0.000570182 -0.111394 0.00239773
 1.655 2.1461 -0.0829737 -1.74235 0.000616722 -0.11144 0.00240966
 1.66 2.14716 -0.08338329999999999 -1.74237 0.000589784 -0.111494 0.00239424
 1.665 2.14812 -0.0837799 -1.74229 0.000563498 -0.111544 0.00237855
 1.67 2.14894 -0.0841364 -1.74213 0.000539604 -0.111588 0.00236382
 1.675 2.14749 -0.0833786 -1.74498 0.000605549 -0.111632 0.00238412
 1.68 2.14862 -0.0837847 -1.74507 0.000578923 -0.111689 0.00236939
 1.685 2.14959 -0.0841816 -1.74502 0.000552624 -0.111739 0.00235387
 1.69 2.1504 -0.08453529999999999 -1.74486 0.000528853 -0.111782 0.00233916
 1.695 2.14892 -0.08377709999999999 -1.74773 0.000595714 -0.111826 0.00236052
 1.7 2.15004 -0.0841821 -1.74782 0.000569112 -0.111882 0.00234579
 1.705 2.15101 -0.0845781 -1.74777 0.000542815 -0.111932 0.00233024
 1.71 2.15181 -0.08493100000000001 -1.74761 0.000519055 -0.111974 0.00231549
 1.715 2.15034 -0.0841952 -1.75044 0.000584959 -0.112018 0.00233714
 1.72 2.15144 -0.0845984 -1.75053 0.00055842 -0.112073 0.00232237
 1.725 2.1524 -0.0849926 -1.75048 0.000532188 -0.112122 0.00230681
 1.73 2.15319 -0.0853438 -1.75032 0.000508484 -0.112164 0.00229207
 1.735 2.15174 -0.0846324 -1.7531 0.000573237 -0.112207 0.0023139
 1.74 2.15283 -0.08503280000000001 -1.75318 0.000546816 -0.112261 0.00229914
 1.745 2.15377 -0.08542429999999999 -1.75313 0.000520707 -0.11231 0.00228361
 1.75 2.15455 -0.0857733 -1.75298 0.000497111 -0.112351 0.0022689
 1.755 2.15313 -0.08508590000000001 -1.75571 0.000560681 -0.112393 0.00229091
 1.76 2.15419 -0.0854828 -1.75579 0.000534429 -0.112447 0.00227618
 1.765 2.15511 -0.0858709 -1.75574 0.000508491 -0.112494 0.00226071
 1.77 2.15588 -0.0862169 -1.75558 0.000485046 -0.112535 0.00224608
 1.775 2.15449 -0.0855532 -1.75826 0.00054741 -0.112577 0.00226821
 1.78 2.15553 -0.08594599999999999 -1.75834 0.0005213699999999999 -0.112629 0.00225355
 1.785 2.15644 -0.08633010000000001 -1.75829 0.000495645 -0.112676 0.00223817
 1.79 2.1572 -0.0866726 -1.75813 0.000472388 -0.112716 0.00222364
 1.795 2.15583 -0.0860322 -1.76076 0.000533521 -0.112757 0.00224588
 1.8 2.15685 -0.08642039999999999 -1.76083 0.000507731 -0.112808 0.00223131
 1.805 2.15774 -0.0867999 -1.76078 0.000482255 -0.112854 0.00221605
 1.81 2.15849 -0.08713849999999999 -1.76063 0.00045922 -0.112893 0.00220164
 1.815 2.15714 -0.0865211 -1.76321 0.000519092 -0.112934 0.00222395
 1.82 2.15814 -0.0869042 -1.76327 0.0004935850000000001 -0.112984 0.00220949
 1.825 2.15902 -0.0872788 -1.76322 0.00046839 -0.113029 0.00219437
 1.83 2.15976 -0.0876131 -1.76308 0.000445607 -0.113068 0.0021801
 1.835 2.15844 -0.0870184 -1.7656 0.000504186 -0.113107 0.00220244
 1.84 2.15942 -0.087396 -1.76566 0.000478993 -0.113156 0.00218811
 1.845 2.16028 -0.0877652 -1.76561 0.000454109 -0.1132 0.00217315
 1.85 2.161 -0.0880947 -1.76547 0.000431604 -0.113238 0.00215905
 1.855 2.15971 -0.08752260000000001 -1.76793 0.000488857 -0.113277 0.00218138
 1.86 2.16066 -0.08789429999999999 -1.76799 0.000464005 -0.113325 0.0021672
 1.865 2.16151 -0.08825769999999999 -1.76794 0.000439459 -0.113368 0.00215242
 1.87 2.16221 -0.0885823 -1.7678 0.000417258 -0.113406 0.00213849
 1.875 2.16096 -0.08803229999999999 -1.77021 0.000473151 -0.113443 0.00216076
 1.88 2.16189 -0.0883978 -1.77026 0.000448667 -0.11349 0.00214676
 1.885 2.16271 -0.08875520000000001 -1.77021 0.000424485 -0.113533 0.00213217
 1.89 2.16341 -0.0890743 -1.77008 0.000402609 -0.113569 0.00211844
 1.895 2.16218 -0.0885464 -1.77243 0.000457107 -0.113606 0.00214061
 1.9 2.16309 -0.08890530000000001 -1.77247 0.000433016 -0.113652 0.00212679
 1.905 2.16389 -0.0892563 -1.77243 0.000409222 -0.113693 0.00211242
 1.91 2.16457 -0.0895698 -1.77229 0.000387696 -0.113729 0.0020989
 1.915 2.16338 -0.0890637 -1.77458 0.000440764 -0.113765 0.00212092
 1.92 2.16426 -0.0894156 -1.77463 0.000417089 -0.11381 0.0021073
 1.925 2.16505 -0.0897599 -1.77458 0.000393707 -0.11385 0.00209316
 1.93 2.16571 -0.09006749999999999 -1.77445 0.000372551 -0.113885 0.00207987
 1.935 2.16455 -0.089583 -1.77668 0.000424154 -0.11392 0.0021017
 1.94 2.16541 -0.0899277 -1.77672 0.000400918 -0.113964 0.00208829
 1.945 2.16618 -0.0902649 -1.77667 0.000377972 -0.114003 0.00207439
 1.95 2.16683 -0.09056640000000001 -1.77655 0.000357206 -0.114037 0.00206135
 1.955 2.16744 -0.0908432 -1.77642 0.000338047 -0.114069 0.00204925
 1.96 2.1659 -0.0901955 -1.7791 0.000404859 -0.114103 0.00207923
 1.965 2.16679 -0.0905319 -1.77919 0.000382269 -0.114147 0.00206664
 1.97 2.16756 -0.0908643 -1.77917 0.00035967 -0.114186 0.0020531
 1.975 2.16819 -0.091159 -1.77905 0.00033933 -0.11422 0.0020403
 1.98 2.16878 -0.0914296 -1.77892 0.000320564 -0.114251 0.00202842
 1.985 2.16726 -0.09080050000000001 -1.78155 0.000386394 -0.114283 0.00205858
 1.99 2.16812 -0.09113010000000001 -1.78164 0.000364223 -0.114326 0.00204618
 1.995 2.16887 -0.091456 -1.78162 0.000342028 -0.114364 0.00203286
 2 2.16948 -0.0917449 -1.7815 0.000322051 -0.114396 0.00202027
 2.005 2.17006 -0.0920102 -1.78138 0.000303622 -0.114427 0.0020086
 2.01 2.16859 -0.0914166 -1.78391 0.00036683 -0.114458 0.00203805
 2.015 2.16942 -0.091738 -1.78399 0.000345154 -0.114499 0.00202585
 2.02 2.17014 -0.0920559 -1.78397 0.000323463 -0.114536 0.0020128
 2.025 2.17073 -0.092338 -1.78385 0.000303932 -0.114567 0.00200049
 2.03 2.17129 -0.092597 -1.78373 0.000285913 -0.114596 0.00198907
 2.035 2.16989 -0.09203939999999999 -1.78615 0.00034632 -0.114627 0.00201768
 2.04 2.17068 -0.0923514 -1.78623 0.000325224 -0.114666 0.00200573
 2.045 2.17137 -0.0926601 -1.7862 0.000304122 -0.114701 0.00199301
 2.05 2.17195 -0.09293419999999999 -1.78609 0.000285111 -0.114731 0.00198102
 2.055 2.17249 -0.093186 -1.78598 0.000267572 -0.11476 0.00196991
 2.06 2.17115 -0.09266340000000001 -1.78829 0.000325134 -0.114789 0.00199761
 2.065 2.17191 -0.09296509999999999 -1.78836 0.000304688 -0.114827 0.00198596
 2.07 2.17257 -0.0932637 -1.78833 0.000284241 -0.114861 0.00197361
 2.075 2.17312 -0.0935291 -1.78823 0.000265812 -0.114889 0.00196199
 2.08 2.17364 -0.0937728 -1.78812 0.000248811 -0.114917 0.00195122
 2.085 2.17413 -0.0939965 -1.78801 0.000233132 -0.114942 0.00194123
 2.09 2.17254 -0.09336700000000001 -1.79061 0.000301219 -0.11497 0.00197512
 2.095 2.1733 -0.0936569 -1.79072 0.000281639 -0.115007 0.0019643
 2.1 2.17395 -0.0939464 -1.79071 0.000261823 -0.11504 0.00195245
 2.105 2.17447 -0.09420199999999999 -1.79061 0.000244047 -0.115068 0.00194123
 2.11 2.17497 -0.0944368 -1.79051 0.000227648 -0.115094 0.00193083
 2.115 2.17544 -0.09465229999999999 -1.79041 0.000212525 -0.115118 0.00192118
 2.12 2.17391 -0.0940607 -1.79289 0.000277511 -0.115144 0.00195406
 2.125 2.17463 -0.0943391 -1.79298 0.000258669 -0.11518 0.00194357
 2.13 2.17524 -0.0946173 -1.79298 0.000239594 -0.115211 0.00193213
 2.135 2.17575 -0.09486319999999999 -1.79288 0.000222474 -0.115237 0.00192133
 2.14 2.17622 -0.0950891 -1.79279 0.00020668 -0.115262 0.00191131
 2.145 2.17666 -0.09529650000000001 -1.79269 0.000192113 -0.115285 0.00190203
 2.15 2.17524 -0.0947553 -1.795 0.00025261 -0.11531 0.00193306
 2.155 2.17591 -0.0950203 -1.79509 0.000234619 -0.115343 0.00192295
 2.16 2.17649 -0.0952853 -1.79508 0.000216418 -0.115372 0.001912
 2.165 2.17696 -0.0955199 -1.79499 0.000200068 -0.115397 0.00190169
 2.17 2.17741 -0.0957355 -1.7949 0.000184983 -0.11542 0.00189214
 2.175 2.17783 -0.0959334 -1.79481 0.000171069 -0.115443 0.00188327
 2.18 2.17823 -0.09611500000000001 -1.79472 0.000158241 -0.115463 0.00187506
 2.185 2.17665 -0.09551419999999999 -1.79718 0.000224793 -0.115486 0.00191003
 2.19 2.1773 -0.0957636 -1.79729 0.000207907 -0.115518 0.00190075
 2.195 2.17786 -0.09601519999999999 -1.79729 0.000190635 -0.115546 0.00189044
 2.2 2.1783 -0.0962368 -1.79721 0.000175178 -0.115569 0.00188069
 2.205 2.17872 -0.0964404 -1.79713 0.000160916 -0.115591 0.00187166
 2.21 2.17911 -0.09662750000000001 -1.79705 0.000147759 -0.115611 0.00186329
 2.215 2.17948 -0.0967991 -1.79696 0.000135628 -0.115631 0.00185552
 2.22 2.17803 -0.0962571 -1.79922 0.000196642 -0.115651 0.00188801
 2.225 2.17862 -0.0964901 -1.79931 0.000180821 -0.11568 0.0018792
 2.23 2.17913 -0.0967254 -1.79931 0.000164644 -0.115706 0.00186952
 2.235 2.17955 -0.09693309999999999 -1.79924 0.000150151 -0.115728 0.00186039
 2.24 2.17993 -0.097124 -1.79917 0.000136776 -0.115748 0.00185194
 2.245 2.1803 -0.09729939999999999 -1.7991 0.000124437 -0.115767 0.0018441
 2.25 2.18064 -0.09746050000000001 -1.79902 0.000113056 -0.115785 0.00183683
 2.255 2.18097 -0.09760820000000001 -1.79894 0.000102564 -0.115802 0.00183009
 2.26 2.17947 -0.0970492 -1.80121 0.000165304 -0.11582 0.00186412
 2.265 2.18002 -0.0972625 -1.80131 0.00015084 -0.115847 0.00185618
 2.27 2.18049 -0.09747980000000001 -1.80132 0.000135907 -0.115871 0.00184728
 2.275 2.18086 -0.09767099999999999 -1.80126 0.000122563 -0.11589 0.00183889
 2.28 2.18122 -0.0978468 -1.8012 0.000110247 -0.115909 0.00183112
 2.285 2.18155 -0.0980085 -1.80113 9.88812e-05 -0.115926 0.00182392
 2.29 2.18186 -0.09815690000000001 -1.80107 8.839630000000001e-05 -0.115942 0.00181724
 2.295 2.18215 -0.0982932 -1.801 7.87267e-05 -0.115957 0.00181104
 2.3 2.18243 -0.0984183 -1.80093 6.981149999999999e-05 -0.115972 0.0018053
 2.305 2.18269 -0.098533 -1.80086 6.15948e-05 -0.115986 0.00179998
 2.31 2.18105 -0.09791759999999999 -1.80325 0.000129926 -0.116001 0.00183779
 2.315 2.18156 -0.0981079 -1.80338 0.000117095 -0.116026 0.00183099
 2.32 2.18199 -0.0983049 -1.8034 0.000103593 -0.116047 0.00182304
 2.325 2.18232 -0.098477 -1.80335 9.159770000000001e-05 -0.116064 0.00181552
 2.33 2.18263 -0.0986354 -1.8033 8.05215e-05 -0.11608 0.00180855
 2.335 2.18292 -0.0987811 -1.80325 7.02961e-05 -0.116095 0.00180209
 2.34 2.18319 -0.098915 -1.80319 6.08583e-05 -0.11611 0.0017961
 2.345 2.18345 -0.09903820000000001 -1.80314 5.21493e-05 -0.116123 0.00179055
 2.35 2.18369 -0.0991513 -1.80308 4.41148e-05 -0.116136 0.0017854
 2.355 2.18391 -0.0992552 -1.80303 3.67044e-05 -0.116147 0.00178063
 2.36 2.18413 -0.0993506 -1.80297 2.98715e-05 -0.116159 0.00177621
 2.365 2.18433 -0.0994381 -1.80292 2.35727e-05 -0.116169 0.00177211
 2.37 2.18452 -0.0995182 -1.80286 1.7768e-05 -0.116179 0.00176831
 2.375 2.18284 -0.09888660000000001 -1.80524 8.74802e-05 -0.116191 0.00180756
 2.38 2.18327 -0.09904689999999999 -1.80537 7.67402e-05 -0.116212 0.00180206
 2.385 2.18364 -0.0992164 -1.80541 6.51766e-05 -0.11623 0.00179535
 2.39 2.18391 -0.09936349999999999 -1.80537 5.49618e-05 -0.116244 0.00178898
 2.395 2.18416 -0.09949909999999999 -1.80534 4.55224e-05 -0.116257 0.00178308
 2.4 2.1844 -0.099624 -1.8053 3.68007e-05 -0.11627 0.00177761
 2.405 2.18462 -0.0997391 -1.80526 2.8743e-05 -0.116281 0.00177254
 2.41 2.18483 -0.0998452 -1.80523 2.12994e-05 -0.116292 0.00176784
 2.415 2.18502 -0.0999428 -1.80519 1.44232e-05 -0.116302 0.00176348
 2.42 2.18521 -0.100033 -1.80515 8.07314e-06 -0.116312 0.00175944
 2.425 2.18538 -0.100116 -1.80512 2.20874e-06 -0.116321 0.0017557
 2.43 2.18554 -0.100192 -1.80508 -3.20676e-06 -0.116329 0.00175223
 2.435 2.18569 -0.100262 -1.80505 -8.20647e-06 -0.116337 0.00174901
 2.44 2.18583 -0.100326 -1.80501 -1.2822e-05 -0.116344 0.00174603
 2.445 2.18597 -0.100386 -1.80498 -1.70824e-05 -0.116351 0.00174327
 2.45 2.18609 -0.10044 -1.80494 -2.1015e-05 -0.116358 0.00174071
 2.455 2.18621 -0.10049 -1.80491 -2.46447e-05 -0.116364 0.00173833
 2.46 2.18632 -0.100536 -1.80487 -2.79949e-05 -0.11637 0.00173613
 2.465 2.18642 -0.100579 -1.80484 -3.10871e-05 -0.116375 0.0017341
 2.47 2.18652 -0.100618 -1.80481 -3.39412e-05 -0.11638 0.00173221
 2.475 2.18661 -0.100654 -1.80478 -3.65758e-05 -0.116385 0.00173045
 2.48 2.18669 -0.100687 -1.80475 -3.90081e-05 -0.116389 0.00172883
 2.485 2.18677 -0.100717 -1.80473 -4.1254e-05 -0.116393 0.00172733
 2.49 2.18684 -0.100745 -1.8047 -4.33283e-05 -0.116397 0.00172593
 2.495 2.18691 -0.100771 -1.80467 -4.52445e-05 -0.116401 0.00172464
 2.5 2.18698 -0.100794 -1.80465 -4.70154e-05 -0.116404 0.00172344
 2.505 2.18704 -0.100816 -1.80463 -4.86528e-05 -0.116407 0.00172233
 2.51 2.18709 -0.100836 -1.8046 -5.01678e-05 -0.11641 0.0017213
 2.515 2.18715 -0.100855 -1.80458 -5.1571e-05 -0.116413 0.00172035
 2.52 2.18719 -0.100872 -1.80457 -5.28702e-05 -0.116416 0.00171947
 2.525 2.18724 -0.100888 -1.80455 -5.40738e-05 -0.116418 0.00171865
 2.53 2.18728 -0.100903 -1.80453 -5.51846e-05 -0.11642 0.00171789
 2.535 2.18732 -0.100916 -1.80452 -5.61928e-05 -0.116422 0.0017172
 2.54 2.18736 -0.100928 -1.8045 -5.71005e-05 -0.116424 0.00171657
 2.545 2.18739 -0.100939 -1.80449 -5.79128e-05 -0.116426 0.001716
 2.55 2.18742 -0.100948 -1.80448 -5.86297e-05 -0.116428 0.00171549
 2.555 2.18745 -0.100956 -1.80447 -5.92517e-05 -0.116429 0.00171503
 2.56 2.18748 -0.100962 -1.80446 -5.9779e-05 -0.116431 0.00171463
 2.565 2.18751 -0.100967 -1.80445 -6.02121e-05 -0.116432 0.00171428
 2.57 2.18754 -0.100971 -1.80444 -6.05512e-05 -0.116433 0.00171398
 2.575 2.18757 -0.100973 -1.80444 -6.07966e-05 -0.116435 0.00171374
 2.58 2.18759 -0.100974 -1.80443 -6.09486e-05 -0.116436 0.00171355
 2.585 2.18762 -0.100973 -1.80442 -6.10074e-05 -0.116437 0.00171341
 2.59 2.18765 -0.100971 -1.80442 -6.09734e-05 -0.116438 0.00171332
 2.595 2.18767 -0.100967 -1.80441 -6.08467e-05 -0.116439 0.00171327
 2.6 2.1877 -0.100962 -1.80441 -6.06276e-05 -0.11644 0.00171328
 2.605 2.18632 -0.104152 -1.80603 -0.000161993 -0.116441 0.00179501
 2.61 2.18655 -0.104036 -1.80617 -0.000155476 -0.116447 0.00179644
 2.615 2.18673 -0.103886 -1.80626 -0.00014775 -0.116452 0.00179798
 2.62 2.18686 -0.103752 -1.80628 -0.00014109 -0.116456 0.0017993
 2.625 2.18698 -0.103625 -1.8063 -0.000134783 -0.11646 0.00180057
 2.63 2.18709 -0.103505 -1.80633 -0.000128796 -0.116463 0.00180182
 2.635 2.18726 -0.106674 -1.8061 -0.000264214 -0.116466 0.00184456
 2.64 2.1874 -0.106409 -1.80615 -0.000249939 -0.116469 0.00184882
 2.645 2.18751 -0.10611 -1.80619 -0.000233705 -0.11647 0.0018539
 2.65 2.1876 -0.105841 -1.80621 -0.000219146 -0.116471 0.00185849
 2.655 2.18769 -0.105588 -1.80623 -0.000205479 -0.116472 0.00186282
 2.66 2.188 -0.108788 -1.8058 -0.000344143 -0.116472 0.00190604
 2.665 2.18811 -0.108398 -1.80585 -0.000322556 -0.116473 0.00191337
 2.67 2.18819 -0.107977 -1.80589 -0.000299236 -0.116471 0.0019214
 2.675 2.18826 -0.107595 -1.80591 -0.000278094 -0.11647 0.0019287
 2.68 2.18854 -0.110483 -1.80549 -0.000401685 -0.116467 0.0019721
 2.685 2.18863 -0.109989 -1.80553 -0.000374119 -0.116465 0.00198184
 2.69 2.18869 -0.109475 -1.80556 -0.000345393 -0.116462 0.00199205
 2.695 2.18874 -0.109006 -1.80559 -0.000319177 -0.116459 0.00200141
 2.7 2.18903 -0.112159 -1.80511 -0.0004534 -0.116455 0.00205051
 2.705 2.18912 -0.111573 -1.80516 -0.00042049 -0.116451 0.00206238
 2.71 2.18917 -0.110967 -1.8052 -0.000386459 -0.116447 0.0020747
 2.715 2.18921 -0.110413 -1.80522 -0.000355367 -0.116442 0.00208598
 2.72 2.18951 -0.113885 -1.80469 -0.000502597 -0.116436 0.00214128
 2.725 2.1896 -0.113206 -1.80475 -0.000464375 -0.116432 0.00215524
 2.73 2.18965 -0.112507 -1.80478 -0.000425016 -0.116426 0.00216964
 2.735 2.18989 -0.115225 -1.80434 -0.000537377 -0.116418 0.00222043
 2.74 2.18995 -0.114464 -1.80439 -0.000494438 -0.116412 0.0022362
 2.745 2.18999 -0.1137 -1.80442 -0.00045129 -0.116404 0.00225206
 2.75 2.19024 -0.116491 -1.80396 -0.000566058 -0.116395 0.00230575
 2.755 2.1903 -0.115664 -1.80402 -0.000519356 -0.116388 0.00232296
 2.76 2.19033 -0.114836 -1.80405 -0.00047257 -0.11638 0.00234023
 2.765 2.1906 -0.11778 -1.80356 -0.000593336 -0.11637 0.00239753
 2.77 2.19066 -0.116889 -1.80362 -0.00054292 -0.116363 0.00241617
 2.775 2.19069 -0.115997 -1.80366 -0.000492472 -0.116353 0.00243484
 2.78 2.19096 -0.1191 -1.80314 -0.00061947 -0.116343 0.00249581
 2.785 2.19103 -0.118143 -1.8032 -0.000565318 -0.116334 0.00251588
 2.79 2.19105 -0.117186 -1.80324 -0.000511178 -0.116324 0.00253595
 2.795 2.19134 -0.120446 -1.8027 -0.00064432 -0.116313 0.00260057
 2.8 2.19141 -0.119423 -1.80276 -0.000586412 -0.116304 0.00262208
 2.805 2.19144 -0.118401 -1.80281 -0.000528565 -0.116293 0.00264355
 2.81 2.19173 -0.121815 -1.80223 -0.000667731 -0.11628 0.00271179
 2.815 2.1918 -0.120726 -1.8023 -0.000606061 -0.116271 0.00273472
 2.82 2.19183 -0.119639 -1.80235 -0.0005445 -0.116259 0.0027576
 2.825 2.19214 -0.123204 -1.80175 -0.000689575 -0.116245 0.00282941
 2.83 2.19221 -0.12205 -1.80182 -0.000624145 -0.116235 0.00285377
 2.835 2.19245 -0.124212 -1.80141 -0.000705275 -0.116221 0.00291484
 2.84 2.19249 -0.122991 -1.80147 -0.000636044 -0.116208 0.00294059
 2.845 2.19271 -0.125069 -1.80105 -0.000712961 -0.116193 0.00300201
 2.85 2.19275 -0.123808 -1.80111 -0.000641463 -0.116179 0.00302861
 2.855 2.19297 -0.125929 -1.80068 -0.0007197320000000001 -0.116164 0.00309164
 2.86 2.19301 -0.12463 -1.80074 -0.000646081 -0.11615 0.00311905
 2.865 2.19324 -0.126803 -1.80031 -0.000726189 -0.116134 0.00318381
 2.87 2.19328 -0.125466 -1.80037 -0.000650369 -0.116119 0.00321205
 2.875 2.19352 -0.127691 -1.79993 -0.000732306 -0.116103 0.00327855
 2.88 2.19357 -0.126316 -1.79999 -0.000654294 -0.116088 0.00330761
 2.885 2.19381 -0.128593 -1.79954 -0.000738004 -0.116071 0.00337584
 2.89 2.19386 -0.127179 -1.79961 -0.000657781 -0.116056 0.00340575
 2.895 2.19411 -0.129506 -1.79914 -0.0007432060000000001 -0.116039 0.00347571
 2.9 2.19416 -0.128053 -1.79921 -0.000660762 -0.116023 0.00350644
 2.905 2.19441 -0.130429 -1.79873 -0.00074785 -0.116005 0.00357812
 2.91 2.19446 -0.128937 -1.79881 -0.000663176 -0.11599 0.0036097
 2.915 2.19472 -0.131361 -1.79832 -0.000751879 -0.115971 0.00368308
 2.92 2.19478 -0.129831 -1.7984 -0.000664972 -0.115955 0.0037155
 2.925 2.19504 -0.132301 -1.7979 -0.000755244 -0.115936 0.00379058
 2.93 2.1951 -0.130732 -1.79798 -0.000666105 -0.115919 0.00382383
 2.935 2.19537 -0.133249 -1.79747 -0.000757902 -0.1159 0.00390058
 2.94 2.19543 -0.131641 -1.79755 -0.000666535 -0.115883 0.00393468
 2.945 2.19571 -0.134203 -1.79704 -0.000759816 -0.115863 0.00401309
 2.95 2.19577 -0.132556 -1.79712 -0.000666229 -0.115845 0.00404802
 2.955 2.19605 -0.135162 -1.79659 -0.000760954 -0.115825 0.00412807
 2.96 2.19612 -0.133477 -1.79668 -0.000665157 -0.115807 0.00416383
 2.965 2.1964 -0.136127 -1.79614 -0.000761289 -0.115786 0.0042455
 2.97 2.19647 -0.134403 -1.79623 -0.000663293 -0.115768 0.00428209
 2.975 2.19675 -0.137095 -1.79568 -0.000760795 -0.115746 0.00436536
 2.98 2.19682 -0.135334 -1.79578 -0.000660614 -0.115728 0.00440277
 2.985 2.19711 -0.138068 -1.79522 -0.000759451 -0.115705 0.00448762
 2.99 2.19719 -0.136268 -1.79531 -0.000657101 -0.115686 0.00452584
 2.995 2.19748 -0.139044 -1.79475 -0.000757238 -0.115663 0.00461226
 3 2.19756 -0.137207 -1.79484 -0.000652737 -0.115644 0.00465128
 3.005 2.19785 -0.140022 -1.79427 -0.000754139 -0.115621 0.00473923
 3.01 2.19793 -0.138149 -1.79437 -0.000647507 -0.115601 0.00477906
 3.015 2.19823 -0.141003 -1.79378 -0.000750141 -0.115577 0.00486852
 3.02 2.19831 -0.139093 -1.79388 -0.000641397 -0.115557 0.00490914
 3.025 2.19862 -0.141986 -1.79329 -0.00074523 -0.115533 0.00500009
 3.03 2.1987 -0.14004 -1.79339 -0.000634397 -0.115512 0.00504149
 3.035 2.19901 -0.142971 -1.79279 -0.000739396 -0.115487 0.0051339
 3.04 2.19909 -0.140988 -1.7929 -0.000626496 -0.115466 0.00517608
 3.045 2.1994 -0.143957 -1.79228 -0.000732628 -0.115441 0.00526993
 3.05 2.19949 -0.141939 -1.79239 -0.000617685 -0.11542 0.00531287
 3.055 2.1998 -0.144943 -1.79177 -0.000724918 -0.115393 0.00540813
 3.06 2.19989 -0.142891 -1.79188 -0.000607957 -0.115372 0.00545183
 3.065 2.20021 -0.14593 -1.79125 -0.000716259 -0.115345 0.00554848
 3.07 2.2003 -0.143844 -1.79137 -0.000597305 -0.115323 0.00559292
 3.075 2.20062 -0.146918 -1.79073 -0.000706643 -0.115296 0.00569093
 3.08 2.20071 -0.144797 -1.79084 -0.000585723 -0.115274 0.0057361
 3.085 2.20103 -0.147905 -1.7902 -0.000696066 -0.115246 0.00583544
 3.09 2.20113 -0.145751 -1.79031 -0.0005732069999999999 -0.115223 0.00588134
 3.095 2.20145 -0.148892 -1.78966 -0.000684521 -0.115195 0.00598198
 3.1 2.20155 -0.146706 -1.78978 -0.0005597519999999999 -0.115172 0.0060286
 3.105 2.20188 -0.149879 -1.78912 -0.0006720059999999999 -0.115143 0.00613052
 3.11 2.20198 -0.14766 -1.78924 -0.000545355 -0.115119 0.00617783
 3.115 2.2023 -0.150864 -1.78857 -0.000658515 -0.11509 0.006281
 3.12 2.20241 -0.148613 -1.78869 -0.000530012 -0.115066 0.006329
 3.125 2.20274 -0.151849 -1.78801 -0.000644047 -0.115036 0.00643339
 3.13 2.20284 -0.149567 -1.78814 -0.00051372 -0.115012 0.00648207
 3.135 2.20317 -0.152832 -1.78746 -0.000628598 -0.114982 0.00658765
 3.14 2.20328 -0.150519 -1.78759 -0.000496479 -0.114957 0.00663699
 3.145 2.20361 -0.153813 -1.78689 -0.000612166 -0.114926 0.00674373
 3.15 2.20372 -0.15147 -1.78702 -0.000478286 -0.114901 0.00679373
 3.155 2.20405 -0.154792 -1.78632 -0.000594749 -0.11487 0.0069016
 3.16 2.20416 -0.15242 -1.78646 -0.00045914 -0.114845 0.00695224
 3.165 2.2045 -0.155769 -1.78575 -0.0005763469999999999 -0.114813 0.00706121
 3.17 2.20461 -0.153368 -1.78589 -0.00043904 -0.114787 0.00711247
 3.175 2.20495 -0.156744 -1.78517 -0.000556958 -0.114755 0.00722251
 3.18 2.20506 -0.154315 -1.78531 -0.000417987 -0.114729 0.0072744
 3.185 2.2054 -0.157716 -1.78459 -0.000536582 -0.114696 0.00738547
 3.19 2.2057 -0.15845 -1.78429 -0.0005363949999999999 -0.114668 0.00747168
 3.195 2.20584 -0.155915 -1.78445 -0.000391361 -0.114642 0.00752592
 3.2 2.20613 -0.159089 -1.78374 -0.000499291 -0.114607 0.00763566
 3.205 2.20641 -0.1598 -1.78343 -0.000497472 -0.114578 0.00772272
 3.21 2.20655 -0.157232 -1.78359 -0.000350457 -0.114551 0.00777766
 3.215 2.20684 -0.160442 -1.78286 -0.000459403 -0.114515 0.007888610000000001
 3.22 2.20712 -0.161159 -1.78255 -0.000457329 -0.114485 0.00797669
 3.225 2.20726 -0.158559 -1.78271 -0.000308346 -0.114458 0.008032340000000001
 3.23 2.20755 -0.161804 -1.78198 -0.000418278 -0.114421 0.008144490000000001
 3.235 2.20783 -0.162527 -1.78166 -0.000415885 -0.114391 0.008233570000000001
 3.24 2.20798 -0.159893 -1.78183 -0.000264949 -0.114363 0.008289940000000001
 3.245 2.20826 -0.163171 -1.78108 -0.000375736 -0.114326 0.008403239999999999
 3.25 2.20855 -0.163898 -1.78076 -0.000372964 -0.114295 0.008493280000000001
 3.255 2.20869 -0.161232 -1.78093 -0.000220101 -0.114267 0.00855035
 3.26 2.20898 -0.16454 -1.78017 -0.000331626 -0.114229 0.008664740000000001
 3.265 2.20927 -0.165269 -1.77985 -0.000328424 -0.114198 0.00875571
 3.27 2.20941 -0.162573 -1.78002 -0.000173675 -0.114169 0.00881346
 3.275 2.2097 -0.165907 -1.77926 -0.000285827 -0.11413 0.0089289
 3.28 2.08223 -0.194272 -1.68627 -0.000480626 -0.107563 0.0135215
 3.285 1.70845 -0.272427 -1.41524 -0.000904922 -0.08840430000000001 0.0267527
 3.29 1.64604 -0.282897 -1.36889 -0.0007862 -0.0852241 0.0285981
 3.295 1.35588 -0.327293 -1.15793 -0.000269624 -0.0705699 0.0373485
 3.3 1.29002 -0.32978 -1.11341 9.97314e-05 -0.06734229999999999 0.0390204
 3.305 1.17123 -0.334634 -1.02545 0.00101982 -0.0614854 0.0413379
 3.31 0.848966 -0.342859 -0.788696 0.0036544 -0.0457001 0.0473906
 3.315 0.731226 -0.341312 -0.703584 0.0047514 -0.0399973 0.0493212
 3.32 0.839656 -0.325965 -0.782262 0.00455212 -0.0453691 0.0464771
 3.325 0.9396910000000001 -0.314262 -0.854657 0.00424157 -0.0503309 0.043872
 3.33 1.02299 -0.302512 -0.916873 0.00401334 -0.054501 0.0416496
 3.335 1.08075 -0.29134 -0.964353 0.00383574 -0.057491 0.0399819
 3.34 1.16353 -0.281439 -1.02356 0.00362934 -0.061566 0.0378677
 3.345 1.24025 -0.272397 -1.07838 0.00343536 -0.0653397 0.0359162
 3.35 1.20281 -0.269632 -1.05055 0.00374213 -0.0634525 0.0361912
 3.355 0.947094 -0.277722 -0.864852 0.00504305 -0.0507517 0.0406705
 3.36 0.914204 -0.274874 -0.840398 0.00531765 -0.0490808 0.0409001
 3.365 0.658989 -0.282706 -0.655081 0.00658538 -0.0363778 0.0453499
 3.37 0.619555 -0.280377 -0.62421 0.00692676 -0.0343383 0.0456996
 3.375 0.329706 -0.28984 -0.408595 0.00846862 -0.0197872 0.0506679
 3.38 0.361526 -0.286179 -0.417816 0.00891318 -0.0210474 0.049668
 3.385 -0.109674 -0.369668 0.277019 0.0209384 0.009731989999999999 0.0549974
 3.39 -1.16582 -0.588646 1.96954 0.05095 0.081305 0.0658977
 3.395 -1.40144 -0.585498 2.14593 0.0529782 0.0923286 0.0692859
 3.4 -1.99573 -0.606836 2.70093 0.0603301 0.123017 0.0771386
 3.405 -2.27383 -0.652158 3.16754 0.0681512 0.141689 0.0788814
 3.41 -3.10821 -0.801431 4.51217 0.0897101 0.197257 0.08608059999999999
 3.415 -3.12401 -0.772934 4.41506 0.08700380000000001 0.195535 0.0867656
 3.42 -3.44939 -0.764855 4.60442 0.0871542 0.210131 0.09208139999999999
 3.425 -3.45323 -0.739077 4.51216 0.0847229 0.208151 0.0924851
 3.43 -3.75414 -0.736704 4.69122 0.0847045 0.221814 0.0977112
 3.435 -3.87556 -0.764229 4.93709 0.0878843 0.229113 0.0981134
 3.44 -4.67332 -0.87881 6.25139 0.108043 0.277214 0.101667
 3.445 -4.67695 -0.868911 6.36949 0.109514 0.277812 0.0987745
 3.45 -5.51212 -0.94086 7.6484 0.125486 0.326547 0.101899
 3.455 -5.43455 -0.916893 7.63955 0.12482 0.322533 0.09849869999999999
 3.46 -6.19697 -0.968117 8.81141 0.138066 0.367484 0.100709
 3.465 -6.08345 -0.941211 8.64288 0.134762 0.360778 0.10103
 3.47 -6.93541 -0.993394 9.67562 0.144665 0.409733 0.113709
 3.475 -6.84392 -0.963645 9.704359999999999 0.145696 0.405894 0.108359
 3.48 -7.45389 -0.9953920000000001 10.6007 0.154765 0.441225 0.109792
 3.485 -7.33381 -1.05826 10.6011 0.162561 0.438544 0.109049
 3.49 -7.85289 -1.2532 11.5347 0.188015 0.475872 0.115422
 3.495 -7.76059 -1.14676 11.3055 0.182805 0.46302 0.100828
 3.5 -8.45459 -0.980535 12.191 0.193045 0.487958 0.06528390000000001
 3.505 -8.035600000000001 -0.9139350000000001 11.7766 0.187847 0.466338 0.060551
 3.51 -8.264810000000001 -0.89903 12.3934 0.19466 0.484786 0.0577605
 3.515 -8.03328 -0.867572 12.0946 0.188608 0.471362 0.0574169
 3.52 -8.568619999999999 -0.882698 12.9069 0.194767 0.5025230000000001 0.0600417
 3.525 -8.258760000000001 -0.848732 12.5236 0.188503 0.485405 0.058824
 3.53 -8.802580000000001 -0.869447 13.3239 0.194414 0.517621 0.0619404
 3.535 -8.46752 -0.8299609999999999 12.8899 0.191533 0.49755 0.0534781
 3.54 -8.97866 -0.837477 13.6299 0.206966 0.524218 0.0366595
 3.545 -8.739050000000001 -0.874987 13.2895 0.20619 0.512621 0.0417911
 3.55 -9.58948 -1.11056 14.4331 0.231197 0.567442 0.0606425
 3.555 -9.27084 -1.12233 13.9862 0.227797 0.55063 0.0638474
 3.56 -10.0602 -1.32545 15.0518 0.250005 0.601294 0.0801123
 3.565 -9.71458 -1.31852 14.5686 0.245148 0.582396 0.08177570000000001
 3.57 -10.4931 -1.49969 15.6187 0.265762 0.631937 0.0963608
 3.575 -10.1232 -1.47709 15.1031 0.259666 0.61119 0.09671680000000001
 3.58 -10.8933 -1.63907 16.141 0.278888 0.65982 0.109835
 3.585 -10.3645 -1.53258 15.4557 0.265238 0.628726 0.103532
 3.59 -10.7274 -1.47129 16.0737 0.264165 0.6511940000000001 0.0991167
 3.595 -10.2535 -1.36543 15.4043 0.254677 0.619474 0.086089
 3.6 -10.7534 -1.28059 16.0586 0.263642 0.638783 0.0604


