# Created by Octave 3.8.2, Mon May 25 09:48:24 2015 CST <waldronluo@Debian>
# name: approachSig
# type: matrix
# rows: 723
# columns: 7
 0 0.0375657 -0.00170152 -0.0284831 4.31391e-06 -0.00180521 8.30314e-05
 0.005 0.185079 -0.00838305 -0.140331 2.12538e-05 -0.00889393 0.00040908
 0.01 0.321796 -0.0145756 -0.243993 3.69539e-05 -0.0154638 0.000711265
 0.015 0.448506 -0.0203148 -0.340067 5.15049e-05 -0.0215529 0.000991334
 0.02 0.5659419999999999 -0.025634 -0.42911 6.49908e-05 -0.0271963 0.0012509
 0.025 0.6747840000000001 -0.0305639 -0.511636 7.74893e-05 -0.0324266 0.00149147
 0.03 0.775659 -0.0351329 -0.588121 8.90722e-05 -0.0372742 0.00171444
 0.035 0.869152 -0.0393675 -0.659007 9.98062e-05 -0.041767 0.00192108
 0.04 0.955802 -0.0432921 -0.724705 0.000109753 -0.045931 0.00211259
 0.045 1.03611 -0.0469294 -0.785593 0.000118971 -0.0497903 0.00229009
 0.05 1.11054 -0.0503004 -0.842024 0.000127512 -0.0533672 0.00245459
 0.055 1.17953 -0.0534247 -0.894324 0.000135427 -0.0566823 0.00260705
 0.06 1.24346 -0.0563202 -0.942794 0.000142759 -0.0597549 0.00274834
 0.065 1.30272 -0.0590037 -0.987716 0.000149553 -0.06260259999999999 0.00287929
 0.07000000000000001 1.35764 -0.0614907 -1.02935 0.000155846 -0.06524190000000001 0.00300065
 0.075 1.40854 -0.06379559999999999 -1.06793 0.000161676 -0.0676882 0.00311313
 0.08 1.45572 -0.0659317 -1.10369 0.000167076 -0.0699555 0.00321736
 0.08500000000000001 1.49944 -0.06791129999999999 -1.13683 0.000172077 -0.07205689999999999 0.00331397
 0.09 1.53997 -0.069746 -1.16754 0.000176708 -0.07400470000000001 0.00340349
 0.095 1.57753 -0.0714462 -1.19601 0.000180997 -0.0758099 0.00348646
 0.1 1.61234 -0.0730219 -1.22238 0.000184967 -0.0774832 0.00356334
 0.105 1.6446 -0.0744821 -1.24683 0.000188642 -0.0790341 0.00363459
 0.11 1.67451 -0.07583529999999999 -1.26948 0.000192043 -0.0804715 0.00370062
 0.115 1.70223 -0.0770893 -1.29047 0.00019519 -0.0818039 0.00376181
 0.12 1.72791 -0.0782514 -1.30992 0.000198102 -0.083039 0.00381851
 0.125 1.75173 -0.0793282 -1.32795 0.000200795 -0.0841837 0.00387105
 0.13 1.7738 -0.0803261 -1.34466 0.000203285 -0.0852448 0.00391974
 0.135 1.79425 -0.0812507 -1.36013 0.000205586 -0.0862284 0.00396485
 0.14 1.81321 -0.0821075 -1.37448 0.000207713 -0.0871401 0.00400665
 0.145 1.83078 -0.0829013 -1.38777 0.000209678 -0.0879853 0.00404538
 0.15 1.84707 -0.0836369 -1.40008 0.000211492 -0.08876879999999999 0.00408127
 0.155 1.86217 -0.0843184 -1.41149 0.000213167 -0.08949509999999999 0.00411451
 0.16 1.87617 -0.08494980000000001 -1.42206 0.000214712 -0.0901684 0.00414531
 0.165 1.88763 -0.08423509999999999 -1.43408 0.000276783 -0.090796 0.00416465
 0.17 1.89996 -0.08483839999999999 -1.44332 0.000274948 -0.0913872 0.00419008
 0.175 1.91133 -0.085411 -1.45181 0.000272387 -0.0919344 0.00421317
 0.18 1.92179 -0.08593339999999999 -1.45962 0.000270341 -0.09243899999999999 0.00423453
 0.185 1.93149 -0.08641740000000001 -1.46685 0.000268437 -0.0929068 0.00425431
 0.19 1.94048 -0.0868656 -1.47355 0.000266663 -0.0933406 0.00427263
 0.195 1.94881 -0.08728080000000001 -1.47976 0.000265011 -0.0937429 0.00428959
 0.2 1.95654 -0.0876654 -1.4855 0.00026347 -0.0941159 0.0043053
 0.205 1.9637 -0.0880215 -1.49082 0.000262033 -0.0944619 0.00431984
 0.21 1.97034 -0.08835129999999999 -1.49575 0.000260692 -0.0947827 0.0043333
 0.215 1.97649 -0.0886566 -1.50031 0.00025944 -0.0950804 0.00434576
 0.22 1.9822 -0.0889392 -1.50453 0.00025827 -0.09535639999999999 0.00435729
 0.225 1.98592 -0.0878591 -1.51074 0.00032012 -0.0956159 0.00435882
 0.23 1.99113 -0.08816690000000001 -1.51452 0.000315748 -0.0958658 0.00436773
 0.235 1.99591 -0.0884653 -1.51795 0.000310841 -0.0960968 0.0043755
 0.24 2.00027 -0.0887337 -1.52106 0.000306616 -0.09630850000000001 0.00438265
 0.245 2.0043 -0.08898200000000001 -1.52394 0.00030269 -0.0965048 0.00438926
 0.25 2.00804 -0.0892119 -1.5266 0.000299041 -0.0966871 0.00439536
 0.255 2.01152 -0.0894245 -1.52906 0.000295647 -0.09685630000000001 0.004401
 0.26 2.01474 -0.0896212 -1.53134 0.000292491 -0.0970135 0.00440621
 0.265 2.01772 -0.0898032 -1.53344 0.000289554 -0.09715940000000001 0.00441102
 0.27 2.0205 -0.08997140000000001 -1.53538 0.000286821 -0.0972949 0.00441545
 0.275 2.02137 -0.0886863 -1.53966 0.000352219 -0.09742439999999999 0.00441009
 0.28 2.02409 -0.0889023 -1.54149 0.00034617 -0.0975548 0.00441285
 0.285 2.02655 -0.089116 -1.54311 0.000339669 -0.09767480000000001 0.00441486
 0.29 2.02875 -0.089305 -1.54453 0.000333998 -0.0977833 0.00441667
 0.295 2.03079 -0.0894797 -1.54584 0.000328729 -0.0978842 0.00441833
 0.3 2.03268 -0.0896411 -1.54705 0.000323834 -0.097978 0.00441984
 0.305 2.03444 -0.08979040000000001 -1.54817 0.000319285 -0.09806529999999999 0.00442121
 0.31 2.03607 -0.0899282 -1.54919 0.000315056 -0.0981465 0.00442247
 0.315 2.03595 -0.08867999999999999 -1.55252 0.000376349 -0.09822549999999999 0.00441495
 0.32 2.03767 -0.0888668 -1.55355 0.000369153 -0.09830849999999999 0.00441501
 0.325 2.03922 -0.08905299999999999 -1.55442 0.000361615 -0.09838479999999999 0.00441453
 0.33 2.04057 -0.0892169 -1.55517 0.000354961 -0.0984531 0.00441403
 0.335 2.04182 -0.0893684 -1.55585 0.000348782 -0.0985167 0.00441354
 0.34 2.04299 -0.0895083 -1.55647 0.000343041 -0.098576 0.00441306
 0.345 2.04408 -0.08963740000000001 -1.55704 0.000337707 -0.09863139999999999 0.00441259
 0.35 2.04347 -0.0884108 -1.5599 0.000396894 -0.0986863 0.004404
 0.355 2.04472 -0.0885889 -1.56053 0.000388794 -0.0987469 0.00440259
 0.36 2.04583 -0.0887669 -1.56104 0.000380427 -0.0988025 0.00440075
 0.365 2.04677 -0.0889233 -1.56144 0.000372999 -0.0988516 0.00439898
 0.37 2.04766 -0.0890678 -1.56181 0.000366099 -0.0988976 0.00439731
 0.375 2.04848 -0.08920110000000001 -1.56214 0.000359691 -0.0989405 0.00439573
 0.38 2.04924 -0.08932420000000001 -1.56244 0.000353737 -0.09898079999999999 0.00439424
 0.385 2.0482 -0.0879776 -1.56526 0.00041817 -0.0990222 0.0043844
 0.39 2.04921 -0.0881575 -1.56568 0.000409169 -0.0990714 0.00438202
 0.395 2.05009 -0.08833779999999999 -1.56597 0.000399908 -0.0991161 0.00437922
 0.4 2.05081 -0.0884953 -1.56617 0.000391696 -0.0991548 0.00437655
 0.405 2.05149 -0.0886407 -1.56635 0.00038407 -0.099191 0.00437404
 0.41 2.05212 -0.0887748 -1.5665 0.000376988 -0.0992251 0.00437169
 0.415 2.05104 -0.0875266 -1.56905 0.000436511 -0.0992605 0.00436193
 0.42 2.05191 -0.08771139999999999 -1.56933 0.00042676 -0.0993034 0.00435885
 0.425 2.05266 -0.0878958 -1.5695 0.000416836 -0.0993426 0.00435543
 0.43 2.05328 -0.0880577 -1.56959 0.000407981 -0.0993764 0.00435217
 0.435 2.05385 -0.08820699999999999 -1.56967 0.00039976 -0.0994082 0.00434911
 0.44 2.05439 -0.0883448 -1.56972 0.000392126 -0.0994381 0.00434625
 0.445 2.05313 -0.0870293 -1.57232 0.000454928 -0.0994699 0.00433604
 0.45 2.05395 -0.0872218 -1.57253 0.000444457 -0.0995104 0.00433246
 0.455 2.05465 -0.0874138 -1.57264 0.000433825 -0.0995471 0.00432852
 0.46 2.05521 -0.08758199999999999 -1.57266 0.000424345 -0.09957829999999999 0.00432478
 0.465 2.05573 -0.0877372 -1.57266 0.000415543 -0.09960769999999999 0.00432128
 0.47 2.05621 -0.08788029999999999 -1.57266 0.000407372 -0.0996355 0.004318
 0.475 2.0548 -0.0864863 -1.57536 0.000474153 -0.09966559999999999 0.00430742
 0.48 2.05561 -0.0866889 -1.57554 0.000462928 -0.09970560000000001 0.00430341
 0.485 2.05628 -0.0868908 -1.5756 0.00045155 -0.09974139999999999 0.00429901
 0.49 2.05681 -0.0870672 -1.57557 0.000441416 -0.0997716 0.00429483
 0.495 2.05731 -0.0872299 -1.57553 0.00043201 -0.0998 0.00429092
 0.5 2.05609 -0.0860199 -1.57791 0.000489952 -0.09983019999999999 0.00428098
 0.505 2.05685 -0.0862299 -1.57802 0.000478126 -0.0998687 0.00427653
 0.51 2.0575 -0.0864378 -1.57804 0.000466261 -0.0999038 0.00427177
 0.515 2.05802 -0.0866212 -1.57798 0.000455617 -0.0999337 0.00426727
 0.52 2.0585 -0.0867903 -1.57792 0.000445738 -0.0999621 0.00426306
 0.525 2.05723 -0.0855538 -1.58035 0.000505205 -0.09999230000000001 0.00425308
 0.53 2.058 -0.08577170000000001 -1.58045 0.000492839 -0.100031 0.00424834
 0.535 2.05865 -0.0859871 -1.58045 0.000480451 -0.100067 0.00424328
 0.54 2.05917 -0.086177 -1.58037 0.000469339 -0.100097 0.00423848
 0.545 2.05966 -0.0863522 -1.58029 0.000459026 -0.100125 0.004234
 0.55 2.05831 -0.0850712 -1.5828 0.000520971 -0.100156 0.00422399
 0.555 2.05909 -0.08529779999999999 -1.5829 0.000508042 -0.100196 0.00421896
 0.5600000000000001 2.05976 -0.08552170000000001 -1.58288 0.000495098 -0.100232 0.00421359
 0.5649999999999999 2.06028 -0.0857188 -1.58279 0.000483495 -0.100262 0.0042085
 0.57 2.06078 -0.08590059999999999 -1.58269 0.000472728 -0.100291 0.00420374
 0.575 2.05936 -0.084576 -1.5853 0.000537171 -0.100322 0.00419375
 0.58 2.06017 -0.0848119 -1.58539 0.000523655 -0.100364 0.00418844
 0.585 2.06086 -0.0850447 -1.58537 0.000510134 -0.100401 0.00418275
 0.59 2.06139 -0.08524959999999999 -1.58526 0.000498021 -0.100432 0.00417736
 0.595 2.06189 -0.0854385 -1.58515 0.000486783 -0.100461 0.00417233
 0.6 2.06041 -0.0840727 -1.58785 0.000553655 -0.100493 0.00416242
 0.605 2.06125 -0.0843183 -1.58795 0.000539539 -0.100536 0.00415681
 0.61 2.06196 -0.08456039999999999 -1.58792 0.000525428 -0.100574 0.00415081
 0.615 2.0625 -0.0847733 -1.5878 0.000512795 -0.100606 0.00414511
 0.62 2.06135 -0.0836736 -1.59006 0.000566529 -0.10064 0.00413583
 0.625 2.06215 -0.08392520000000001 -1.5901 0.000551944 -0.100681 0.00412981
 0.63 2.06284 -0.0841715 -1.59004 0.000537512 -0.100719 0.00412354
 0.635 2.0634 -0.0843904 -1.58992 0.00052449 -0.100752 0.00411761
 0.64 2.06225 -0.0832956 -1.59219 0.000578252 -0.100786 0.00410849
 0.645 2.06306 -0.0835528 -1.59222 0.000563297 -0.100828 0.00410226
 0.65 2.06376 -0.0838043 -1.59216 0.000548516 -0.100867 0.00409578
 0.655 2.06433 -0.08402800000000001 -1.59204 0.000535174 -0.1009 0.00408965
 0.66 2.06315 -0.0829138 -1.59435 0.000590228 -0.100935 0.00408068
 0.665 2.06398 -0.083177 -1.59439 0.000574889 -0.100978 0.00407424
 0.67 2.0647 -0.08343440000000001 -1.59433 0.0005597310000000001 -0.101018 0.00406754
 0.675 2.06528 -0.0836631 -1.5942 0.000546055 -0.101052 0.0040612
 0.68 2.06407 -0.08252859999999999 -1.59657 0.000602473 -0.101087 0.00405241
 0.6850000000000001 2.06492 -0.0827981 -1.59661 0.0005867309999999999 -0.101131 0.00404576
 0.6899999999999999 2.06565 -0.0830616 -1.59655 0.000571177 -0.101172 0.00403882
 0.695 2.06625 -0.0832957 -1.59641 0.000557148 -0.101206 0.00403226
 0.7 2.06501 -0.0821422 -1.59884 0.000614891 -0.101243 0.00402366
 0.705 2.06588 -0.0824183 -1.59888 0.000598731 -0.101288 0.00401679
 0.71 2.06663 -0.0826882 -1.59882 0.000582767 -0.101329 0.00400961
 0.715 2.06723 -0.0829278 -1.59868 0.0005683729999999999 -0.101365 0.00400282
 0.72 2.06596 -0.0817568 -1.60116 0.000627393 -0.101402 0.00399444
 0.725 2.06686 -0.08203969999999999 -1.6012 0.000610806 -0.101448 0.00398734
 0.73 2.06762 -0.0823161 -1.60114 0.000594423 -0.10149 0.00397992
 0.735 2.06824 -0.0825613 -1.60099 0.000579657 -0.101526 0.00397289
 0.74 2.06694 -0.0813743 -1.60352 0.000639908 -0.101564 0.00396475
 0.745 2.06785 -0.081664 -1.60357 0.000622888 -0.101611 0.00395742
 0.75 2.06863 -0.0819469 -1.60351 0.000606082 -0.101654 0.00394974
 0.755 2.06926 -0.0821978 -1.60336 0.0005909380000000001 -0.101691 0.00394247
 0.76 2.06793 -0.0809961 -1.60594 0.000652377 -0.101729 0.00393461
 0.765 2.06887 -0.08129260000000001 -1.60599 0.000634921 -0.101778 0.00392704
 0.77 2.06967 -0.081582 -1.60592 0.000617691 -0.101822 0.0039191
 0.775 2.07031 -0.0818387 -1.60577 0.000602168 -0.101859 0.00391158
 0.78 2.06895 -0.0806236 -1.6084 0.000664752 -0.101898 0.00390403
 0.785 2.06991 -0.0809269 -1.60845 0.000646861 -0.101948 0.00389621
 0.79 2.07072 -0.0812228 -1.60839 0.000629206 -0.101993 0.00388802
 0.795 2.07137 -0.0814853 -1.60823 0.000613304 -0.102031 0.00388025
 0.8 2.06999 -0.0802581 -1.61091 0.00067699 -0.10207 0.00387303
 0.805 2.07097 -0.0805681 -1.61096 0.000658666 -0.102121 0.00386497
 0.8100000000000001 2.0718 -0.0808705 -1.61089 0.000640588 -0.102167 0.00385651
 0.8149999999999999 2.07246 -0.08113860000000001 -1.61073 0.000624308 -0.102205 0.00384848
 0.82 2.07105 -0.07990070000000001 -1.61346 0.000689056 -0.102246 0.00384164
 0.825 2.07205 -0.08021730000000001 -1.61351 0.000670302 -0.102297 0.00383333
 0.83 2.07289 -0.0805261 -1.61345 0.000651804 -0.102344 0.00382461
 0.835 2.07357 -0.0807998 -1.61328 0.000635149 -0.102383 0.00381632
 0.84 2.07213 -0.0795524 -1.61605 0.000700918 -0.102424 0.00380987
 0.845 2.07315 -0.0798755 -1.61611 0.000681737 -0.102477 0.00380132
 0.85 2.07401 -0.0801905 -1.61604 0.000662823 -0.102524 0.00379233
 0.855 2.07469 -0.08046970000000001 -1.61587 0.000645796 -0.102564 0.00378378
 0.86 2.07323 -0.0792142 -1.61868 0.000712546 -0.102605 0.00377776
 0.865 2.07427 -0.07954360000000001 -1.61875 0.000692943 -0.102659 0.00376896
 0.87 2.07514 -0.0798648 -1.61868 0.000673618 -0.102707 0.0037597
 0.875 2.07584 -0.0801494 -1.61851 0.000656224 -0.102747 0.0037509
 0.88 2.07435 -0.0788869 -1.62136 0.0007239119999999999 -0.102789 0.00374532
 0.885 2.07541 -0.0792226 -1.62142 0.000703894 -0.102844 0.00373628
 0.89 2.07629 -0.0795498 -1.62136 0.000684164 -0.102892 0.00372675
 0.895 2.07531 -0.07865080000000001 -1.62355 0.000732213 -0.102936 0.00372021
 0.9 2.07628 -0.07899 -1.62353 0.000711836 -0.102988 0.00371058
 0.905 2.07713 -0.0793179 -1.62343 0.000691972 -0.103035 0.00370079
 0.91 2.07785 -0.0796116 -1.62326 0.00067395 -0.103077 0.00369155
 0.915 2.07638 -0.0783742 -1.62611 0.000741273 -0.10312 0.00368676
 0.92 2.07745 -0.0787181 -1.62617 0.000720673 -0.103175 0.00367732
 0.925 2.07835 -0.079053 -1.6261 0.000700389 -0.103225 0.00366738
 0.93 2.07735 -0.07815229999999999 -1.62834 0.000749331 -0.10327 0.00366146
 0.9350000000000001 2.07834 -0.07849979999999999 -1.62833 0.000728369 -0.103322 0.00365145
 0.9399999999999999 2.07921 -0.07883560000000001 -1.62823 0.000707937 -0.103371 0.00364124
 0.945 2.07825 -0.0779662 -1.63042 0.000755471 -0.103416 0.00363548
 0.95 2.07924 -0.078316 -1.63041 0.000734322 -0.103469 0.0036253
 0.955 2.08012 -0.0786538 -1.6303 0.000713727 -0.103518 0.00361495
 0.96 2.07915 -0.07778599999999999 -1.63251 0.000761529 -0.103563 0.0036095
 0.965 2.08015 -0.0781382 -1.6325 0.000740195 -0.103616 0.00359918
 0.97 2.08104 -0.0784783 -1.6324 0.00071942 -0.103665 0.00358869
 0.975 2.08005 -0.07761 -1.63462 0.000767624 -0.103711 0.00358357
 0.98 2.08107 -0.0779647 -1.63461 0.000746093 -0.103765 0.0035731
 0.985 2.08196 -0.0783074 -1.63451 0.000725124 -0.103814 0.00356245
 0.99 2.08097 -0.0774389 -1.63675 0.000773714 -0.10386 0.00355766
 0.995 2.08199 -0.0777964 -1.63675 0.000751974 -0.103914 0.00354705
 1 2.08288 -0.07814169999999999 -1.63664 0.0007308 -0.103964 0.00353624
 1.005 2.08188 -0.0772738 -1.6389 0.000779747 -0.10401 0.00353178
 1.01 2.08291 -0.0776343 -1.6389 0.00075779 -0.104064 0.00352101
 1.015 2.08382 -0.07798239999999999 -1.6388 0.000736405 -0.104114 0.00351004
 1.02 2.08281 -0.07711560000000001 -1.64107 0.00078568 -0.104161 0.00350591
 1.025 2.08384 -0.07747900000000001 -1.64107 0.000763501 -0.104216 0.00349498
 1.03 2.08475 -0.07783 -1.64097 0.000741901 -0.104266 0.00348384
 1.035 2.08374 -0.07696500000000001 -1.64326 0.000791477 -0.104312 0.00348005
 1.04 2.08478 -0.07733139999999999 -1.64325 0.000769074 -0.104368 0.00346896
 1.045 2.0857 -0.0776852 -1.64315 0.0007472549999999999 -0.104418 0.00345765
 1.05 2.08467 -0.07682269999999999 -1.64546 0.000797107 -0.104465 0.0034542
 1.055 2.08572 -0.0771921 -1.64545 0.000774479 -0.104521 0.00344294
 1.06 2.08664 -0.0775487 -1.64535 0.0007524400000000001 -0.104571 0.00343146
 1.065 2.08561 -0.0766891 -1.64767 0.000802546 -0.104618 0.00342836
 1.07 2.08667 -0.0770614 -1.64767 0.000779692 -0.104674 0.00341693
 1.075 2.08759 -0.077421 -1.64757 0.000757435 -0.104725 0.00340527
 1.08 2.08656 -0.0765647 -1.6499 0.000807771 -0.104773 0.00340253
 1.085 2.08762 -0.07693999999999999 -1.6499 0.000784693 -0.104829 0.00339093
 1.09 2.08855 -0.0773023 -1.64979 0.000762219 -0.10488 0.0033791
 1.095 2.0875 -0.07645 -1.65214 0.000812764 -0.104928 0.00337671
 1.1 2.08857 -0.0768281 -1.65214 0.000789465 -0.104984 0.00336496
 1.105 2.08951 -0.0771932 -1.65203 0.000766776 -0.105035 0.00335295
 1.11 2.08846 -0.0763452 -1.65439 0.000817509 -0.105083 0.00335093
 1.115 2.08953 -0.07672619999999999 -1.65439 0.000793992 -0.10514 0.003339
 1.12 2.09047 -0.077094 -1.65428 0.000771091 -0.105192 0.00332683
 1.125 2.08941 -0.07625079999999999 -1.65665 0.000821991 -0.105239 0.00332517
 1.13 2.09049 -0.07663449999999999 -1.65665 0.000798261 -0.105296 0.00331308
 1.135 2.09143 -0.0770049 -1.65654 0.000775152 -0.105348 0.00330074
 1.14 2.09037 -0.0761669 -1.65891 0.000826199 -0.105396 0.00329945
 1.145 2.09145 -0.0765532 -1.65892 0.000802259 -0.105453 0.0032872
 1.15 2.0924 -0.0769262 -1.65881 0.000778948 -0.105505 0.00327469
 1.155 2.09133 -0.07609390000000001 -1.66119 0.000830122 -0.105554 0.00327378
 1.16 2.09242 -0.0764827 -1.66119 0.0008059779999999999 -0.105611 0.00326137
 1.165 2.09337 -0.0768581 -1.66109 0.000782469 -0.105663 0.00324869
 1.17 2.0923 -0.0760318 -1.66348 0.00083375 -0.105711 0.00324817
 1.175 2.09339 -0.07642309999999999 -1.66348 0.000809406 -0.105769 0.0032356
 1.18 2.09434 -0.0768008 -1.66338 0.000785705 -0.105821 0.00322276
 1.185 2.09326 -0.07598100000000001 -1.66577 0.000837073 -0.105869 0.00322263
 1.19 2.09436 -0.0763746 -1.66577 0.000812537 -0.105927 0.0032099
 1.195 2.09531 -0.0767545 -1.66567 0.000788648 -0.105979 0.0031969
 1.2 2.09423 -0.0759415 -1.66806 0.000840085 -0.106028 0.00319716
 1.205 2.09533 -0.0763374 -1.66806 0.000815362 -0.106086 0.00318428
 1.21 2.09628 -0.07671939999999999 -1.66796 0.000791292 -0.106138 0.00317112
 1.215 2.0952 -0.0759136 -1.67036 0.000842777 -0.106186 0.00317177
 1.22 2.0963 -0.07631159999999999 -1.67036 0.000817874 -0.106244 0.00315875
 1.225 2.09726 -0.0766956 -1.67026 0.00079363 -0.106297 0.00314544
 1.23 2.09617 -0.0758973 -1.67266 0.0008451450000000001 -0.106345 0.00314648
 1.235 2.09727 -0.0762972 -1.67267 0.000820068 -0.106403 0.00313331
 1.24 2.09823 -0.07668320000000001 -1.67257 0.0007956560000000001 -0.106456 0.00311985
 1.245 2.09714 -0.0758928 -1.67497 0.000847181 -0.106504 0.00312129
 1.25 2.09824 -0.0762945 -1.67498 0.000821938 -0.106562 0.00310798
 1.255 2.0992 -0.07668229999999999 -1.67487 0.000797365 -0.106615 0.00309437
 1.26 2.09811 -0.0759 -1.67728 0.00084888 -0.106664 0.00309622
 1.265 2.09921 -0.0763035 -1.67728 0.000823479 -0.106722 0.00308277
 1.27 2.10017 -0.07669289999999999 -1.67718 0.000798751 -0.106774 0.00306902
 1.275 2.09908 -0.07591920000000001 -1.67959 0.000850239 -0.106823 0.00307127
 1.28 2.10018 -0.0763243 -1.67959 0.000824685 -0.106881 0.00305768
 1.285 2.10114 -0.0767152 -1.67949 0.000799811 -0.106933 0.0030438
 1.29 2.10005 -0.0759503 -1.6819 0.000851251 -0.106982 0.00304644
 1.295 2.10115 -0.07635690000000001 -1.6819 0.000825554 -0.10704 0.00303273
 1.3 2.10211 -0.0767492 -1.6818 0.00080054 -0.107092 0.00301871
 1.305 2.10102 -0.0759933 -1.6842 0.0008519139999999999 -0.107141 0.00302176
 1.31 2.10212 -0.07640130000000001 -1.68421 0.000826081 -0.107199 0.00300792
 1.315 2.10308 -0.0767949 -1.68411 0.000800936 -0.107251 0.00299377
 1.32 2.10198 -0.0760484 -1.68651 0.000852225 -0.1073 0.00299723
 1.325 2.10308 -0.0764575 -1.68651 0.000826263 -0.107358 0.00298326
 1.33 2.10404 -0.0768523 -1.68641 0.000800994 -0.10741 0.00296899
 1.335 2.10295 -0.0761154 -1.68881 0.000852179 -0.107459 0.00297285
 1.34 2.10404 -0.0765256 -1.68882 0.000826098 -0.107516 0.00295877
 1.345 2.105 -0.0769214 -1.68871 0.000800714 -0.107569 0.00294438
 1.35 2.10391 -0.0761944 -1.69111 0.000851775 -0.107617 0.00294863
 1.355 2.105 -0.0766056 -1.69112 0.000825583 -0.107675 0.00293444
 1.36 2.10596 -0.07700220000000001 -1.69101 0.000800091 -0.107727 0.00291994
 1.365 2.10487 -0.0762854 -1.6934 0.000851011 -0.107775 0.00292459
 1.37 2.10596 -0.0766973 -1.69341 0.000824717 -0.107833 0.00291029
 1.375 2.10692 -0.0770947 -1.69331 0.000799125 -0.107885 0.00289569
 1.38 2.10582 -0.0763882 -1.69569 0.000849884 -0.107933 0.00290073
 1.385 2.10691 -0.0768008 -1.6957 0.000823497 -0.10799 0.00288633
 1.39 2.10787 -0.0771988 -1.6956 0.000797815 -0.108042 0.00287162
 1.395 2.10677 -0.0765028 -1.69798 0.000848394 -0.10809 0.00287705
 1.4 2.10786 -0.076916 -1.69798 0.000821922 -0.108147 0.00286256
 1.405 2.10882 -0.07731449999999999 -1.69788 0.000796159 -0.108199 0.00284775
 1.41 2.10772 -0.07662919999999999 -1.70025 0.00084654 -0.108247 0.00285357
 1.415 2.10881 -0.07704270000000001 -1.70026 0.000819993 -0.108304 0.00283898
 1.42 2.10976 -0.0774416 -1.70015 0.000794157 -0.108356 0.00282409
 1.425 2.10867 -0.0767673 -1.70252 0.000844321 -0.108403 0.00283029
 1.43 2.10975 -0.077181 -1.70252 0.000817708 -0.10846 0.00281562
 1.435 2.1107 -0.07758 -1.70242 0.000791808 -0.108511 0.00280064
 1.44 2.10961 -0.0769169 -1.70478 0.000841738 -0.108559 0.00280721
 1.445 2.11068 -0.0773306 -1.70478 0.000815068 -0.108615 0.00279246
 1.45 2.11163 -0.0777297 -1.70468 0.000789114 -0.108667 0.00277741
 1.455 2.11055 -0.0770779 -1.70702 0.00083879 -0.108714 0.00278435
 1.46 2.11162 -0.0774915 -1.70703 0.000812074 -0.10877 0.00276953
 1.465 2.11256 -0.0778906 -1.70693 0.000786074 -0.108821 0.00275441
 1.47 2.11148 -0.0772501 -1.70926 0.000835479 -0.108868 0.00276171
 1.475 2.11254 -0.0776636 -1.70926 0.000808726 -0.108924 0.00274682
 1.48 2.11348 -0.0780624 -1.70916 0.000782691 -0.108975 0.00273164
 1.485 2.1124 -0.0774335 -1.71149 0.000831805 -0.109021 0.00273929
 1.49 2.11346 -0.0778466 -1.71149 0.000805025 -0.109077 0.00272434
 1.495 2.11439 -0.078245 -1.71139 0.000778965 -0.109128 0.0027091
 1.5 2.11332 -0.0776278 -1.7137 0.000827771 -0.109174 0.0027171
 1.505 2.11438 -0.0780404 -1.7137 0.000800974 -0.109229 0.0027021
 1.51 2.1153 -0.0784382 -1.7136 0.000774898 -0.10928 0.00268681
 1.515 2.11424 -0.0778329 -1.7159 0.000823378 -0.109326 0.00269515
 1.52 2.11528 -0.0782447 -1.7159 0.000796575 -0.109381 0.0026801
 1.525 2.11621 -0.078642 -1.7158 0.000770493 -0.109431 0.00266477
 1.53 2.11514 -0.07804850000000001 -1.71808 0.000818629 -0.109477 0.00267344
 1.535 2.11619 -0.0784595 -1.71808 0.00079183 -0.109531 0.00265835
 1.54 2.1171 -0.07885590000000001 -1.71799 0.000765753 -0.109581 0.00264298
 1.545 2.11605 -0.0782745 -1.72025 0.000813527 -0.109627 0.00265197
 1.55 2.11708 -0.0786845 -1.72025 0.000786743 -0.109681 0.00263685
 1.555 2.11799 -0.07907989999999999 -1.72015 0.00076068 -0.10973 0.00262144
 1.56 2.11694 -0.0785106 -1.7224 0.000808075 -0.109775 0.00263075
 1.565 2.11797 -0.0789195 -1.72241 0.000781317 -0.109829 0.0026156
 1.57 2.11887 -0.0793138 -1.72231 0.000755279 -0.109878 0.00260017
 1.575 2.11783 -0.0787566 -1.72454 0.000802277 -0.109923 0.00260978
 1.58 2.11885 -0.0791641 -1.72454 0.000775555 -0.109976 0.00259461
 1.585 2.11975 -0.07955719999999999 -1.72444 0.000749553 -0.110025 0.00257917
 1.59 2.11871 -0.0790122 -1.72666 0.000796137 -0.11007 0.00258906
 1.595 2.11972 -0.07941819999999999 -1.72666 0.0007694620000000001 -0.110123 0.00257388
 1.6 2.12061 -0.0798098 -1.72656 0.000743506 -0.110171 0.00255843
 1.605 2.11958 -0.0792771 -1.72876 0.00078966 -0.110215 0.0025686
 1.61 2.12059 -0.07968160000000001 -1.72876 0.000763043 -0.110268 0.00255341
 1.615 2.12147 -0.08007160000000001 -1.72866 0.000737144 -0.110315 0.00253797
 1.62 2.12045 -0.0795512 -1.73084 0.00078285 -0.110359 0.00254841
 1.625 2.12144 -0.07995380000000001 -1.73084 0.0007563030000000001 -0.110411 0.00253322
 1.63 2.12232 -0.0803421 -1.73075 0.000730472 -0.110459 0.00251778
 1.635 2.12307 -0.0806896 -1.73057 0.000707063 -0.1105 0.00250328
 1.64 2.1215 -0.07989980000000001 -1.73343 0.000774525 -0.110542 0.00252267
 1.645 2.12257 -0.080301 -1.73351 0.000748181 -0.110597 0.0025082
 1.65 2.12347 -0.08069170000000001 -1.73345 0.000722214 -0.110646 0.00249289
 1.655 2.12242 -0.08017489999999999 -1.73565 0.000768852 -0.110689 0.00250462
 1.66 2.1234 -0.0805762 -1.73565 0.000742303 -0.11074 0.00248937
 1.665 2.12426 -0.08096349999999999 -1.73556 0.000716445 -0.110786 0.00247384
 1.67 2.12499 -0.0813098 -1.73538 0.000693021 -0.110827 0.00245924
 1.675 2.12345 -0.0805592 -1.73818 0.000758944 -0.110868 0.00247925
 1.68 2.12449 -0.0809578 -1.73825 0.000732662 -0.110922 0.00246469
 1.685 2.12538 -0.0813459 -1.73819 0.000706762 -0.110969 0.00244932
 1.69 2.1261 -0.08168980000000001 -1.73802 0.000683448 -0.111009 0.00243474
 1.695 2.12453 -0.0809392 -1.74083 0.00075026 -0.11105 0.00245577
 1.7 2.12557 -0.08133700000000001 -1.74091 0.000723986 -0.111103 0.00244121
 1.705 2.12645 -0.0817247 -1.74085 0.000698072 -0.11115 0.00242579
 1.71 2.12716 -0.0820679 -1.74067 0.000674754 -0.11119 0.00241116
 1.715 2.12561 -0.0813401 -1.74345 0.000740592 -0.11123 0.00243246
 1.72 2.12663 -0.0817363 -1.74353 0.000714365 -0.111282 0.00241786
 1.725 2.1275 -0.0821223 -1.74346 0.000688503 -0.111329 0.00240241
 1.73 2.1282 -0.0824643 -1.74329 0.000665227 -0.111368 0.00238777
 1.735 2.12667 -0.0817609 -1.74602 0.000729896 -0.111407 0.00240926
 1.74 2.12768 -0.0821547 -1.74609 0.000703776 -0.111459 0.00239464
 1.745 2.12853 -0.08253820000000001 -1.74603 0.000678022 -0.111505 0.00237921
 1.75 2.12923 -0.0828781 -1.74586 0.000654838 -0.111543 0.0023646
 1.755 2.12772 -0.08219899999999999 -1.74854 0.000718308 -0.111582 0.00238624
 1.76 2.12871 -0.0825895 -1.74861 0.000692344 -0.111633 0.00237164
 1.765 2.12955 -0.0829699 -1.74854 0.000666747 -0.111678 0.00235627
 1.77 2.13023 -0.0833071 -1.74837 0.000643699 -0.111715 0.00234171
 1.775 2.12876 -0.0826518 -1.75101 0.000705949 -0.111754 0.00236347
 1.78 2.12972 -0.0830384 -1.75107 0.000680184 -0.111804 0.00234893
 1.785 2.13055 -0.08341510000000001 -1.75101 0.000654786 -0.111848 0.00233364
 1.79 2.13122 -0.08374910000000001 -1.75084 0.000631911 -0.111885 0.00231917
 1.795 2.12978 -0.0831172 -1.75342 0.000692916 -0.111923 0.00234103
 1.8 2.13072 -0.0834994 -1.75348 0.000667387 -0.111972 0.00232656
 1.805 2.13153 -0.0838718 -1.75342 0.0006422240000000001 -0.112015 0.00231138
 1.81 2.1322 -0.0842022 -1.75325 0.0006195559999999999 -0.112051 0.00229702
 1.815 2.13078 -0.0835934 -1.75578 0.000679287 -0.112089 0.00231894
 1.82 2.1317 -0.0839708 -1.75584 0.000654029 -0.112136 0.00230457
 1.825 2.1325 -0.0843385 -1.75577 0.000629133 -0.112179 0.00228952
 1.83 2.13315 -0.0846648 -1.75561 0.000606702 -0.112215 0.0022753
 1.835 2.13176 -0.0840788 -1.75809 0.0006651269999999999 -0.112251 0.00229723
 1.84 2.13267 -0.0844509 -1.75814 0.000640171 -0.112298 0.00228299
 1.845 2.13345 -0.0848135 -1.75808 0.000615573 -0.112339 0.00226808
 1.85 2.13409 -0.0851353 -1.75792 0.000593405 -0.112375 0.00225402
 1.855 2.13273 -0.08457199999999999 -1.76034 0.000650492 -0.112411 0.00227593
 1.86 2.13361 -0.08493829999999999 -1.76039 0.000625865 -0.112456 0.00226183
 1.865 2.13438 -0.08529539999999999 -1.76033 0.000601592 -0.112497 0.00224709
 1.87 2.13501 -0.0856126 -1.76018 0.000579712 -0.112531 0.0022332
 1.875 2.13368 -0.08507149999999999 -1.76254 0.0006354279999999999 -0.112566 0.00225506
 1.88 2.13454 -0.0854318 -1.76259 0.000611158 -0.112611 0.00224111
 1.885 2.13529 -0.0857831 -1.76252 0.000587235 -0.112651 0.00222656
 1.89 2.13591 -0.08609509999999999 -1.76238 0.0005656669999999999 -0.112685 0.00221286
 1.895 2.13461 -0.08557620000000001 -1.76468 0.000619979 -0.112719 0.0022346
 1.9 2.13545 -0.0859301 -1.76472 0.000596089 -0.112762 0.00222083
 1.905 2.13618 -0.08627509999999999 -1.76466 0.000572542 -0.112801 0.00220649
 1.91 2.13679 -0.0865818 -1.76452 0.000551308 -0.112834 0.00219299
 1.915 2.13553 -0.0860847 -1.76677 0.000604181 -0.112868 0.00221459
 1.92 2.13634 -0.08643190000000001 -1.7668 0.000580697 -0.11291 0.002201
 1.925 2.13706 -0.0867705 -1.76674 0.00055755 -0.112948 0.00218689
 1.93 2.13765 -0.0870715 -1.7666 0.000536672 -0.11298 0.00217361
 1.935 2.13642 -0.0865959 -1.76879 0.000588072 -0.113013 0.002195
 1.94 2.13722 -0.0869361 -1.76882 0.000565017 -0.113054 0.00218163
 1.945 2.13791 -0.0872679 -1.76877 0.000542292 -0.113091 0.00216775
 1.95 2.13849 -0.0875631 -1.76863 0.0005217899999999999 -0.113123 0.00215471
 1.955 2.13903 -0.0878337 -1.76849 0.000502899 -0.113153 0.00214262
 1.96 2.13743 -0.08719830000000001 -1.77112 0.000569394 -0.113184 0.00217208
 1.965 2.13826 -0.08753089999999999 -1.77121 0.0005469439999999999 -0.113226 0.00215952
 1.97 2.13896 -0.0878584 -1.77118 0.00052454 -0.113263 0.002146
 1.975 2.13952 -0.0881472 -1.77104 0.000504448 -0.113294 0.00213319
 1.98 2.14005 -0.0884118 -1.7709 0.000485934 -0.113322 0.00212132
 1.985 2.13847 -0.08779530000000001 -1.77348 0.000551432 -0.113352 0.00215094
 1.99 2.13927 -0.0881213 -1.77357 0.000529388 -0.113393 0.00213856
 1.995 2.13995 -0.0884426 -1.77354 0.000507372 -0.113429 0.00212525
 2 2.1405 -0.0887259 -1.77341 0.000487628 -0.113459 0.00211265
 2.005 2.14101 -0.0889857 -1.77328 0.000469433 -0.113487 0.00210097
 2.01 2.13948 -0.08840430000000001 -1.77576 0.000532306 -0.113516 0.00212989
 2.015 2.14025 -0.08872240000000001 -1.77584 0.000510748 -0.113555 0.0021177
 2.02 2.14091 -0.0890359 -1.7758 0.000489223 -0.11359 0.00210465
 2.025 2.14144 -0.08931269999999999 -1.77568 0.000469907 -0.113619 0.00209231
 2.03 2.14194 -0.08956649999999999 -1.77555 0.000452107 -0.113646 0.00208088
 2.035 2.14048 -0.0890208 -1.77793 0.000512178 -0.113674 0.00210897
 2.04 2.14121 -0.0893297 -1.778 0.00049119 -0.113711 0.00209703
 2.045 2.14185 -0.0896343 -1.77796 0.000470241 -0.113745 0.00208429
 2.05 2.14236 -0.08990339999999999 -1.77785 0.000451429 -0.113773 0.00207227
 2.055 2.14284 -0.0901502 -1.77772 0.000434094 -0.113799 0.00206114
 2.06 2.14145 -0.08963930000000001 -1.77999 0.000491322 -0.113826 0.00208833
 2.065 2.14215 -0.08993810000000001 -1.78005 0.000470975 -0.113862 0.00207668
 2.07 2.14276 -0.0902327 -1.78002 0.000450669 -0.113893 0.0020643
 2.075 2.14325 -0.0904935 -1.77991 0.000432425 -0.11392 0.00205265
 2.08 2.14371 -0.09073249999999999 -1.77979 0.000415611 -0.113945 0.00204186
 2.085 2.14415 -0.09095159999999999 -1.77967 0.000400123 -0.113969 0.00203185
 2.09 2.1425 -0.09033620000000001 -1.78222 0.000467788 -0.113994 0.00206517
 2.095 2.14321 -0.0906238 -1.78233 0.000448276 -0.11403 0.00205434
 2.1 2.14381 -0.09091 -1.78231 0.000428577 -0.114061 0.00204245
 2.105 2.14428 -0.0911613 -1.78221 0.000410968 -0.114087 0.0020312
 2.11 2.14472 -0.09139170000000001 -1.78209 0.000394739 -0.114111 0.00202077
 2.115 2.14513 -0.0916029 -1.78198 0.000379789 -0.114134 0.0020111
 2.12 2.14356 -0.0910251 -1.78442 0.000444357 -0.114157 0.00204341
 2.125 2.14422 -0.0913013 -1.78451 0.000425573 -0.114191 0.0020329
 2.13 2.14479 -0.09157650000000001 -1.7845 0.000406602 -0.114221 0.00202143
 2.135 2.14524 -0.09181839999999999 -1.7844 0.000389632 -0.114245 0.00201058
 2.14 2.14566 -0.09204039999999999 -1.78429 0.000373991 -0.114268 0.00200054
 2.145 2.14606 -0.0922438 -1.78418 0.00035958 -0.11429 0.00199123
 2.15 2.14459 -0.09171559999999999 -1.78646 0.000419673 -0.114312 0.00202171
 2.155 2.14521 -0.0919787 -1.78654 0.000401735 -0.114344 0.00201157
 2.16 2.14574 -0.0922408 -1.78652 0.000383626 -0.114372 0.00200058
 2.165 2.14617 -0.09247180000000001 -1.78643 0.00036741 -0.114395 0.00199023
 2.17 2.14657 -0.0926838 -1.78633 0.000352461 -0.114417 0.00198064
 2.175 2.14694 -0.09287810000000001 -1.78623 0.000338687 -0.114437 0.00197175
 2.18 2.14729 -0.0930561 -1.78613 0.000326001 -0.114456 0.00196351
 2.185 2.14568 -0.09246989999999999 -1.78855 0.000392091 -0.114477 0.00199789
 2.19 2.14628 -0.0927178 -1.78866 0.000375235 -0.114507 0.00198858
 2.195 2.1468 -0.09296699999999999 -1.78866 0.000358035 -0.114534 0.00197822
 2.2 2.1472 -0.0931854 -1.78857 0.000342694 -0.114555 0.00196843
 2.205 2.14757 -0.0933858 -1.78848 0.00032855 -0.114576 0.00195936
 2.21 2.14792 -0.0935696 -1.78839 0.000315516 -0.114594 0.00195095
 2.215 2.14824 -0.0937381 -1.7883 0.000303508 -0.114612 0.00194316
 2.22 2.14676 -0.09320970000000001 -1.79052 0.000364085 -0.114631 0.00197509
 2.225 2.14731 -0.0934413 -1.79061 0.000348289 -0.114659 0.00196625
 2.23 2.14778 -0.0936744 -1.79061 0.000332173 -0.114684 0.00195651
 2.235 2.14815 -0.0938793 -1.79053 0.000317779 -0.114704 0.00194734
 2.24 2.1485 -0.09406730000000001 -1.79045 0.000304505 -0.114722 0.00193884
 2.245 2.14883 -0.0942399 -1.79037 0.00029227 -0.11474 0.00193097
 2.25 2.14913 -0.0943982 -1.79029 0.000280996 -0.114757 0.00192367
 2.255 2.14941 -0.0945431 -1.7902 0.000270612 -0.114772 0.00191691
 2.26 2.14789 -0.09399830000000001 -1.79244 0.00033289 -0.114789 0.00195037
 2.265 2.1484 -0.0942105 -1.79253 0.000318437 -0.114815 0.00194239
 2.27 2.14884 -0.0944261 -1.79254 0.000303547 -0.114837 0.00193344
 2.275 2.14918 -0.0946148 -1.79247 0.000290284 -0.114856 0.00192501
 2.28 2.14949 -0.0947882 -1.79241 0.000278051 -0.114873 0.00191719
 2.285 2.14979 -0.0949474 -1.79234 0.000266772 -0.114889 0.00190995
 2.29 2.15006 -0.0950935 -1.79226 0.000256375 -0.114904 0.00190324
 2.295 2.15032 -0.0952274 -1.79219 0.000246795 -0.114918 0.00189702
 2.3 2.15057 -0.09535009999999999 -1.79212 0.00023797 -0.114931 0.00189126
 2.305 2.15079 -0.09546250000000001 -1.79204 0.000229846 -0.114944 0.00188592
 2.31 2.14913 -0.09486269999999999 -1.79439 0.000297662 -0.114958 0.00192313
 2.315 2.14961 -0.0950524 -1.79451 0.000284818 -0.114981 0.00191629
 2.32 2.15001 -0.09524820000000001 -1.79454 0.000271339 -0.115002 0.00190829
 2.325 2.15031 -0.0954183 -1.79448 0.000259403 -0.115018 0.00190072
 2.33 2.15059 -0.0955747 -1.79443 0.000248389 -0.115033 0.0018937
 2.335 2.15085 -0.0957185 -1.79437 0.000238227 -0.115047 0.0018872
 2.34 2.15109 -0.09585050000000001 -1.79431 0.000228855 -0.11506 0.00188118
 2.345 2.15132 -0.0959718 -1.79426 0.000220213 -0.115072 0.0018756
 2.35 2.15153 -0.0960831 -1.7942 0.000212247 -0.115084 0.00187043
 2.355 2.15173 -0.0961851 -1.79414 0.000204906 -0.115095 0.00186564
 2.36 2.15192 -0.09627860000000001 -1.79407 0.000198143 -0.115105 0.0018612
 2.365 2.15209 -0.0963643 -1.79401 0.000191914 -0.115115 0.00185709
 2.37 2.15225 -0.09644270000000001 -1.79395 0.00018618 -0.115124 0.00185328
 2.375 2.15055 -0.0958271 -1.79629 0.000255354 -0.115135 0.00189194
 2.38 2.15097 -0.0959874 -1.79642 0.000244583 -0.115155 0.0018864
 2.385 2.15131 -0.09615609999999999 -1.79646 0.00023302 -0.115172 0.00187963
 2.39 2.15156 -0.0963019 -1.79642 0.00022284 -0.115186 0.00187321
 2.395 2.15179 -0.0964361 -1.79638 0.000213436 -0.115198 0.00186726
 2.4 2.15201 -0.0965597 -1.79635 0.000204752 -0.11521 0.00186175
 2.405 2.15221 -0.0966735 -1.79631 0.000196733 -0.11522 0.00185664
 2.41 2.1524 -0.0967783 -1.79627 0.000189329 -0.11523 0.00185191
 2.415 2.15257 -0.09687469999999999 -1.79623 0.000182493 -0.11524 0.00184752
 2.42 2.15274 -0.09696340000000001 -1.79619 0.000176185 -0.115249 0.00184346
 2.425 2.15289 -0.09704500000000001 -1.79615 0.000170361 -0.115257 0.0018397
 2.43 2.15303 -0.09712 -1.79611 0.000164987 -0.115265 0.00183621
 2.435 2.15316 -0.09718889999999999 -1.79607 0.000160029 -0.115272 0.00183298
 2.44 2.15329 -0.0972523 -1.79603 0.000155454 -0.115279 0.00182998
 2.445 2.1534 -0.09731049999999999 -1.796 0.000151234 -0.115285 0.00182721
 2.45 2.15351 -0.09736400000000001 -1.79596 0.000147342 -0.115291 0.00182464
 2.455 2.15361 -0.0974131 -1.79592 0.000143752 -0.115297 0.00182226
 2.46 2.15371 -0.09745819999999999 -1.79589 0.00014044 -0.115302 0.00182005
 2.465 2.1538 -0.09749969999999999 -1.79585 0.000137386 -0.115307 0.00181801
 2.47 2.15388 -0.0975377 -1.79582 0.000134568 -0.115311 0.00181612
 2.475 2.15395 -0.0975727 -1.79578 0.000131969 -0.115316 0.00181436
 2.48 2.15403 -0.09760480000000001 -1.79575 0.000129571 -0.11532 0.00181274
 2.485 2.15409 -0.0976344 -1.79572 0.000127358 -0.115323 0.00181123
 2.49 2.15416 -0.0976615 -1.79569 0.000125315 -0.115327 0.00180983
 2.495 2.15421 -0.0976865 -1.79566 0.000123429 -0.11533 0.00180854
 2.5 2.15427 -0.0977095 -1.79564 0.000121687 -0.115333 0.00180734
 2.505 2.15432 -0.0977307 -1.79561 0.000120076 -0.115336 0.00180623
 2.51 2.15436 -0.0977503 -1.79559 0.000118587 -0.115339 0.00180521
 2.515 2.15441 -0.09776849999999999 -1.79557 0.000117206 -0.115341 0.00180425
 2.52 2.15445 -0.09778530000000001 -1.79554 0.000115929 -0.115343 0.00180337
 2.525 2.15449 -0.09780079999999999 -1.79553 0.000114745 -0.115345 0.00180255
 2.53 2.15452 -0.0978152 -1.79551 0.00011365 -0.115347 0.00180179
 2.535 2.15455 -0.09782830000000001 -1.79549 0.000112644 -0.115349 0.00180109
 2.54 2.15458 -0.09784030000000001 -1.79548 0.000111723 -0.115351 0.00180045
 2.545 2.15461 -0.0978513 -1.79546 0.000110882 -0.115353 0.00179986
 2.55 2.15464 -0.09786110000000001 -1.79545 0.000110119 -0.115354 0.00179932
 2.555 2.15467 -0.0978699 -1.79544 0.00010943 -0.115356 0.00179882
 2.56 2.1547 -0.0978777 -1.79543 0.000108813 -0.115357 0.00179838
 2.565 2.15473 -0.0978845 -1.79542 0.000108266 -0.115358 0.00179797
 2.57 2.15328 -0.0965101 -1.79736 0.000208172 -0.115362 0.00182691
 2.575 2.15351 -0.0966345 -1.79749 0.000200274 -0.115374 0.00182358
 2.58 2.1537 -0.0967818 -1.79755 0.000190903 -0.115383 0.00181889
 2.585 2.15382 -0.0969076 -1.79757 0.000182883 -0.11539 0.00181455
 2.59 2.15394 -0.0970235 -1.79758 0.000175491 -0.115396 0.00181055
 2.595 2.15406 -0.0971302 -1.7976 0.000168682 -0.115402 0.00180686
 2.6 2.15417 -0.0972283 -1.79761 0.000162417 -0.115408 0.00180346
 2.605 2.15427 -0.0973184 -1.79762 0.000156659 -0.115413 0.00180033
 2.61 2.15437 -0.097401 -1.79763 0.000151374 -0.115418 0.00179744
 2.615 2.15447 -0.0974767 -1.79764 0.000146531 -0.115423 0.00179479
 2.62 2.15456 -0.0975458 -1.79765 0.0001421 -0.115427 0.00179236
 2.625 2.15465 -0.0976088 -1.79766 0.000138053 -0.115431 0.00179014
 2.63 2.15474 -0.09766619999999999 -1.79767 0.000134366 -0.115435 0.0017881
 2.635 2.15483 -0.09771820000000001 -1.79768 0.000131016 -0.115439 0.00178624
 2.64 2.15551 -0.0944207 -1.79716 0.000279424 -0.115444 0.00175123
 2.645 2.15559 -0.0946357 -1.79717 0.000266827 -0.11545 0.00174588
 2.65 2.15563 -0.0948852 -1.79717 0.00025232 -0.115454 0.00173984
 2.655 2.15566 -0.09510109999999999 -1.79716 0.000239785 -0.115458 0.0017346
 2.66 2.15569 -0.0952998 -1.79716 0.000228252 -0.115461 0.00172977
 2.665 2.15573 -0.0954825 -1.79715 0.000217647 -0.115464 0.00172533
 2.67 2.15577 -0.09565029999999999 -1.79715 0.000207906 -0.115467 0.00172125
 2.675 2.15581 -0.0958043 -1.79715 0.000198971 -0.11547 0.00171751
 2.68 2.15661 -0.0926733 -1.79643 0.000335466 -0.115473 0.00167754
 2.685 2.15664 -0.0929681 -1.79643 0.000318643 -0.115478 0.00167088
 2.69 2.15664 -0.0932883 -1.79641 0.000300393 -0.115481 0.00166373
 2.695 2.15663 -0.0935696 -1.7964 0.00028437 -0.115483 0.00165743
 2.7 2.15663 -0.0938285 -1.79638 0.000269625 -0.115485 0.00165164
 2.705 2.15664 -0.0940666 -1.79637 0.000256065 -0.115487 0.00164631
 2.71 2.15665 -0.09428540000000001 -1.79635 0.000243608 -0.11549 0.00164142
 2.715 2.1575 -0.0909402 -1.79554 0.000388643 -0.115493 0.00159696
 2.72 2.15752 -0.0913041 -1.79554 0.000368076 -0.115497 0.00158903
 2.725 2.15749 -0.0916916 -1.79552 0.00034616 -0.1155 0.00158065
 2.73 2.15746 -0.09203359999999999 -1.79549 0.00032683 -0.115501 0.00157324
 2.735 2.15744 -0.0923484 -1.79547 0.000309038 -0.115503 0.00156643
 2.74 2.15743 -0.092638 -1.79544 0.000292675 -0.115505 0.00156017
 2.745 2.15826 -0.0893166 -1.79461 0.000435966 -0.115507 0.00151401
 2.75 2.15826 -0.089743 -1.7946 0.000411957 -0.115511 0.00150487
 2.755 2.15822 -0.0901887 -1.79457 0.000386837 -0.115514 0.00149535
 2.76 2.15817 -0.090584 -1.79454 0.000364566 -0.115515 0.00148691
 2.765 2.15814 -0.0909481 -1.79451 0.000344065 -0.115517 0.00147914
 2.77 2.1589 -0.0879014 -1.79371 0.000474501 -0.115519 0.00143397
 2.775 2.15888 -0.08838070000000001 -1.79369 0.000447552 -0.115522 0.00142377
 2.78 2.15883 -0.0888723 -1.79366 0.000419892 -0.115524 0.00141334
 2.785 2.15877 -0.089311 -1.79362 0.000395231 -0.115526 0.00140403
 2.79 2.15873 -0.0897149 -1.79359 0.000372528 -0.115527 0.00139546
 2.795 2.15955 -0.08643199999999999 -1.79272 0.000513063 -0.11553 0.00134656
 2.8 2.15953 -0.08695940000000001 -1.79271 0.000483462 -0.115534 0.00133537
 2.805 2.15946 -0.0874992 -1.79267 0.000453135 -0.115536 0.00132395
 2.81 2.1594 -0.0879809 -1.79263 0.000426086 -0.115537 0.00131376
 2.815 2.1601 -0.0851977 -1.79185 0.000543757 -0.115539 0.00126821
 2.82 2.16005 -0.0857696 -1.79182 0.000511668 -0.115542 0.00125611
 2.825 2.15998 -0.0863444 -1.79178 0.000479399 -0.115544 0.00124396
 2.83 2.15991 -0.0868603 -1.79173 0.000450453 -0.115546 0.00123306
 2.835 2.16064 -0.0839699 -1.79092 0.000572578 -0.115548 0.00118537
 2.84 2.16059 -0.0845781 -1.79089 0.000538479 -0.115551 0.0011725
 2.845 2.16051 -0.0851884 -1.79085 0.000504245 -0.115553 0.00115961
 2.85 2.16044 -0.0857363 -1.7908 0.000473523 -0.115555 0.00114804
 2.855 2.16121 -0.08268300000000001 -1.78994 0.000602593 -0.115557 0.00109764
 2.86 2.16116 -0.0833285 -1.78991 0.000566434 -0.115561 0.00108397
 2.865 2.16108 -0.0839758 -1.78986 0.000530143 -0.115563 0.0010703
 2.87 2.16101 -0.08455699999999999 -1.78981 0.000497575 -0.115565 0.00105802
 2.875 2.16181 -0.0813398 -1.78891 0.000633629 -0.115567 0.00100486
 2.88 2.16176 -0.0820237 -1.78888 0.000595343 -0.115571 0.0009903749999999999
 2.885 2.16168 -0.0827092 -1.78883 0.000556931 -0.115573 0.00097588
 2.89 2.1616 -0.0833247 -1.78878 0.000522457 -0.115575 0.000962872
 2.895 2.16244 -0.0799478 -1.78783 0.000665311 -0.115577 0.000906982
 2.9 2.1624 -0.0806709 -1.7878 0.000624854 -0.115582 0.000891646
 2.905 2.16231 -0.0813953 -1.78774 0.000584284 -0.115584 0.000876314
 2.91 2.16295 -0.0788639 -1.78696 0.000688785 -0.115586 0.000827186
 2.915 2.16287 -0.0796248 -1.78691 0.000646196 -0.11559 0.000811059
 2.92 2.16277 -0.08037329999999999 -1.78685 0.000604282 -0.115592 0.00079521
 2.925 2.16341 -0.077851 -1.78606 0.000708161 -0.115593 0.000745398
 2.93 2.16333 -0.0786367 -1.78601 0.000664201 -0.115597 0.000728729
 2.935 2.16323 -0.0794084 -1.78595 0.000621011 -0.115599 0.000712376
 2.94 2.16389 -0.0768143 -1.78514 0.000727908 -0.115601 0.000661122
 2.945 2.16381 -0.0776244 -1.78509 0.000682601 -0.115605 0.000643915
 2.95 2.16371 -0.07842 -1.78503 0.000638093 -0.115607 0.000627039
 2.955 2.16439 -0.07574839999999999 -1.78419 0.000748258 -0.115609 0.00057427
 2.96 2.16431 -0.0765836 -1.78414 0.000701569 -0.115613 0.000556509
 2.965 2.16421 -0.07740370000000001 -1.78408 0.000655704 -0.115616 0.000539092
 2.97 2.1649 -0.07465629999999999 -1.78322 0.000769059 -0.115618 0.000484811
 2.975 2.16483 -0.0755171 -1.78317 0.000720959 -0.115622 0.000466481
 2.98 2.16472 -0.07636229999999999 -1.7831 0.000673713 -0.115625 0.000448513
 2.985 2.16544 -0.0735415 -1.78222 0.000790156 -0.115627 0.000392734
 2.99 2.16536 -0.0744282 -1.78217 0.000740628 -0.115631 0.000373828
 2.995 2.16526 -0.0752987 -1.7821 0.000691986 -0.115634 0.000355299
 3 2.16599 -0.07240679999999999 -1.78119 0.00081142 -0.115636 0.000298042
 3.005 2.16591 -0.0733195 -1.78115 0.000760456 -0.115641 0.000278554
 3.01 2.1658 -0.0742154 -1.78108 0.000710414 -0.115643 0.000259461
 3.015 2.16655 -0.0712546 -1.78015 0.000832747 -0.115645 0.00020075
 3.02 2.16648 -0.0721934 -1.7801 0.000780349 -0.11565 0.000180677
 3.025 2.16637 -0.0731146 -1.78003 0.000728908 -0.115653 0.000161019
 3.03 2.16713 -0.070087 -1.77908 0.000854052 -0.115655 0.00010088
 3.035 2.16705 -0.0710517 -1.77903 0.0008002280000000001 -0.11566 8.0221e-05
 3.04 2.16694 -0.0719981 -1.77896 0.000747396 -0.115663 5.9998e-05
 3.045 2.16772 -0.0689058 -1.77798 0.000875268 -0.115665 -1.53933e-06
 3.05 2.16764 -0.06989629999999999 -1.77793 0.000820029 -0.11567 -2.27808e-05
 3.055 2.16753 -0.07086779999999999 -1.77786 0.000765819 -0.115674 -4.35663e-05
 3.06 2.16832 -0.0677128 -1.77686 0.000896337 -0.115676 -0.000106471
 3.065 2.16825 -0.0687287 -1.77682 0.0008397 -0.115681 -0.000128291
 3.07 2.16813 -0.06972490000000001 -1.77674 0.000784131 -0.115684 -0.000149635
 3.075 2.16894 -0.06650929999999999 -1.77572 0.000917214 -0.115686 -0.000213873
 3.08 2.16886 -0.0675504 -1.77568 0.0008592 -0.115692 -0.000236268
 3.085 2.16874 -0.06857099999999999 -1.7756 0.000802291 -0.115695 -0.000258165
 3.09 2.16956 -0.0652968 -1.77456 0.000937861 -0.115697 -0.000323701
 3.095 2.16948 -0.0663625 -1.77451 0.000878492 -0.115703 -0.000346664
 3.1 2.16936 -0.0674071 -1.77444 0.000820267 -0.115706 -0.000369107
 3.105 2.17019 -0.0640763 -1.77338 0.0009582459999999999 -0.115708 -0.000435905
 3.11 2.17011 -0.0651663 -1.77333 0.000897549 -0.115714 -0.000459429
 3.115 2.16999 -0.0662345 -1.77326 0.000838034 -0.115717 -0.000482411
 3.12 2.17083 -0.0628491 -1.77217 0.000978341 -0.115719 -0.000550434
 3.125 2.17075 -0.0639629 -1.77213 0.000916344 -0.115725 -0.00057451
 3.13 2.1713 -0.0619659 -1.77133 0.0009933780000000001 -0.115728 -0.0006315
 3.135 2.17117 -0.0631106 -1.77126 0.000929641 -0.115732 -0.000656193
 3.14 2.17103 -0.0642124 -1.77118 0.000868286 -0.115734 -0.000679935
 3.145 2.17187 -0.0608742 -1.77009 0.00100633 -0.115736 -0.000748516
 3.15 2.17178 -0.0620214 -1.77004 0.000942515 -0.115742 -0.000773381
 3.155 2.17235 -0.0599861 -1.76923 0.00102111 -0.115745 -0.000831732
 3.16 2.17221 -0.061163 -1.76916 0.000955625 -0.115749 -0.000857189
 3.165 2.17274 -0.05923 -1.76836 0.00102962 -0.115751 -0.000914718
 3.17 2.1726 -0.0604175 -1.76829 0.000963564 -0.115755 -0.000940429
 3.175 2.17313 -0.058476 -1.76749 0.00103793 -0.115758 -0.0009983049999999999
 3.18 2.173 -0.0596726 -1.76741 0.000971381 -0.115762 -0.00102425
 3.185 2.17354 -0.0577126 -1.76661 0.00104655 -0.115764 -0.00108259
 3.19 2.17341 -0.0589187 -1.76654 0.000979506 -0.115768 -0.00110876
 3.195 2.17395 -0.0569404 -1.76572 0.00105548 -0.115771 -0.00116758
 3.2 2.17382 -0.0581562 -1.76565 0.0009879159999999999 -0.115775 -0.001194
 3.205 2.17437 -0.0561604 -1.76483 0.00106465 -0.115777 -0.00125329
 3.21 2.17424 -0.0573861 -1.76476 0.0009965499999999999 -0.115782 -0.00127996
 3.215 2.1748 -0.0553739 -1.76394 0.001074 -0.115784 -0.00133972
 3.22 2.17467 -0.0566098 -1.76387 0.00100536 -0.115789 -0.00136664
 3.225 2.17523 -0.0545821 -1.76304 0.00108348 -0.115792 -0.00142687
 3.23 2.17511 -0.0558283 -1.76297 0.00101428 -0.115796 -0.00145405
 3.235 2.17567 -0.053786 -1.76213 0.00109304 -0.115799 -0.00151473
 3.24 2.17555 -0.0550424 -1.76206 0.00102329 -0.115804 -0.00154216
 3.245 2.17612 -0.0529864 -1.76122 0.00110264 -0.115806 -0.00160329
 3.25 2.17599 -0.0542531 -1.76116 0.00103235 -0.115811 -0.00163098
 3.255 2.17656 -0.0521841 -1.76031 0.00111226 -0.115814 -0.00169255
 3.26 2.17644 -0.053461 -1.76024 0.00104142 -0.115819 -0.0017205
 3.265 2.17702 -0.0513799 -1.75939 0.00112186 -0.115821 -0.00178249
 3.27 2.1769 -0.0526669 -1.75932 0.00105047 -0.115826 -0.00181069
 3.275 2.17747 -0.0505743 -1.75847 0.00113142 -0.115829 -0.00187311
 3.28 2.17735 -0.0518714 -1.7584 0.0010595 -0.115834 -0.00190156
 3.285 2.17793 -0.049768 -1.75754 0.00114091 -0.115837 -0.00196438
 3.29 2.17781 -0.051075 -1.75747 0.00106846 -0.115842 -0.00199308
 3.295 2.1784 -0.0489616 -1.7566 0.00115032 -0.115844 -0.00205629
 3.3 2.17828 -0.0502782 -1.75654 0.00107736 -0.11585 -0.00208524
 3.305 2.17886 -0.0481554 -1.75567 0.00115963 -0.115852 -0.00214882
 3.31 2.17874 -0.0494815 -1.7556 0.00108616 -0.115858 -0.00217801
 3.315 2.17933 -0.0473499 -1.75473 0.00116882 -0.11586 -0.00224196
 3.32 2.17921 -0.0486853 -1.75466 0.00109486 -0.115865 -0.00227139
 3.325 2.1798 -0.0465457 -1.75378 0.00117789 -0.115868 -0.00233569
 3.33 2.17968 -0.04789 -1.75372 0.00110345 -0.115873 -0.00236535
 3.335 2.18027 -0.0457429 -1.75283 0.00118682 -0.115876 -0.00242999
 3.34 2.18015 -0.0470961 -1.75277 0.00111191 -0.115881 -0.00245988
 3.345 2.18075 -0.0449421 -1.75188 0.0011956 -0.115884 -0.00252484
 3.35 2.18063 -0.0463038 -1.75182 0.00112024 -0.115889 -0.00255495
 3.355 2.18122 -0.0441436 -1.75093 0.00120422 -0.115892 -0.00262021
 3.36 2.1811 -0.0455135 -1.75086 0.00112843 -0.115897 -0.00265054
 3.365 2.1817 -0.0433477 -1.74997 0.00121268 -0.1159 -0.00271609
 3.37 2.18158 -0.0447255 -1.7499 0.00113647 -0.115905 -0.00274663
 3.375 2.18218 -0.0425546 -1.74901 0.00122096 -0.115907 -0.00281246
 3.38 2.18206 -0.0439401 -1.74894 0.00114435 -0.115913 -0.00284321
 3.385 2.18266 -0.0417648 -1.74804 0.00122907 -0.115915 -0.0029093
 3.39 2.18254 -0.0431576 -1.74798 0.00115208 -0.115921 -0.00294024
 3.395 2.18314 -0.0409784 -1.74708 0.00123699 -0.115923 -0.00300658
 3.4 2.18302 -0.0423782 -1.74702 0.00115963 -0.115929 -0.00303771
 3.405 2.18362 -0.0401958 -1.74611 0.00124473 -0.115931 -0.00310427
 3.41 2.1835 -0.0416023 -1.74605 0.00116702 -0.115937 -0.00313559
 3.415 2.1841 -0.0394172 -1.74514 0.00125227 -0.115939 -0.00320237
 3.42 1.91392 -0.16119 -1.14578 0.012487 -0.0903206 0.00196739
 3.425 1.12386 -0.513485 0.60859 0.0455346 -0.0152696 0.0171723
 3.43 0.915198 -0.601362 1.05819 0.0536991 0.00407975 0.021047
 3.435 0.0749814 -0.945872 2.80835 0.0851722 0.0805041 0.0375851
 3.44 -0.150573 -1.02707 3.21909 0.0923723 0.0994979 0.0422382
 3.445 -0.454586 -1.22215 4.29834 0.11656 0.140439 0.0433552
 3.45 -0.445564 -1.24016 4.4177 0.120075 0.1437 0.0416796
 3.455 -0.744044 -1.4277 5.45511 0.143039 0.18337 0.0430264
 3.46 -0.7040920000000001 -1.42367 5.45762 0.143905 0.182282 0.0412382
 3.465 -0.9971680000000001 -1.60424 6.45703 0.165762 0.220789 0.042779
 3.47 -1.01655 -1.60039 6.45451 0.165179 0.22142 0.0433132
 3.475 -1.5396 -1.82053 7.6459 0.187298 0.27282 0.0519015
 3.48 -1.525 -1.80493 7.55341 0.184649 0.269801 0.0524476
 3.485 -2.02817 -2.02342 8.65509 0.203807 0.318157 0.0624421
 3.49 -1.98085 -1.9937 8.49513 0.200023 0.312136 0.0622633
 3.495 -2.4599 -2.20155 9.5467 0.218216 0.358362 0.071712
 3.5 -2.49966 -2.03506 9.422980000000001 0.20738 0.354811 0.0585795
 3.505 -3.35849 -1.86027 10.7665 0.206549 0.417492 0.0307013
 3.51 -3.44524 -1.75974 10.6643 0.198782 0.416593 0.0254026
 3.515 -3.96679 -1.83005 11.6913 0.209439 0.462276 0.0224691
 3.52 -3.78456 -1.81832 11.327 0.205345 0.446572 0.0254806
 3.525 -4.26793 -2.01949 12.3323 0.223311 0.491867 0.0357642
 3.53 -4.30066 -1.70667 11.8843 0.205099 0.477598 0.0229844
 3.535 -4.44976 -1.40566 11.7559 0.182965 0.475383 0.0169795
 3.54 -4.39887 -1.319 11.113 0.168015 0.45544 0.0175072
 3.545 -4.29628 -1.14122 10.6581 0.153037 0.437857 0.0155001
 3.55 -4.57772 -0.829602 10.8118 0.134318 0.447244 0.009849449999999999
 3.555 -4.10092 -0.785088 9.904 0.12393 0.407033 0.009489600000000001
 3.56 -3.68746 -0.742292 9.08883 0.114892 0.371294 0.0100826
 3.565 -3.27818 -0.703131 8.30982 0.106027 0.336773 0.00976988
 3.57 -3.16141 -0.773027 8.209059999999999 0.109386 0.331229 0.0139518
 3.575 -3.45832 -1.04263 9.254949999999999 0.134114 0.372568 0.0227651
 3.58 -3.04491 -0.969812 8.451040000000001 0.124315 0.336799 0.0207138
 3.585 -2.66353 -0.9084950000000001 7.70464 0.114797 0.303805 0.0189488
 3.59 -2.67643 -0.855164 7.66241 0.116141 0.303226 0.00208824
 3.595 -3.44074 -0.841744 8.97749 0.137649 0.365394 -0.0436271
 3.6 -3.16192 -0.875341 8.785170000000001 0.140411 0.351905 -0.041519
 3.605 -3.05991 -1.02383 9.298109999999999 0.157343 0.365085 -0.0399868
 3.61 -2.90431 -1.06868 9.14066 0.158691 0.35638 -0.0345696


