# Created by Octave 3.8.2, Mon May 25 09:48:13 2015 CST <waldronluo@Debian>
# name: approachSig
# type: matrix
# rows: 834
# columns: 7
 0 0.0375657 -0.00170152 -0.0284831 4.31391e-06 -0.00180521 8.30314e-05
 0.005 0.185079 -0.00838305 -0.140331 2.12538e-05 -0.00889393 0.00040908
 0.01 0.321796 -0.0145756 -0.243993 3.69539e-05 -0.0154638 0.000711265
 0.015 0.448506 -0.0203148 -0.340067 5.15048e-05 -0.0215529 0.0009913330000000001
 0.02 0.565943 -0.025634 -0.42911 6.49904e-05 -0.0271963 0.0012509
 0.025 0.6747840000000001 -0.0305639 -0.511635 7.748809999999999e-05 -0.0324267 0.00149147
 0.03 0.77566 -0.0351329 -0.58812 8.907010000000001e-05 -0.0372743 0.00171443
 0.035 0.869153 -0.0393675 -0.659006 9.980280000000001e-05 -0.0417671 0.00192107
 0.04 0.955803 -0.0432921 -0.724703 0.000109748 -0.0459311 0.00211258
 0.045 1.03611 -0.0469294 -0.785591 0.000118963 -0.0497904 0.00229008
 0.05 1.11054 -0.0503004 -0.842022 0.000127502 -0.0533674 0.00245457
 0.055 1.17953 -0.0534246 -0.894321 0.000135412 -0.0566825 0.00260703
 0.06 1.24347 -0.0563201 -0.94279 0.00014274 -0.0597551 0.00274832
 0.065 1.30272 -0.0590036 -0.987711 0.000149528 -0.06260300000000001 0.00287926
 0.07000000000000001 1.35765 -0.0614906 -1.02934 0.000155814 -0.06524240000000001 0.00300061
 0.075 1.40855 -0.0637955 -1.06793 0.000161637 -0.06768879999999999 0.00311308
 0.08 1.45573 -0.06593160000000001 -1.10368 0.000167028 -0.0699562 0.0032173
 0.08500000000000001 1.49945 -0.0679112 -1.13682 0.000172019 -0.07205780000000001 0.00331389
 0.09 1.53998 -0.0697459 -1.16753 0.00017664 -0.07400569999999999 0.0034034
 0.095 1.57754 -0.0714461 -1.19599 0.000180916 -0.07581110000000001 0.00348635
 0.1 1.61236 -0.07302169999999999 -1.22236 0.000184873 -0.0774846 0.00356322
 0.105 1.64463 -0.0744819 -1.24681 0.000188533 -0.0790357 0.00363445
 0.11 1.67454 -0.0758351 -1.26945 0.000191918 -0.0804734 0.00370046
 0.115 1.70226 -0.07708909999999999 -1.29044 0.000195048 -0.081806 0.00376163
 0.12 1.72795 -0.0782511 -1.30989 0.000197941 -0.0830413 0.0038183
 0.125 1.75177 -0.07932790000000001 -1.32792 0.000200615 -0.08418639999999999 0.00387082
 0.13 1.77384 -0.0803257 -1.34462 0.000203084 -0.0852478 0.00391948
 0.135 1.7943 -0.0812504 -1.36009 0.000205363 -0.08623169999999999 0.00396456
 0.14 1.81327 -0.0821071 -1.37443 0.000207466 -0.08714379999999999 0.00400633
 0.145 1.83085 -0.082901 -1.38771 0.000209406 -0.08798930000000001 0.00404503
 0.15 1.84714 -0.0836365 -1.40002 0.000211194 -0.0887732 0.00408088
 0.155 1.86225 -0.084318 -1.41143 0.000212841 -0.08949989999999999 0.00411409
 0.16 1.87625 -0.08494939999999999 -1.42199 0.000214357 -0.09017360000000001 0.00414485
 0.165 1.88772 -0.08423460000000001 -1.434 0.000276399 -0.0908017 0.00416415
 0.17 1.90006 -0.084838 -1.44324 0.000274529 -0.0913934 0.00418954
 0.175 1.91144 -0.0854105 -1.45173 0.000271934 -0.0919411 0.00421259
 0.18 1.92191 -0.08593290000000001 -1.45953 0.000269852 -0.09244620000000001 0.0042339
 0.185 1.93161 -0.0864168 -1.46675 0.000267911 -0.0929146 0.00425363
 0.19 1.94061 -0.0868651 -1.47345 0.000266099 -0.0933489 0.0042719
 0.195 1.94895 -0.0872802 -1.47964 0.000264407 -0.0937518 0.00428881
 0.2 1.95669 -0.0876647 -1.48538 0.000262826 -0.0941254 0.00430447
 0.205 1.96386 -0.0880208 -1.49069 0.000261346 -0.094472 0.00431896
 0.21 1.97051 -0.0883505 -1.49561 0.000259961 -0.0947935 0.00433236
 0.215 1.97668 -0.08865580000000001 -1.50016 0.000258663 -0.0950918 0.00434476
 0.22 1.9824 -0.0889384 -1.50438 0.000257445 -0.0953686 0.00435623
 0.225 1.98613 -0.0878582 -1.51058 0.000319253 -0.0956288 0.0043577
 0.23 1.99135 -0.0881661 -1.51435 0.000314826 -0.09587950000000001 0.00436654
 0.235 1.99615 -0.0884645 -1.51776 0.000309865 -0.0961113 0.00437424
 0.24 2.00051 -0.0887328 -1.52086 0.000305586 -0.0963236 0.00438132
 0.245 2.00456 -0.08898109999999999 -1.52373 0.000301605 -0.0965208 0.00438786
 0.25 2.00832 -0.0892109 -1.52638 0.000297898 -0.0967039 0.00439389
 0.255 2.0118 -0.0894235 -1.52883 0.000294446 -0.096874 0.00439946
 0.26 2.01504 -0.08962009999999999 -1.5311 0.00029123 -0.09703199999999999 0.00440459
 0.265 2.01804 -0.08980200000000001 -1.53319 0.000288232 -0.0971788 0.00440931
 0.27 2.02083 -0.0899702 -1.53512 0.000285436 -0.0973152 0.00441366
 0.275 2.02171 -0.088685 -1.53939 0.00035078 -0.0974457 0.00440822
 0.28 2.02445 -0.0889011 -1.54121 0.000344659 -0.0975771 0.00441089
 0.285 2.02693 -0.08911479999999999 -1.54281 0.000338086 -0.0976981 0.00441282
 0.29 2.02914 -0.0893037 -1.54422 0.000332345 -0.09780759999999999 0.00441454
 0.295 2.0312 -0.0894784 -1.54552 0.000327006 -0.0979095 0.0044161
 0.3 2.03311 -0.08963980000000001 -1.54671 0.000322038 -0.0980043 0.00441751
 0.305 2.03488 -0.08978899999999999 -1.54781 0.000317414 -0.0980927 0.00441879
 0.31 2.03653 -0.0899268 -1.54882 0.000313109 -0.098175 0.00441995
 0.315 2.03643 -0.0886783 -1.55214 0.000374337 -0.0982551 0.00441233
 0.32 2.03817 -0.08886520000000001 -1.55315 0.000367056 -0.0983393 0.00441229
 0.325 2.03974 -0.08905150000000001 -1.55401 0.000359433 -0.0984168 0.00441171
 0.33 2.04111 -0.0892155 -1.55474 0.000352697 -0.0984862 0.0044111
 0.335 2.04238 -0.0893669 -1.5554 0.000346432 -0.098551 0.0044105
 0.34 2.04357 -0.0895068 -1.55601 0.000340605 -0.09861159999999999 0.00440991
 0.345 2.04467 -0.0896359 -1.55656 0.000335183 -0.0986682 0.00440932
 0.35 2.04409 -0.0884089 -1.55941 0.000394298 -0.0987244 0.00440062
 0.355 2.04536 -0.0885872 -1.56002 0.000386101 -0.09878629999999999 0.00439909
 0.36 2.04649 -0.08876530000000001 -1.56051 0.000377637 -0.09884320000000001 0.00439713
 0.365 2.04746 -0.08892170000000001 -1.5609 0.000370113 -0.0988937 0.00439523
 0.37 2.04836 -0.0890662 -1.56125 0.000363117 -0.098941 0.00439343
 0.375 2.0492 -0.0891995 -1.56156 0.000356611 -0.0989853 0.00439173
 0.38 2.04999 -0.0893225 -1.56184 0.000350558 -0.099027 0.00439011
 0.385 2.04897 -0.0879755 -1.56464 0.000414914 -0.0990697 0.00438014
 0.39 2.05001 -0.0881557 -1.56504 0.000405803 -0.0991204 0.00437763
 0.395 2.05091 -0.0883361 -1.56532 0.000396432 -0.0991667 0.00437469
 0.4 2.05166 -0.08849369999999999 -1.5655 0.000388112 -0.0992068 0.00437187
 0.405 2.05235 -0.088639 -1.56565 0.000380378 -0.0992446 0.00436922
 0.41 2.05301 -0.08877309999999999 -1.56579 0.000373186 -0.0992801 0.00436672
 0.415 2.05196 -0.08752459999999999 -1.56831 0.000432625 -0.099317 0.00435683
 0.42 2.05285 -0.0877096 -1.56857 0.000422752 -0.09936159999999999 0.0043536
 0.425 2.05363 -0.08789420000000001 -1.56872 0.000412707 -0.0994023 0.00435002
 0.43 2.05427 -0.0880561 -1.56879 0.000403735 -0.0994377 0.00434661
 0.435 2.05487 -0.08820550000000001 -1.56884 0.000395395 -0.09947110000000001 0.0043434
 0.44 2.05544 -0.0883433 -1.56888 0.00038764 -0.0995027 0.00434038
 0.445 2.05421 -0.0870272 -1.57146 0.000450355 -0.09953620000000001 0.00433001
 0.45 2.05506 -0.08722009999999999 -1.57164 0.000439751 -0.0995784 0.00432628
 0.455 2.05578 -0.0874124 -1.57173 0.000428987 -0.09961680000000001 0.00432217
 0.46 2.05637 -0.08758059999999999 -1.57172 0.000419378 -0.09964969999999999 0.00431826
 0.465 2.05691 -0.08773590000000001 -1.5717 0.000410447 -0.0996809 0.00431459
 0.47 2.05743 -0.087879 -1.57168 0.000402145 -0.0997104 0.00431114
 0.475 2.05605 -0.0864844 -1.57436 0.000468836 -0.09974230000000001 0.00430039
 0.48 2.05689 -0.0866874 -1.57451 0.000457466 -0.0997841 0.00429621
 0.485 2.05759 -0.0868896 -1.57454 0.000445945 -0.0998218 0.00429163
 0.49 2.05815 -0.08706609999999999 -1.57449 0.000435672 -0.09985380000000001 0.00428727
 0.495 2.05867 -0.087229 -1.57442 0.000426125 -0.0998841 0.00428317
 0.5 2.05749 -0.08601830000000001 -1.57678 0.000483968 -0.09991609999999999 0.00427304
 0.505 2.05828 -0.08622879999999999 -1.57687 0.000471988 -0.09995660000000001 0.0042684
 0.51 2.05896 -0.086437 -1.57686 0.000459971 -0.0999935 0.00426346
 0.515 2.05951 -0.0866205 -1.57678 0.000449178 -0.100025 0.00425876
 0.52 2.06003 -0.0867898 -1.57668 0.00043915 -0.100056 0.00425436
 0.525 2.05878 -0.0855525 -1.57909 0.000498514 -0.100088 0.00424419
 0.53 2.05959 -0.085771 -1.57916 0.000485986 -0.100129 0.00423924
 0.535 2.06027 -0.0859868 -1.57913 0.000473436 -0.100166 0.00423398
 0.54 2.06082 -0.0861769 -1.57903 0.000462166 -0.100198 0.00422898
 0.545 2.06134 -0.08635230000000001 -1.57891 0.000451695 -0.100229 0.00422429
 0.55 2.06003 -0.0850704 -1.5814 0.000513536 -0.100261 0.00421407
 0.555 2.06085 -0.0852976 -1.58147 0.000500433 -0.100303 0.00420883
 0.5600000000000001 2.06155 -0.085522 -1.58143 0.000487317 -0.100342 0.00420325
 0.5649999999999999 2.06211 -0.0857194 -1.5813 0.000475548 -0.100374 0.00419794
 0.57 2.06264 -0.0859014 -1.58117 0.000464614 -0.100405 0.00419296
 0.575 2.06125 -0.08457580000000001 -1.58375 0.0005289510000000001 -0.100439 0.00418275
 0.58 2.06211 -0.0848124 -1.58381 0.000515252 -0.100482 0.00417722
 0.585 2.06282 -0.0850458 -1.58376 0.000501549 -0.100521 0.00417131
 0.59 2.06339 -0.0852509 -1.58363 0.00048926 -0.100555 0.00416569
 0.595 2.06393 -0.0854401 -1.58348 0.000477846 -0.100586 0.00416041
 0.6 2.06249 -0.08407340000000001 -1.58615 0.000544612 -0.100621 0.00415028
 0.605 2.06337 -0.0843197 -1.58621 0.000530302 -0.100666 0.00414444
 0.61 2.06411 -0.0845624 -1.58616 0.0005159989999999999 -0.100706 0.0041382
 0.615 2.06469 -0.0847757 -1.58601 0.00050318 -0.10074 0.00413226
 0.62 2.06358 -0.0836751 -1.58823 0.000556793 -0.100776 0.00412274
 0.625 2.06442 -0.0839274 -1.58824 0.0005420069999999999 -0.10082 0.00411647
 0.63 2.06514 -0.08417429999999999 -1.58815 0.000527377 -0.10086 0.00410995
 0.635 2.06574 -0.0843936 -1.58799 0.000514161 -0.100895 0.00410377
 0.64 2.06463 -0.08329789999999999 -1.59023 0.000567799 -0.100932 0.00409441
 0.645 2.06548 -0.08355600000000001 -1.59023 0.000552636 -0.100976 0.00408792
 0.65 2.06622 -0.0838082 -1.59014 0.0005376480000000001 -0.101017 0.00408118
 0.655 2.06683 -0.0840323 -1.58997 0.000524106 -0.101053 0.00407479
 0.66 2.06569 -0.08291709999999999 -1.59226 0.000579035 -0.10109 0.00406556
 0.665 2.06656 -0.0831812 -1.59226 0.00056348 -0.101136 0.00405886
 0.67 2.06732 -0.08343929999999999 -1.59216 0.000548107 -0.101178 0.00405189
 0.675 2.06794 -0.08366850000000001 -1.59199 0.000534222 -0.101214 0.00404528
 0.68 2.06677 -0.082533 -1.59433 0.000590515 -0.101252 0.00403622
 0.6850000000000001 2.06766 -0.0828035 -1.59433 0.000574549 -0.101299 0.0040293
 0.6899999999999999 2.06844 -0.0830678 -1.59424 0.000558772 -0.101342 0.00402209
 0.695 2.06907 -0.0833024 -1.59406 0.0005445270000000001 -0.101379 0.00401524
 0.7 2.06787 -0.08214780000000001 -1.59645 0.000602144 -0.101418 0.00400637
 0.705 2.06879 -0.082425 -1.59646 0.000585751 -0.101466 0.00399921
 0.71 2.06958 -0.0826957 -1.59636 0.000569556 -0.101509 0.00399175
 0.715 2.07022 -0.082936 -1.59618 0.000554938 -0.101547 0.00398467
 0.72 2.06899 -0.08176369999999999 -1.59862 0.000613833 -0.101587 0.00397601
 0.725 2.06993 -0.0820477 -1.59862 0.000597004 -0.101636 0.00396861
 0.73 2.07074 -0.0823251 -1.59852 0.000580383 -0.101681 0.00396089
 0.735 2.0714 -0.08257100000000001 -1.59834 0.000565385 -0.101719 0.00395356
 0.74 2.07014 -0.0813826 -1.60083 0.00062551 -0.10176 0.00394514
 0.745 2.0711 -0.0816735 -1.60084 0.00060824 -0.10181 0.0039375
 0.75 2.07193 -0.0819574 -1.60074 0.000591188 -0.101855 0.00392952
 0.755 2.0726 -0.0822092 -1.60054 0.000575805 -0.101895 0.00392193
 0.76 2.07132 -0.08100590000000001 -1.60309 0.000637118 -0.101936 0.00391378
 0.765 2.0723 -0.08130370000000001 -1.6031 0.000619404 -0.101987 0.0039059
 0.77 2.07314 -0.08159429999999999 -1.60299 0.000601919 -0.102034 0.00389765
 0.775 2.07382 -0.0818518 -1.60279 0.000586149 -0.102074 0.0038898
 0.78 2.07251 -0.0806351 -1.60539 0.000648608 -0.102116 0.00388195
 0.785 2.07352 -0.0809397 -1.6054 0.00063045 -0.102168 0.00387382
 0.79 2.07438 -0.0812369 -1.60529 0.0006125320000000001 -0.102215 0.00386529
 0.795 2.07507 -0.08150019999999999 -1.60509 0.000596376 -0.102256 0.00385719
 0.8 2.07374 -0.08027140000000001 -1.60773 0.000659938 -0.102299 0.00384967
 0.805 2.07476 -0.0805828 -1.60774 0.000641339 -0.102352 0.00384128
 0.8100000000000001 2.07564 -0.0808865 -1.60763 0.00062299 -0.1024 0.00383248
 0.8149999999999999 2.07634 -0.08115559999999999 -1.60742 0.000606448 -0.102442 0.00382411
 0.82 2.07498 -0.0799158 -1.61011 0.000671073 -0.102485 0.00381696
 0.825 2.07603 -0.080234 -1.61012 0.000652036 -0.102539 0.00380831
 0.83 2.07692 -0.08054409999999999 -1.61001 0.000633258 -0.102589 0.00379924
 0.835 2.07764 -0.0808189 -1.60979 0.000616334 -0.102631 0.0037906
 0.84 2.07625 -0.0795695 -1.61252 0.000681981 -0.102675 0.00378384
 0.845 2.07732 -0.0798943 -1.61254 0.000662509 -0.10273 0.00377494
 0.85 2.07822 -0.0802108 -1.61242 0.000643308 -0.10278 0.00376559
 0.855 2.07895 -0.0804911 -1.61221 0.000626004 -0.102823 0.00375669
 0.86 2.07754 -0.0792334 -1.61498 0.000692633 -0.102867 0.00375034
 0.865 2.07863 -0.0795646 -1.61499 0.000672732 -0.102924 0.00374118
 0.87 2.07955 -0.07988729999999999 -1.61488 0.0006531109999999999 -0.102974 0.00373155
 0.875 2.08029 -0.0801731 -1.61466 0.000635432 -0.103018 0.00372239
 0.88 2.07886 -0.0789083 -1.61747 0.000703002 -0.103063 0.00371649
 0.885 2.07996 -0.07924589999999999 -1.61748 0.000682677 -0.10312 0.00370708
 0.89 2.08089 -0.0795747 -1.61737 0.000662643 -0.103172 0.00369717
 0.895 2.07996 -0.0786742 -1.61951 0.000710533 -0.103218 0.00369029
 0.9 2.08098 -0.07901519999999999 -1.61945 0.000689845 -0.103273 0.00368029
 0.905 2.08188 -0.0793447 -1.6193 0.000669674 -0.103323 0.00367011
 0.91 2.08264 -0.0796398 -1.61908 0.000651354 -0.103368 0.00366049
 0.915 2.08122 -0.07839989999999999 -1.62188 0.000718558 -0.103414 0.00365536
 0.92 2.08234 -0.0787458 -1.6219 0.000697638 -0.103473 0.00364554
 0.925 2.08329 -0.0790824 -1.62178 0.000677038 -0.103525 0.00363521
 0.93 2.08234 -0.07818 -1.62397 0.00072582 -0.103572 0.00362895
 0.9350000000000001 2.08339 -0.0785295 -1.62391 0.000704534 -0.103628 0.00361854
 0.9399999999999999 2.08431 -0.0788671 -1.62375 0.000683783 -0.10368 0.00360793
 0.945 2.08339 -0.077996 -1.6259 0.000731153 -0.103728 0.00360182
 0.95 2.08444 -0.0783478 -1.62584 0.000709674 -0.103784 0.00359124
 0.955 2.08536 -0.07868749999999999 -1.62568 0.000688755 -0.103835 0.00358049
 0.96 2.08444 -0.0778179 -1.62784 0.000736393 -0.103884 0.00357468
 0.965 2.0855 -0.0781722 -1.62778 0.000714724 -0.10394 0.00356396
 0.97 2.08643 -0.0785141 -1.62762 0.00069362 -0.103992 0.00355306
 0.975 2.0855 -0.0776439 -1.6298 0.000741661 -0.104041 0.00354758
 0.98 2.08656 -0.0780008 -1.62973 0.00071979 -0.104098 0.00353671
 0.985 2.0875 -0.0783454 -1.62958 0.000698486 -0.10415 0.00352564
 0.99 2.08656 -0.0774749 -1.63177 0.000746914 -0.104199 0.00352049
 0.995 2.08763 -0.07783470000000001 -1.63171 0.000724829 -0.104256 0.00350946
 1 2.08858 -0.078182 -1.63155 0.0007033160000000001 -0.104308 0.00349824
 1.005 2.08763 -0.07731200000000001 -1.63377 0.000752101 -0.104358 0.00349341
 1.01 2.08871 -0.0776747 -1.63371 0.000729794 -0.104415 0.00348222
 1.015 2.08966 -0.07802489999999999 -1.63355 0.000708064 -0.104468 0.00347083
 1.02 2.08871 -0.077156 -1.63578 0.000757178 -0.104518 0.00346633
 1.025 2.0898 -0.0775217 -1.63571 0.000734645 -0.104576 0.00345498
 1.03 2.09075 -0.07787479999999999 -1.63556 0.000712694 -0.104629 0.00344341
 1.035 2.08979 -0.0770076 -1.6378 0.00076211 -0.104679 0.00343925
 1.04 2.09089 -0.0773764 -1.63774 0.000739348 -0.104737 0.00342773
 1.045 2.09185 -0.07773239999999999 -1.63758 0.000717174 -0.10479 0.00341598
 1.05 2.09088 -0.0768674 -1.63983 0.000766867 -0.10484 0.00341216
 1.055 2.09198 -0.0772393 -1.63977 0.0007438739999999999 -0.104899 0.00340047
 1.06 2.09295 -0.07759820000000001 -1.63962 0.000721476 -0.104953 0.00338855
 1.065 2.09198 -0.076736 -1.64188 0.000771424 -0.105003 0.00338507
 1.07 2.09308 -0.0771109 -1.64182 0.000748201 -0.105062 0.00337321
 1.075 2.09406 -0.07747279999999999 -1.64166 0.00072558 -0.105116 0.00336111
 1.08 2.09308 -0.0766139 -1.64394 0.000775759 -0.105166 0.00335799
 1.085 2.09419 -0.0769918 -1.64388 0.000752308 -0.105226 0.00334595
 1.09 2.09517 -0.07735649999999999 -1.64372 0.000729465 -0.10528 0.00333367
 1.095 2.09418 -0.0765014 -1.64601 0.000779854 -0.105331 0.00333091
 1.1 2.0953 -0.0768822 -1.64595 0.000756177 -0.10539 0.00331871
 1.105 2.09628 -0.0772497 -1.64579 0.000733115 -0.105444 0.00330625
 1.11 2.09529 -0.07639890000000001 -1.64809 0.000783693 -0.105495 0.00330385
 1.115 2.09641 -0.07678260000000001 -1.64803 0.0007597940000000001 -0.105555 0.00329148
 1.12 2.0974 -0.07715279999999999 -1.64787 0.000736517 -0.10561 0.00327884
 1.125 2.0964 -0.07630670000000001 -1.65018 0.000787263 -0.105661 0.00327682
 1.13 2.09753 -0.0766931 -1.65012 0.000763146 -0.105721 0.00326427
 1.135 2.09852 -0.0770661 -1.64995 0.000739657 -0.105776 0.00325147
 1.14 2.09752 -0.076225 -1.65227 0.000790552 -0.105827 0.00324981
 1.145 2.09865 -0.07661419999999999 -1.65221 0.000766221 -0.105887 0.0032371
 1.15 2.09964 -0.07698969999999999 -1.65205 0.000742525 -0.105942 0.00322412
 1.155 2.09863 -0.07615420000000001 -1.65437 0.0007935489999999999 -0.105993 0.00322285
 1.16 2.09977 -0.0765459 -1.65431 0.00076901 -0.106054 0.00320997
 1.165 2.10077 -0.0769239 -1.65415 0.000745112 -0.106109 0.00319683
 1.17 2.09975 -0.0760943 -1.65648 0.000796244 -0.10616 0.00319594
 1.175 2.10089 -0.0764885 -1.65642 0.000771503 -0.106221 0.0031829
 1.18 2.10189 -0.0768689 -1.65625 0.000747409 -0.106276 0.00316959
 1.185 2.10088 -0.0760456 -1.65859 0.00079863 -0.106327 0.00316909
 1.19 2.10202 -0.0764422 -1.65853 0.000773693 -0.106388 0.00315589
 1.195 2.10302 -0.0768249 -1.65836 0.000749409 -0.106443 0.00314242
 1.2 2.102 -0.0760083 -1.6607 0.000800699 -0.106495 0.00314231
 1.205 2.10314 -0.07640719999999999 -1.66064 0.000775572 -0.106556 0.00312896
 1.21 2.10415 -0.076792 -1.66047 0.0007511040000000001 -0.106611 0.00311532
 1.215 2.10312 -0.07598249999999999 -1.66282 0.000802445 -0.106663 0.00311561
 1.22 2.10427 -0.07638349999999999 -1.66276 0.000777134 -0.106723 0.00310211
 1.225 2.10528 -0.0767704 -1.66259 0.0007524880000000001 -0.106779 0.00308832
 1.23 2.10425 -0.0759682 -1.66494 0.000803861 -0.10683 0.003089
 1.235 2.10539 -0.0763713 -1.66487 0.000778374 -0.106891 0.00307535
 1.24 2.1064 -0.0767601 -1.66471 0.000753557 -0.106947 0.00306141
 1.245 2.10537 -0.0759657 -1.66706 0.000804942 -0.106999 0.0030625
 1.25 2.10652 -0.0763706 -1.66699 0.000779286 -0.10706 0.0030487
 1.255 2.10753 -0.0767612 -1.66683 0.000754305 -0.107115 0.00303461
 1.26 2.10649 -0.0759749 -1.66918 0.000805683 -0.107167 0.0030361
 1.265 2.10764 -0.07638159999999999 -1.66911 0.000779865 -0.107228 0.00302217
 1.27 2.10865 -0.07677390000000001 -1.66894 0.000754727 -0.107283 0.00300794
 1.275 2.10762 -0.07599590000000001 -1.67129 0.000806079 -0.107335 0.00300983
 1.28 2.10877 -0.07640420000000001 -1.67123 0.000780108 -0.107396 0.00299576
 1.285 2.10978 -0.07679809999999999 -1.67106 0.000754821 -0.107451 0.00298139
 1.29 2.10874 -0.07602879999999999 -1.67341 0.000806128 -0.107503 0.00298369
 1.295 2.10989 -0.0764386 -1.67335 0.0007800110000000001 -0.107564 0.00296949
 1.3 2.1109 -0.076834 -1.67318 0.000754583 -0.107619 0.00295498
 1.305 2.10986 -0.07607360000000001 -1.67553 0.000805826 -0.107671 0.00295769
 1.31 2.111 -0.07648480000000001 -1.67547 0.00077957 -0.107732 0.00294336
 1.315 2.11201 -0.07688150000000001 -1.6753 0.000754008 -0.107787 0.00292873
 1.32 2.11097 -0.0761303 -1.67764 0.000805169 -0.107838 0.00293184
 1.325 2.11212 -0.07654270000000001 -1.67758 0.000778784 -0.107899 0.00291739
 1.33 2.11313 -0.0769406 -1.67741 0.000753096 -0.107954 0.00290263
 1.335 2.11209 -0.0761989 -1.67975 0.000804155 -0.108006 0.00290615
 1.34 2.11323 -0.0766124 -1.67969 0.000777649 -0.108066 0.00289158
 1.345 2.11424 -0.0770113 -1.67951 0.000751845 -0.108122 0.0028767
 1.35 2.1132 -0.0762794 -1.68185 0.0008027829999999999 -0.108173 0.00288062
 1.355 2.11434 -0.0766939 -1.68179 0.000776164 -0.108233 0.00286594
 1.36 2.11535 -0.0770937 -1.68162 0.000750251 -0.108288 0.00285095
 1.365 2.11431 -0.0763717 -1.68395 0.00080105 -0.10834 0.00285528
 1.37 2.11545 -0.07678699999999999 -1.68389 0.000774328 -0.1084 0.00284049
 1.375 2.11645 -0.0771876 -1.68371 0.000748315 -0.108455 0.00282539
 1.38 2.11541 -0.0764758 -1.68604 0.000798955 -0.108506 0.00283011
 1.385 2.11655 -0.0768918 -1.68598 0.000772139 -0.108566 0.00281522
 1.39 2.11755 -0.077293 -1.68581 0.000746035 -0.108621 0.00280003
 1.395 2.11651 -0.0765916 -1.68813 0.000796499 -0.108672 0.00280514
 1.4 2.11764 -0.0770081 -1.68806 0.000769597 -0.108732 0.00279016
 1.405 2.11864 -0.0774098 -1.68789 0.000743411 -0.108786 0.00277487
 1.41 2.1176 -0.076719 -1.6902 0.000793679 -0.108837 0.00278037
 1.415 2.11873 -0.07713589999999999 -1.69014 0.000766702 -0.108897 0.0027653
 1.42 2.11973 -0.077538 -1.68996 0.000740442 -0.108951 0.00274992
 1.425 2.11869 -0.076858 -1.69227 0.000790497 -0.109001 0.00275581
 1.43 2.11982 -0.0772751 -1.6922 0.000763454 -0.109061 0.00274065
 1.435 2.12081 -0.07767739999999999 -1.69203 0.00073713 -0.109115 0.00272519
 1.44 2.11978 -0.0770084 -1.69433 0.000786953 -0.109165 0.00273146
 1.445 2.1209 -0.0774256 -1.69426 0.000759853 -0.109224 0.00271623
 1.45 2.12188 -0.07782790000000001 -1.69409 0.000733475 -0.109278 0.00270069
 1.455 2.12085 -0.07717010000000001 -1.69637 0.000783047 -0.109328 0.00270734
 1.46 2.12197 -0.0775872 -1.6963 0.000755902 -0.109387 0.00269203
 1.465 2.12295 -0.0779894 -1.69613 0.000729479 -0.109441 0.00267642
 1.47 2.12192 -0.07734290000000001 -1.69841 0.000778782 -0.109491 0.00268344
 1.475 2.12303 -0.0777598 -1.69834 0.0007515999999999999 -0.109549 0.00266807
 1.48 2.12401 -0.0781618 -1.69817 0.000725142 -0.109603 0.0026524
 1.485 2.12299 -0.0775267 -1.70043 0.0007741580000000001 -0.109652 0.00265978
 1.49 2.12409 -0.0779432 -1.70036 0.00074695 -0.10971 0.00264435
 1.495 2.12507 -0.07834480000000001 -1.70019 0.000720467 -0.109763 0.00262862
 1.5 2.12405 -0.07772129999999999 -1.70244 0.000769178 -0.109813 0.00263636
 1.505 2.12514 -0.0781372 -1.70237 0.000741954 -0.109871 0.00262088
 1.51 2.12611 -0.07853830000000001 -1.7022 0.000715457 -0.109923 0.0026051
 1.515 2.1251 -0.0779265 -1.70443 0.000763844 -0.109972 0.00261318
 1.52 2.12619 -0.0783417 -1.70437 0.0007366160000000001 -0.11003 0.00259765
 1.525 2.12715 -0.0787421 -1.70419 0.000710113 -0.110082 0.00258184
 1.53 2.12614 -0.07814210000000001 -1.70642 0.00075816 -0.110131 0.00259026
 1.535 2.12722 -0.0785565 -1.70635 0.000730937 -0.110188 0.00257469
 1.54 2.12818 -0.0789561 -1.70618 0.00070444 -0.11024 0.00255885
 1.545 2.12718 -0.0783679 -1.70838 0.000752129 -0.110288 0.00256759
 1.55 2.12825 -0.0787813 -1.70831 0.000724922 -0.110345 0.00255199
 1.555 2.1292 -0.0791799 -1.70814 0.000698442 -0.110397 0.00253612
 1.56 2.1282 -0.0786037 -1.71033 0.0007457539999999999 -0.110444 0.00254518
 1.565 2.12927 -0.0790159 -1.71026 0.000718574 -0.110501 0.00252956
 1.57 2.13021 -0.0794134 -1.71009 0.000692121 -0.110552 0.00251367
 1.575 2.12922 -0.07884919999999999 -1.71226 0.000739039 -0.110599 0.00252304
 1.58 2.13028 -0.0792601 -1.71219 0.000711898 -0.110655 0.0025074
 1.585 2.13121 -0.0796562 -1.71202 0.000685483 -0.110706 0.0024915
 1.59 2.13023 -0.0791041 -1.71418 0.00073199 -0.110753 0.00250117
 1.595 2.13128 -0.0795135 -1.71411 0.000704899 -0.110809 0.00248552
 1.6 2.13221 -0.0799083 -1.71394 0.000678532 -0.110859 0.00246961
 1.605 2.13123 -0.0793683 -1.71608 0.000724612 -0.110906 0.00247956
 1.61 2.13227 -0.079776 -1.716 0.000697581 -0.110961 0.00246392
 1.615 2.13319 -0.0801692 -1.71584 0.000671274 -0.111011 0.00244802
 1.62 2.13222 -0.0796414 -1.71796 0.000716908 -0.111057 0.00245824
 1.625 2.13325 -0.0800473 -1.71788 0.00068995 -0.111112 0.0024426
 1.63 2.13417 -0.0804387 -1.71771 0.000663714 -0.111161 0.00242671
 1.635 2.13495 -0.08078879999999999 -1.71747 0.000639916 -0.111205 0.00241176
 1.64 2.13343 -0.0799883 -1.72027 0.000707419 -0.11125 0.00243103
 1.645 2.13454 -0.0803928 -1.72028 0.000680668 -0.111307 0.00241611
 1.65 2.13548 -0.0807866 -1.72015 0.000654299 -0.111358 0.00240035
 1.655 2.13448 -0.080262 -1.72229 0.000700882 -0.111403 0.00241189
 1.66 2.13549 -0.0806665 -1.72222 0.000673928 -0.111456 0.00239619
 1.665 2.13639 -0.0810568 -1.72205 0.000647669 -0.111505 0.00238022
 1.67 2.13716 -0.0814058 -1.72181 0.000623862 -0.111548 0.00236519
 1.675 2.13567 -0.0806441 -1.72455 0.000689833 -0.111592 0.00238509
 1.68 2.13675 -0.0810459 -1.72456 0.000663152 -0.111648 0.0023701
 1.685 2.13767 -0.0814372 -1.72442 0.000636855 -0.111697 0.00235429
 1.69 2.13842 -0.0817837 -1.72418 0.000613162 -0.111739 0.00233928
 1.695 2.13691 -0.0810216 -1.72694 0.0006800349999999999 -0.111782 0.00236023
 1.7 2.13798 -0.0814226 -1.72695 0.000653365 -0.111838 0.00234523
 1.705 2.13889 -0.08181330000000001 -1.72682 0.000627058 -0.111887 0.00232938
 1.71 2.13964 -0.0821591 -1.72657 0.000603365 -0.111928 0.00231433
 1.715 2.13814 -0.0814197 -1.72929 0.000669267 -0.111971 0.00233555
 1.72 2.13919 -0.08181910000000001 -1.7293 0.000642649 -0.112025 0.00232052
 1.725 2.14009 -0.08220810000000001 -1.72917 0.000616398 -0.112074 0.00230465
 1.73 2.14083 -0.08255270000000001 -1.72892 0.000592751 -0.112115 0.0022896
 1.735 2.13935 -0.0818376 -1.7316 0.000657488 -0.112157 0.00231102
 1.74 2.14039 -0.0822344 -1.7316 0.000630981 -0.11221 0.00229597
 1.745 2.14127 -0.082621 -1.73147 0.000604844 -0.112258 0.00228013
 1.75 2.142 -0.08296340000000001 -1.73123 0.000581293 -0.112298 0.00226511
 1.755 2.14055 -0.0822725 -1.73386 0.000644833 -0.112339 0.00228669
 1.76 2.14156 -0.082666 -1.73385 0.000618488 -0.112392 0.00227168
 1.765 2.14244 -0.0830494 -1.73372 0.000592513 -0.112439 0.0022559
 1.77 2.14315 -0.08338909999999999 -1.73348 0.000569104 -0.112479 0.00224095
 1.775 2.14173 -0.0827219 -1.73606 0.000631426 -0.112519 0.00226266
 1.78 2.14272 -0.0831115 -1.73606 0.000605286 -0.112571 0.00224771
 1.785 2.14358 -0.0834911 -1.73593 0.000579516 -0.112617 0.00223202
 1.79 2.14428 -0.0838276 -1.73569 0.000556286 -0.112656 0.00221716
 1.795 2.14288 -0.0831837 -1.73822 0.000617365 -0.112696 0.00223898
 1.8 2.14386 -0.0835689 -1.73821 0.0005914680000000001 -0.112747 0.00222411
 1.805 2.1447 -0.08394409999999999 -1.73808 0.000565939 -0.112792 0.00220853
 1.81 2.14539 -0.0842769 -1.73785 0.000542922 -0.11283 0.0021938
 1.815 2.14402 -0.0836562 -1.74033 0.000602729 -0.112869 0.00221568
 1.82 2.14497 -0.0840364 -1.74032 0.00057711 -0.112919 0.00220093
 1.825 2.1458 -0.08440690000000001 -1.74018 0.000551855 -0.112963 0.00218549
 1.83 2.14648 -0.08473550000000001 -1.73996 0.000529081 -0.113001 0.00217089
 1.835 2.14514 -0.08413760000000001 -1.74238 0.000587584 -0.113039 0.00219281
 1.84 2.14607 -0.0845125 -1.74237 0.000562273 -0.113088 0.00217818
 1.845 2.14688 -0.0848777 -1.74224 0.000537323 -0.113131 0.0021629
 1.85 2.14755 -0.0852019 -1.74202 0.000514818 -0.113168 0.00214847
 1.855 2.14623 -0.0846266 -1.74439 0.000571986 -0.113206 0.00217037
 1.86 2.14714 -0.08499569999999999 -1.74437 0.000547012 -0.113253 0.00215589
 1.865 2.14793 -0.0853554 -1.74424 0.000522394 -0.113295 0.00214079
 1.87 2.14859 -0.0856748 -1.74402 0.000500185 -0.113332 0.00212654
 1.875 2.14731 -0.0851218 -1.74634 0.000555983 -0.113368 0.00214839
 1.88 2.14819 -0.0854847 -1.74632 0.000531373 -0.113415 0.00213408
 1.885 2.14897 -0.0858385 -1.74619 0.000507112 -0.113456 0.00211917
 1.89 2.14961 -0.0861528 -1.74598 0.000485223 -0.113492 0.00210512
 1.895 2.14836 -0.0856219 -1.74824 0.000539617 -0.113528 0.00212687
 1.9 2.14922 -0.0859784 -1.74821 0.000515396 -0.113573 0.00211274
 1.905 2.14998 -0.086326 -1.74809 0.000491519 -0.113613 0.00209805
 1.91 2.15061 -0.0866348 -1.74788 0.000469971 -0.113648 0.00208422
 1.915 2.14939 -0.0861258 -1.75008 0.000522927 -0.113683 0.00210582
 1.92 2.15023 -0.0864755 -1.75006 0.00049912 -0.113727 0.00209189
 1.925 2.15097 -0.0868165 -1.74993 0.000475651 -0.113766 0.00207743
 1.93 2.15159 -0.08711960000000001 -1.74973 0.000454466 -0.1138 0.00206383
 1.935 2.1504 -0.08663220000000001 -1.75187 0.000505951 -0.113835 0.00208523
 1.94 2.15122 -0.0869748 -1.75184 0.00048258 -0.113877 0.00207152
 1.945 2.15194 -0.087309 -1.75172 0.000459542 -0.113916 0.00205731
 1.95 2.15254 -0.0876062 -1.75153 0.000438742 -0.113949 0.00204395
 1.955 2.1531 -0.0878785 -1.75133 0.000419563 -0.11398 0.00203155
 1.96 2.15155 -0.0872284 -1.75391 0.000486236 -0.114013 0.00206112
 1.965 2.1524 -0.0875633 -1.75394 0.000463483 -0.114057 0.00204823
 1.97 2.15312 -0.0878931 -1.75385 0.000440775 -0.114095 0.00203439
 1.975 2.1537 -0.0881837 -1.75366 0.000420394 -0.114127 0.00202127
 1.98 2.15425 -0.08845020000000001 -1.75346 0.000401602 -0.114157 0.0020091
 1.985 2.15271 -0.0878187 -1.756 0.000467283 -0.114189 0.00203884
 1.99 2.15354 -0.088147 -1.75603 0.000444946 -0.114231 0.00202614
 1.995 2.15424 -0.08847049999999999 -1.75594 0.000422636 -0.114268 0.00201252
 2 2.15481 -0.08875570000000001 -1.75575 0.000402611 -0.1143 0.00199962
 2.005 2.15534 -0.0890171 -1.75556 0.000384148 -0.114329 0.00198766
 2.01 2.15386 -0.0884211 -1.758 0.0004472 -0.114359 0.0020167
 2.015 2.15465 -0.0887414 -1.75802 0.000425359 -0.1144 0.00200421
 2.02 2.15533 -0.089057 -1.75794 0.00040355 -0.114436 0.00199086
 2.025 2.15587 -0.0893356 -1.75775 0.000383964 -0.114466 0.00197824
 2.03 2.15639 -0.089591 -1.75757 0.000365904 -0.114494 0.00196653
 2.035 2.15497 -0.089031 -1.75991 0.00042615 -0.114524 0.00199474
 2.04 2.15573 -0.089342 -1.75992 0.00040489 -0.114563 0.00198251
 2.045 2.15638 -0.08964859999999999 -1.75983 0.000383667 -0.114597 0.00196948
 2.05 2.15691 -0.0899195 -1.75966 0.000364596 -0.114626 0.0019572
 2.055 2.15741 -0.0901679 -1.75948 0.000347011 -0.114654 0.0019458
 2.06 2.15606 -0.0896431 -1.76171 0.000404409 -0.114682 0.00197311
 2.065 2.15678 -0.0899438 -1.76172 0.0003838 -0.114719 0.00196118
 2.07 2.1574 -0.0902404 -1.76163 0.000363232 -0.114752 0.00194853
 2.075 2.15791 -0.09050279999999999 -1.76147 0.000344739 -0.11478 0.00193663
 2.08 2.15839 -0.0907434 -1.7613 0.000327687 -0.114807 0.00192558
 2.085 2.15884 -0.0909638 -1.76113 0.00031197 -0.114831 0.00191533
 2.09 2.15724 -0.0903322 -1.76365 0.000379875 -0.114858 0.00194883
 2.095 2.15797 -0.0906217 -1.7637 0.000360117 -0.114895 0.00193774
 2.1 2.15858 -0.0909097 -1.76364 0.000340169 -0.114927 0.0019256
 2.105 2.15907 -0.09116249999999999 -1.76348 0.000322324 -0.114954 0.0019141
 2.11 2.15952 -0.0913944 -1.76332 0.000305869 -0.114979 0.00190343
 2.115 2.15995 -0.0916069 -1.76316 0.000290701 -0.115003 0.00189354
 2.12 2.15842 -0.09101330000000001 -1.76556 0.000355504 -0.115028 0.00192604
 2.125 2.1591 -0.09129130000000001 -1.76561 0.000336487 -0.115063 0.00191528
 2.13 2.15969 -0.0915682 -1.76555 0.000317279 -0.115093 0.00190356
 2.135 2.16015 -0.09181159999999999 -1.7654 0.000300086 -0.115119 0.00189249
 2.14 2.16059 -0.0920349 -1.76525 0.000284231 -0.115143 0.00188222
 2.145 2.161 -0.0922395 -1.76509 0.000269615 -0.115165 0.00187269
 2.15 2.15957 -0.0916964 -1.76734 0.00032993 -0.115189 0.00190337
 2.155 2.1602 -0.0919611 -1.76737 0.000311772 -0.115221 0.00189299
 2.16 2.16075 -0.0922249 -1.76731 0.000293441 -0.11525 0.00188178
 2.165 2.16119 -0.09245730000000001 -1.76717 0.000277014 -0.115274 0.00187121
 2.17 2.1616 -0.0926705 -1.76703 0.000261865 -0.115297 0.00186141
 2.175 2.16199 -0.092866 -1.76689 0.000247898 -0.115318 0.00185231
 2.18 2.16236 -0.093045 -1.76674 0.000235028 -0.115338 0.00184388
 2.185 2.16078 -0.09244239999999999 -1.76914 0.000301388 -0.11536 0.00187849
 2.19 2.1614 -0.0926918 -1.7692 0.000284328 -0.115391 0.00186897
 2.195 2.16192 -0.0929426 -1.76915 0.000266922 -0.115419 0.00185841
 2.2 2.16233 -0.0931622 -1.76903 0.000251386 -0.115441 0.00184842
 2.205 2.16272 -0.0933638 -1.7689 0.000237057 -0.115462 0.00183915
 2.21 2.16308 -0.0935487 -1.76877 0.000223845 -0.115482 0.00183056
 2.215 2.16342 -0.0937181 -1.76863 0.000211667 -0.115501 0.00182259
 2.22 2.16197 -0.09317449999999999 -1.77083 0.000272494 -0.115521 0.00185474
 2.225 2.16253 -0.0934074 -1.77088 0.000256511 -0.115549 0.00184571
 2.23 2.16302 -0.093642 -1.77084 0.000240206 -0.115574 0.00183578
 2.235 2.1634 -0.093848 -1.77072 0.000225632 -0.115595 0.00182643
 2.24 2.16376 -0.0940372 -1.77061 0.000212189 -0.115615 0.00181775
 2.245 2.16409 -0.09421069999999999 -1.77049 0.00019979 -0.115633 0.00180971
 2.25 2.16441 -0.0943698 -1.77037 0.000188361 -0.115651 0.00180225
 2.255 2.16471 -0.09451560000000001 -1.77025 0.000177828 -0.115667 0.00179533
 2.26 2.16321 -0.0939551 -1.77246 0.00024038 -0.115685 0.00182904
 2.265 2.16374 -0.0941685 -1.77252 0.000225759 -0.115711 0.00182088
 2.27 2.16418 -0.09438539999999999 -1.77249 0.000210699 -0.115734 0.00181176
 2.275 2.16453 -0.0945752 -1.77239 0.000197275 -0.115753 0.00180317
 2.28 2.16486 -0.0947496 -1.77229 0.000184889 -0.115771 0.0017952
 2.285 2.16516 -0.0949097 -1.77219 0.000173464 -0.115788 0.0017878
 2.29 2.16545 -0.0950566 -1.77208 0.000162927 -0.115803 0.00178095
 2.295 2.16572 -0.0951912 -1.77198 0.000153214 -0.115818 0.00177459
 2.3 2.16597 -0.0953145 -1.77187 0.000144263 -0.115832 0.00176869
 2.305 2.16621 -0.0954274 -1.77177 0.000136017 -0.115845 0.00176322
 2.31 2.16458 -0.0948107 -1.77411 0.000204157 -0.11586 0.00180074
 2.315 2.16506 -0.0950014 -1.77419 0.000191169 -0.115884 0.00179374
 2.32 2.16547 -0.0951984 -1.77419 0.000177542 -0.115905 0.0017856
 2.325 2.16578 -0.0953695 -1.7741 0.000165467 -0.115922 0.00177789
 2.33 2.16606 -0.0955268 -1.77402 0.000154321 -0.115937 0.00177074
 2.335 2.16633 -0.0956714 -1.77393 0.000144034 -0.115952 0.00176411
 2.34 2.16659 -0.09580420000000001 -1.77385 0.000134543 -0.115966 0.00175797
 2.345 2.16682 -0.0959261 -1.77376 0.000125787 -0.115979 0.00175227
 2.35 2.16704 -0.096038 -1.77368 0.000117713 -0.115991 0.00174698
 2.355 2.16725 -0.0961405 -1.77359 0.000110269 -0.116002 0.00174208
 2.36 2.16745 -0.0962345 -1.77351 0.000103407 -0.116013 0.00173753
 2.365 2.16763 -0.0963205 -1.77342 9.70848e-05 -0.116023 0.00173332
 2.37 2.1678 -0.09639929999999999 -1.77334 9.126100000000001e-05 -0.116033 0.00172941
 2.375 2.16613 -0.0957665 -1.77567 0.000160787 -0.116044 0.00176841
 2.38 2.16655 -0.0959276 -1.77577 0.000149903 -0.116065 0.00176275
 2.385 2.1669 -0.0960974 -1.77579 0.000138221 -0.116083 0.00175586
 2.39 2.16715 -0.096244 -1.77573 0.000127929 -0.116096 0.00174934
 2.395 2.16739 -0.09637900000000001 -1.77567 0.000118421 -0.116109 0.00174329
 2.4 2.16761 -0.0965034 -1.77561 0.000109638 -0.116121 0.00173768
 2.405 2.16782 -0.0966178 -1.77555 0.000101525 -0.116132 0.00173248
 2.41 2.16801 -0.0967232 -1.77549 9.40332e-05 -0.116143 0.00172766
 2.415 2.16819 -0.09682010000000001 -1.77543 8.71149e-05 -0.116152 0.00172319
 2.42 2.16836 -0.0969092 -1.77537 8.072709999999999e-05 -0.116162 0.00171905
 2.425 2.16852 -0.0969911 -1.77531 7.483e-05 -0.11617 0.00171521
 2.43 2.16867 -0.0970665 -1.77526 6.93862e-05 -0.116178 0.00171164
 2.435 2.16881 -0.09713579999999999 -1.7752 6.43606e-05 -0.116186 0.00170834
 2.44 2.16894 -0.09719940000000001 -1.77515 5.97229e-05 -0.116193 0.00170528
 2.445 2.16906 -0.09725789999999999 -1.77509 5.54425e-05 -0.1162 0.00170244
 2.45 2.16917 -0.0973116 -1.77504 5.14921e-05 -0.116206 0.0016998
 2.455 2.16928 -0.097361 -1.77499 4.7847e-05 -0.116212 0.00169736
 2.46 2.16938 -0.0974063 -1.77494 4.44837e-05 -0.116217 0.0016951
 2.465 2.16947 -0.0974479 -1.77489 4.13804e-05 -0.116223 0.001693
 2.47 2.16956 -0.09748610000000001 -1.77485 3.85167e-05 -0.116227 0.00169105
 2.475 2.16964 -0.0975212 -1.7748 3.5874e-05 -0.116232 0.00168925
 2.48 2.16971 -0.0975535 -1.77476 3.34349e-05 -0.116236 0.00168758
 2.485 2.16978 -0.09758310000000001 -1.77472 3.11833e-05 -0.11624 0.00168603
 2.49 2.16985 -0.0976104 -1.77468 2.91043e-05 -0.116244 0.00168459
 2.495 2.16991 -0.0976354 -1.77464 2.71839e-05 -0.116248 0.00168326
 2.5 2.16997 -0.0976585 -1.77461 2.54095e-05 -0.116251 0.00168202
 2.505 2.17002 -0.0976798 -1.77457 2.37692e-05 -0.116254 0.00168087
 2.51 2.17007 -0.09769940000000001 -1.77454 2.22514e-05 -0.116257 0.00167981
 2.515 2.17012 -0.0977176 -1.77451 2.08455e-05 -0.116259 0.00167883
 2.52 2.17016 -0.0977345 -1.77449 1.95439e-05 -0.116262 0.00167792
 2.525 2.1702 -0.09775010000000001 -1.77446 1.83349e-05 -0.116264 0.00167707
 2.53 2.17024 -0.0977648 -1.77444 1.7199e-05 -0.116266 0.00167628
 2.535 2.17028 -0.0977789 -1.77442 1.61219e-05 -0.116268 0.00167553
 2.54 2.17031 -0.0977924 -1.7744 1.50924e-05 -0.11627 0.00167482
 2.545 2.17035 -0.09780560000000001 -1.77438 1.40978e-05 -0.116272 0.00167415
 2.55 2.17038 -0.09781860000000001 -1.77436 1.31269e-05 -0.116274 0.00167349
 2.555 2.16889 -0.0964642 -1.77639 0.000111883 -0.116278 0.00170284
 2.56 2.16913 -0.09659719999999999 -1.77652 0.000103446 -0.116291 0.00169926
 2.565 2.16933 -0.0967537 -1.77658 9.34964e-05 -0.116301 0.00169426
 2.57 2.16947 -0.0968894 -1.77658 8.48375e-05 -0.116308 0.00168958
 2.575 2.16959 -0.09701659999999999 -1.77659 7.67195e-05 -0.116315 0.0016852
 2.58 2.16972 -0.09713620000000001 -1.77659 6.909390000000001e-05 -0.116321 0.00168109
 2.585 2.16984 -0.0972489 -1.77659 6.19162e-05 -0.116327 0.00167722
 2.59 2.16995 -0.0973552 -1.77659 5.51447e-05 -0.116333 0.00167357
 2.595 2.17006 -0.0974558 -1.7766 4.87381e-05 -0.116339 0.00167013
 2.6 2.17017 -0.0975514 -1.7766 4.2657e-05 -0.116345 0.00166686
 2.605 2.17056 -0.0944884 -1.77643 0.000180702 -0.116351 0.00163248
 2.61 2.17067 -0.0947378 -1.77644 0.000165859 -0.116359 0.00162598
 2.615 2.17076 -0.0950213 -1.77644 0.000149169 -0.116366 0.0016188
 2.62 2.17084 -0.095274 -1.77643 0.000134304 -0.116371 0.00161233
 2.625 2.17091 -0.0955111 -1.77641 0.000120347 -0.116377 0.00160624
 2.63 2.17099 -0.0957339 -1.7764 0.000107221 -0.116382 0.00160051
 2.635 2.17152 -0.09271119999999999 -1.77603 0.000238632 -0.116388 0.00155878
 2.64 2.17161 -0.0930718 -1.77602 0.000217751 -0.116396 0.00155022
 2.645 2.17166 -0.0934586 -1.776 0.000195431 -0.116402 0.00154115
 2.65 2.17171 -0.0938078 -1.77598 0.000175282 -0.116407 0.00153291
 2.655 2.17176 -0.0941351 -1.77596 0.000156375 -0.116413 0.00152514
 2.66 2.17231 -0.0910594 -1.77553 0.000288745 -0.116419 0.00147942
 2.665 2.17238 -0.0915185 -1.77551 0.00026242 -0.116426 0.00146893
 2.67 2.17241 -0.0919992 -1.77549 0.000234896 -0.116433 0.00145801
 2.675 2.17244 -0.09243560000000001 -1.77545 0.000209913 -0.116438 0.00144804
 2.68 2.17294 -0.0896499 -1.77503 0.000328254 -0.116444 0.00140239
 2.685 2.17299 -0.090194 -1.77501 0.000297192 -0.116452 0.00139017
 2.69 2.17302 -0.0907514 -1.77497 0.000265399 -0.116458 0.00137769
 2.695 2.17304 -0.0912601 -1.77493 0.000236381 -0.116464 0.00136624
 2.7 2.17358 -0.0882011 -1.77446 0.000366127 -0.11647 0.00131535
 2.705 2.17363 -0.0888258 -1.77443 0.000330559 -0.116479 0.00130145
 2.71 2.17365 -0.0894635 -1.77439 0.000294274 -0.116486 0.00128729
 2.715 2.17367 -0.0900458 -1.77434 0.000261139 -0.116492 0.0012743
 2.72 2.17426 -0.0866647 -1.77382 0.000404448 -0.116499 0.00121756
 2.725 2.17431 -0.0873736 -1.77379 0.000364163 -0.116508 0.00120187
 2.73 2.17433 -0.0880957 -1.77374 0.000323148 -0.116516 0.00118593
 2.735 2.17481 -0.0854505 -1.77328 0.000432478 -0.116523 0.00113386
 2.74 2.17484 -0.0862338 -1.77323 0.000388019 -0.116532 0.00111659
 2.745 2.17485 -0.087016 -1.77317 0.000343627 -0.116539 0.00109935
 2.75 2.17534 -0.08429499999999999 -1.77269 0.000455691 -0.116547 0.00104452
 2.755 2.17537 -0.0851402 -1.77264 0.000407758 -0.116556 0.00102592
 2.76 2.17538 -0.08598219999999999 -1.77258 0.00036001 -0.116564 0.00100738
 2.765 2.1759 -0.08310770000000001 -1.77207 0.000478307 -0.116572 0.00094902
 2.77 2.17594 -0.0840151 -1.77202 0.00042688 -0.116582 0.000929052
 2.775 2.17594 -0.0849184 -1.77195 0.000375694 -0.116591 0.0009091839999999999
 2.78 2.1765 -0.08188570000000001 -1.7714 0.000500426 -0.1166 0.0008471970000000001
 2.785 2.17653 -0.08285670000000001 -1.77135 0.000445435 -0.116611 0.000825834
 2.79 2.17654 -0.08382240000000001 -1.77128 0.000390743 -0.11662 0.000804598
 2.795 2.17712 -0.080634 -1.7707 0.0005218 -0.116629 0.00073898
 2.8 2.17716 -0.08166950000000001 -1.77065 0.000463192 -0.11664 0.000716193
 2.805 2.17717 -0.08269840000000001 -1.77057 0.000404948 -0.11665 0.000693564
 2.81 2.17777 -0.07935739999999999 -1.76997 0.000542201 -0.116659 0.000624322
 2.815 2.17782 -0.0804579 -1.76991 0.000479944 -0.116672 0.000600091
 2.82 2.17783 -0.0815507 -1.76982 0.000418119 -0.116682 0.000576052
 2.825 2.17846 -0.0780598 -1.76919 0.000561449 -0.116692 0.000503201
 2.83 2.17851 -0.0792258 -1.76913 0.000495523 -0.116705 0.000477512
 2.835 2.17897 -0.0771192 -1.76864 0.00057546 -0.116716 0.000415284
 2.84 2.17897 -0.0783461 -1.76856 0.000506122 -0.116728 0.000388307
 2.845 2.17941 -0.07631979999999999 -1.76806 0.000582099 -0.116739 0.000325734
 2.85 2.17942 -0.077586 -1.76797 0.000510563 -0.116751 0.000297876
 2.855 2.17987 -0.07551919999999999 -1.76747 0.0005879909999999999 -0.116762 0.000233652
 2.86 2.17988 -0.07682310000000001 -1.76738 0.000514342 -0.116774 0.00020494
 2.865 2.18034 -0.07470499999999999 -1.76686 0.000593699 -0.116786 0.000138929
 2.87 2.18035 -0.07604710000000001 -1.76677 0.000517917 -0.116799 0.000109353
 2.875 2.18083 -0.07387779999999999 -1.76624 0.000599195 -0.116811 4.15393e-05
 2.88 2.18084 -0.07525859999999999 -1.76615 0.000521254 -0.116824 1.1086e-05
 2.885 2.18133 -0.0730393 -1.7656 0.000604401 -0.116836 -5.85304e-05
 2.89 2.18135 -0.0744591 -1.76551 0.000524284 -0.11685 -8.987000000000001e-05
 2.895 2.18185 -0.07219100000000001 -1.76495 0.00060925 -0.116863 -0.000161286
 2.9 2.18187 -0.0736501 -1.76486 0.000526943 -0.116877 -0.000193519
 2.905 2.18238 -0.07133440000000001 -1.76429 0.000613681 -0.11689 -0.00026673
 2.91 2.18241 -0.07283290000000001 -1.76419 0.000529176 -0.116905 -0.000299862
 2.915 2.18293 -0.07047050000000001 -1.76361 0.000617645 -0.116918 -0.000374859
 2.92 2.18296 -0.0720085 -1.76351 0.000530939 -0.116933 -0.000408894
 2.925 2.1835 -0.0696005 -1.76291 0.000621098 -0.116946 -0.000485669
 2.93 2.18353 -0.07117809999999999 -1.76281 0.000532191 -0.116962 -0.000520608
 2.935 2.18407 -0.06872549999999999 -1.76221 0.000624005 -0.116976 -0.000599148
 2.94 2.1841 -0.07034260000000001 -1.76211 0.000532903 -0.116992 -0.000634993
 2.945 2.18466 -0.0678462 -1.76149 0.000626336 -0.117006 -0.000715287
 2.95 2.18469 -0.0695027 -1.76138 0.000533046 -0.117022 -0.000752036
 2.955 2.18526 -0.06696340000000001 -1.76075 0.0006280669999999999 -0.117037 -0.00083407
 2.96 2.1853 -0.0686592 -1.76064 0.000532598 -0.117054 -0.000871723
 2.965 2.18588 -0.066078 -1.76 0.000629178 -0.117068 -0.000955482
 2.97 2.18591 -0.0678129 -1.75989 0.000531543 -0.117086 -0.000994036
 2.975 2.1865 -0.0651906 -1.75924 0.000629651 -0.1171 -0.0010795
 2.98 2.18654 -0.0669643 -1.75913 0.000529864 -0.117118 -0.00111895
 2.985 2.18714 -0.0643017 -1.75846 0.000629474 -0.117133 -0.00120611
 2.99 2.18718 -0.0661139 -1.75835 0.000527552 -0.117151 -0.00124646
 2.995 2.18779 -0.06341189999999999 -1.75767 0.000628636 -0.117167 -0.00133529
 3 2.18783 -0.0652625 -1.75756 0.000524598 -0.117185 -0.00137653
 3.005 2.18845 -0.0625218 -1.75687 0.000627129 -0.117201 -0.00146701
 3.01 2.1885 -0.0644103 -1.75676 0.000520994 -0.11722 -0.00150913
 3.015 2.18912 -0.0616318 -1.75605 0.000624946 -0.117236 -0.00160125
 3.02 2.18917 -0.063558 -1.75594 0.000516736 -0.117255 -0.00164425
 3.025 2.1898 -0.0607424 -1.75522 0.000622085 -0.117271 -0.00173798
 3.03 2.18985 -0.06270589999999999 -1.75511 0.000511822 -0.11729 -0.00178185
 3.035 2.1905 -0.0598541 -1.75438 0.000618543 -0.117307 -0.00187718
 3.04 2.19055 -0.0618544 -1.75427 0.000506249 -0.117327 -0.00192192
 3.045 2.1912 -0.0589672 -1.75353 0.000614317 -0.117343 -0.00201881
 3.05 2.19125 -0.061004 -1.75342 0.000500019 -0.117363 -0.00206441
 3.055 2.19191 -0.0580821 -1.75267 0.000609409 -0.11738 -0.00216285
 3.06 2.19197 -0.060155 -1.75255 0.000493131 -0.117401 -0.0022093
 3.065 2.19263 -0.0571992 -1.75179 0.000603819 -0.117418 -0.00230927
 3.07 2.19269 -0.0593077 -1.75167 0.000485587 -0.117438 -0.00235656
 3.075 2.19337 -0.056319 -1.7509 0.000597549 -0.117456 -0.00245803
 3.08 2.19343 -0.0584626 -1.75079 0.000477391 -0.117477 -0.00250615
 3.085 2.19411 -0.0554416 -1.75001 0.000590602 -0.117494 -0.00260911
 3.09 2.19417 -0.05762 -1.74989 0.000468546 -0.117515 -0.00265805
 3.095 2.19486 -0.0545676 -1.7491 0.000582981 -0.117533 -0.00276246
 3.1 2.19492 -0.0567801 -1.74898 0.000459055 -0.117555 -0.00281222
 3.105 2.19562 -0.0536971 -1.74818 0.000574689 -0.117573 -0.00291806
 3.11 2.19568 -0.0559434 -1.74806 0.000448923 -0.117594 -0.00296863
 3.115 2.19639 -0.0528305 -1.74725 0.000565732 -0.117612 -0.00307587
 3.12 2.19645 -0.05511 -1.74713 0.000438155 -0.117635 -0.00312723
 3.125 2.19716 -0.0519682 -1.74631 0.000556113 -0.117653 -0.00323585
 3.13 2.19723 -0.0542804 -1.74619 0.000426757 -0.117675 -0.003288
 3.135 2.19795 -0.0511104 -1.74536 0.000545838 -0.117693 -0.00339797
 3.14 2.19802 -0.0534548 -1.74524 0.000414733 -0.117716 -0.0034509
 3.145 2.19874 -0.0502574 -1.7444 0.000534913 -0.117735 -0.0035622
 3.15 2.19882 -0.0526334 -1.74428 0.00040209 -0.117758 -0.00361589
 3.155 2.19955 -0.0494096 -1.74344 0.000523342 -0.117776 -0.00372848
 3.16 2.19962 -0.0518167 -1.74332 0.000388835 -0.117799 -0.00378293
 3.165 2.20035 -0.0485672 -1.74246 0.000511132 -0.117818 -0.0038968
 3.17 2.20043 -0.0510048 -1.74234 0.000374972 -0.117842 -0.00395199
 3.175 2.20117 -0.0477305 -1.74148 0.0004982880000000001 -0.11786 -0.00406709
 3.18 2.20125 -0.0501981 -1.74136 0.000360509 -0.117884 -0.00412302
 3.185 2.202 -0.0468998 -1.74049 0.000484817 -0.117903 -0.00423934
 3.19 2.20207 -0.0493968 -1.74036 0.000345452 -0.117927 -0.00429599
 3.195 2.20283 -0.0460753 -1.73949 0.000470726 -0.117946 -0.00441349
 3.2 2.20333 -0.0454252 -1.73898 0.000473827 -0.11797 -0.00450569
 3.205 2.20343 -0.0480335 -1.73887 0.000328368 -0.117996 -0.004565
 3.21 2.20411 -0.0449367 -1.73799 0.000443415 -0.118013 -0.00468118
 3.215 2.2046 -0.0443107 -1.73747 0.000445255 -0.118037 -0.00477437
 3.22 1.9695 -0.100028 -1.1427 0.0135579 -0.0936409 -0.00532159
 3.225 1.2815 -0.255434 0.5982189999999999 0.0522755 -0.0220657 -0.0067985
 3.23 1.19934 -0.275393 0.84577 0.0566804 -0.0124276 -0.00710648
 3.235 0.781216 -0.363531 2.03084 0.0803135 0.0343363 -0.00929893
 3.24 0.788058 -0.352078 2.26607 0.0869933 0.040824 -0.0148065
 3.245 0.984948 -0.372402 2.49635 0.0936051 0.0414245 -0.0223816
 3.25 1.12958 -0.374025 2.49649 0.09443459999999999 0.036943 -0.0261407
 3.255 1.28768 -0.380894 2.63666 0.0988275 0.0363231 -0.0321119
 3.26 1.43257 -0.3914 2.75023 0.102222 0.0353267 -0.0369493
 3.265 1.57007 -0.402788 2.87218 0.105836 0.0347022 -0.0417757
 3.27 1.70477 -0.410206 3.03183 0.110495 0.035541 -0.0473022
 3.275 1.8036 -0.426906 3.26507 0.116454 0.0395788 -0.0524385
 3.28 1.79314 -0.430545 3.38509 0.119262 0.043474 -0.0540697
 3.285 1.94682 -0.446087 3.70626 0.128039 0.0486544 -0.062181
 3.29 2.00714 -0.435545 3.53429 0.12404 0.04206 -0.06153
 3.295 2.14601 -0.463671 3.83036 0.131559 0.0468462 -0.0679001
 3.3 2.15296 -0.433198 3.43755 0.122075 0.0353742 -0.0636123
 3.305 2.15731 -0.405182 3.05983 0.112985 0.0242594 -0.0594556
 3.31 2.16147 -0.381127 2.7095 0.104577 0.013788 -0.055642
 3.315 2.16519 -0.355207 2.38548 0.09678680000000001 0.00433884 -0.0520727
 3.32 2.16884 -0.332526 2.08493 0.08957859999999999 -0.00454413 -0.0487962
 3.325 2.17231 -0.311615 1.8064 0.0829023 -0.012799 -0.0457736
 3.33 2.17542 -0.294336 1.54801 0.0766912 -0.0205609 -0.0429904
 3.335 2.17845 -0.274077 1.3092 0.07100679999999999 -0.0275675 -0.0404027
 3.34 2.18138 -0.256926 1.08762 0.0657176 -0.0341562 -0.0380239
 3.345 2.18416 -0.241188 0.882251 0.0608146 -0.0402798 -0.0358314
 3.35 2.1867 -0.226534 0.692004 0.056276 -0.0459595 -0.0338088
 3.355 2.1891 -0.212881 0.515728 0.0520745 -0.0512305 -0.0319439
 3.36 2.19138 -0.200157 0.352397 0.048185 -0.0561224 -0.0302252
 3.365 2.19354 -0.188298 0.201065 0.0445843 -0.0606629 -0.0286418
 3.37 2.19559 -0.177244 0.0608521 0.0412509 -0.06487709999999999 -0.0271837
 3.375 2.19754 -0.166939 -0.06905550000000001 0.0381649 -0.06878869999999999 -0.0258415
 3.38 2.19939 -0.157332 -0.189412 0.0353079 -0.0724196 -0.0246068
 3.385 2.20115 -0.148373 -0.300917 0.0326628 -0.07578989999999999 -0.0234715
 3.39 2.20282 -0.140019 -0.404219 0.0302138 -0.0789185 -0.0224283
 3.395 2.20442 -0.132227 -0.499918 0.0279464 -0.0818229 -0.0214703
 3.4 2.20594 -0.124959 -0.58857 0.0258469 -0.0845192 -0.0205913
 3.405 2.20739 -0.118177 -0.670692 0.0239029 -0.0870225 -0.0197854
 3.41 2.20878 -0.111849 -0.746761 0.0221028 -0.0893467 -0.0190471
 3.415 2.21011 -0.105943 -0.817221 0.0204359 -0.09150469999999999 -0.0183715
 3.42 2.21139 -0.100431 -0.882483 0.0188922 -0.09350849999999999 -0.0177539
 3.425 2.21261 -0.0952838 -0.942927 0.0174625 -0.0953692 -0.01719
 3.43 2.21378 -0.0904775 -0.998905 0.0161384 -0.09709719999999999 -0.0166759
 3.435 2.2149 -0.0859883 -1.05075 0.0149119 -0.0987021 -0.0162078
 3.44 2.21598 -0.08179450000000001 -1.09875 0.0137759 -0.100193 -0.0157824
 3.445 2.21703 -0.0778756 -1.1432 0.0127234 -0.101577 -0.0153964
 3.45 2.21803 -0.07421270000000001 -1.18436 0.0117484 -0.102864 -0.015047
 3.455 2.219 -0.0707883 -1.22246 0.0108449 -0.104058 -0.0147314
 3.46 2.21993 -0.0675859 -1.25774 0.0100077 -0.105169 -0.0144472
 3.465 2.22084 -0.06459040000000001 -1.29039 0.00923188 -0.1062 -0.014192
 3.47 2.22172 -0.0617875 -1.32061 0.008512759999999999 -0.107159 -0.0139636
 3.475 2.22257 -0.0591641 -1.34858 0.00784615 -0.10805 -0.0137602
 3.48 2.22339 -0.0567079 -1.37447 0.00722811 -0.108879 -0.0135797
 3.485 2.22419 -0.0544074 -1.39841 0.00665502 -0.109649 -0.0134206
 3.49 2.22497 -0.0522521 -1.42057 0.00612351 -0.110365 -0.0132812
 3.495 2.22573 -0.0502321 -1.44107 0.00563048 -0.111031 -0.01316
 3.5 2.22647 -0.0483382 -1.46002 0.00517305 -0.111651 -0.0130558
 3.505 2.2272 -0.0465619 -1.47755 0.00474856 -0.112227 -0.0129673
 3.51 2.2279 -0.0448951 -1.49376 0.00435454 -0.112763 -0.0128932
 3.515 2.22859 -0.0433305 -1.50874 0.0039887 -0.113262 -0.0128326
 3.52 2.22927 -0.0418612 -1.52258 0.00364894 -0.113727 -0.0127844
 3.525 2.22993 -0.0404808 -1.53537 0.00333331 -0.114159 -0.0127477
 3.53 2.23058 -0.0391833 -1.54719 0.00304 -0.114562 -0.0127216
 3.535 2.23122 -0.0379632 -1.55811 0.00276733 -0.114938 -0.0127054
 3.54 2.23184 -0.0368154 -1.56818 0.00251376 -0.115287 -0.0126983
 3.545 2.23246 -0.035735 -1.57748 0.00227785 -0.115613 -0.0126996
 3.55 2.23306 -0.0347176 -1.58606 0.00205828 -0.115917 -0.0127087
 3.555 2.23366 -0.033759 -1.59398 0.00185382 -0.116201 -0.0127251
 3.56 2.23425 -0.0328554 -1.60128 0.00166333 -0.116465 -0.0127481
 3.565 2.23483 -0.0320032 -1.608 0.00148578 -0.116712 -0.0127773
 3.57 2.2354 -0.031199 -1.6142 0.00132017 -0.116943 -0.0128122
 3.575 2.23597 -0.0304398 -1.6199 0.00116562 -0.117158 -0.0128524
 3.58 2.23652 -0.0297226 -1.62515 0.00102129 -0.11736 -0.0128975
 3.585 2.23708 -0.0290448 -1.62998 0.000886417 -0.117548 -0.012947
 3.59 2.23762 -0.0284038 -1.63441 0.00076028 -0.117724 -0.0130008
 3.595 2.23816 -0.0277974 -1.63849 0.000642223 -0.117889 -0.0130584
 3.6 2.2387 -0.0272233 -1.64222 0.000531636 -0.118044 -0.0131195
 3.605 2.23923 -0.0266796 -1.64565 0.000427955 -0.118189 -0.013184
 3.61 2.23976 -0.0261644 -1.64879 0.000330658 -0.118324 -0.0132514
 3.615 2.24028 -0.025676 -1.65167 0.000239261 -0.118452 -0.0133217
 3.62 2.2408 -0.0252127 -1.65429 0.000153316 -0.118571 -0.0133945
 3.625 2.24131 -0.024773 -1.65669 7.24119e-05 -0.118684 -0.0134697
 3.63 2.24182 -0.0243556 -1.65888 -3.8357e-06 -0.11879 -0.0135471
 3.635 2.24233 -0.0239591 -1.66087 -7.57804e-05 -0.118889 -0.0136265
 3.64 2.24283 -0.0235823 -1.66267 -0.00014375 -0.118983 -0.0137077
 3.645 2.24333 -0.0232241 -1.66431 -0.000208047 -0.119071 -0.0137906
 3.65 2.24382 -0.0228835 -1.6658 -0.000268952 -0.119155 -0.0138751
 3.655 2.24432 -0.0225595 -1.66714 -0.000326724 -0.119233 -0.013961
 3.66 2.24481 -0.0222511 -1.66834 -0.000381604 -0.119308 -0.0140482
 3.665 2.2453 -0.0219576 -1.66942 -0.000433813 -0.119378 -0.0141366
 3.67 2.24578 -0.0216782 -1.67039 -0.000483556 -0.119445 -0.0142261
 3.675 2.24627 -0.021412 -1.67125 -0.0005310239999999999 -0.119508 -0.0143166
 3.68 2.24675 -0.0211586 -1.67202 -0.000576391 -0.119568 -0.014408
 3.685 2.24722 -0.0209171 -1.67269 -0.000619821 -0.119626 -0.0145002
 3.69 2.24734 -0.0238511 -1.67369 -0.000809223 -0.119682 -0.0145605
 3.695 2.24809 -0.0206233 -1.6738 -0.000707374 -0.119728 -0.0146792
 3.7 2.24866 -0.0200728 -1.67423 -0.000729619 -0.11978 -0.0147757
 3.705 2.24922 -0.0198653 -1.67465 -0.000766601 -0.119832 -0.014872
 3.71 2.24933 -0.0228263 -1.67537 -0.000949871 -0.119878 -0.0149353
 3.715 2.25007 -0.0196747 -1.67522 -0.000844249 -0.119916 -0.015056
 3.72 2.1396 -0.169003 -1.15649 0.022905 -0.095334 -0.0173216
 3.725 1.81395 -0.610931 0.363952 0.0923894 -0.0231886 -0.0237383
 3.73 1.73213 -0.698504 0.737181 0.109828 -0.0050835 -0.0269369
 3.735 1.42407 -1.04573 2.12155 0.174166 0.0615058 -0.0370739
 3.74 1.38563 -1.07786 2.30599 0.183122 0.070038 -0.0402044
 3.745 1.24323 -1.28413 3.27948 0.23062 0.115108 -0.054785
 3.75 1.40517 -1.23768 3.14824 0.227604 0.106519 -0.0624247
 3.755 1.72801 -1.28384 3.49078 0.253377 0.115006 -0.09060169999999999
 3.76 1.70199 -1.30536 3.56629 0.255978 0.119316 -0.09004810000000001
 3.765 1.54516 -1.55405 4.544 0.301578 0.165115 -0.09954300000000001
 3.77 1.66799 -1.47568 4.28691 0.291557 0.151515 -0.102931
 3.775 1.93709 -1.46919 4.47849 0.30858 0.155501 -0.12626
 3.78 2.07441 -1.42091 4.32936 0.303984 0.146788 -0.131815
 3.785 2.32201 -1.43872 4.51322 0.319493 0.150167 -0.151572
 3.79 2.41338 -1.37957 4.31768 0.311371 0.140648 -0.153426
 3.795 2.64768 -1.39941 4.54086 0.328624 0.146595 -0.173614
 3.8 2.71636 -1.34533 4.3534 0.32077 0.137061 -0.174708
 3.805 2.90206 -1.33553 4.51139 0.334022 0.141469 -0.192125
 3.81 2.87138 -1.22006 4.06938 0.310923 0.12289 -0.182571
 3.815 2.83774 -1.12113 3.6564 0.289126 0.105181 -0.172861
 3.82 2.8058 -1.02426 3.27521 0.268829 0.08950809999999999 -0.163755
 3.825 2.77831 -0.937167 2.92204 0.250326 0.0742946 -0.155825
 3.83 2.75119 -0.854565 2.59378 0.232821 0.0607681 -0.147863
 3.835 2.73741 -0.766895 2.29786 0.218081 0.047821 -0.143284
 3.84 2.80035 -0.726987 2.2403 0.217078 0.0447338 -0.147696
 3.845 3.00988 -0.798298 2.61959 0.241294 0.0581465 -0.168403
 3.85 3.054 -0.739938 2.36248 0.228652 0.0464471 -0.164881
 3.855 3.26341 -0.681789 2.16323 0.223208 0.0338783 -0.173428
 3.86 3.19098 -0.629964 1.88333 0.206599 0.023074 -0.162016
 3.865 3.11915 -0.560192 1.7683 0.201019 0.0193145 -0.160777
 3.87 3.0447 -0.43463 1.95294 0.215454 0.0299396 -0.178045
 3.875 2.98768 -0.406818 1.68776 0.199414 0.0188898 -0.166399
 3.88 2.93514 -0.375551 1.4428 0.18457 0.009115170000000001 -0.155544
 3.885 2.88756 -0.333684 1.23312 0.172633 0.000413994 -0.148394
 3.89 2.84633 -0.252751 1.07583 0.16531 -0.00557965 -0.147392
 3.895 2.80525 -0.219372 0.893544 0.15482 -0.0131773 -0.140919
 3.9 2.68768 -0.263447 1.2012 0.168986 0.00391971 -0.143325
 3.905 2.40749 -0.604054 2.32445 0.217403 0.0618116 -0.142583
 3.91 2.3054 -0.66143 2.53682 0.225483 0.0742795 -0.140208
 3.915 2.04847 -0.90446 3.59145 0.27383 0.128628 -0.147872
 3.92 1.90434 -0.995532 3.7878 0.278567 0.141139 -0.138909
 3.925 1.48467 -1.39375 5.05982 0.330129 0.208546 -0.130669
 3.93 1.53761 -1.2661 4.68184 0.313205 0.190706 -0.130287
 3.935 1.57716 -1.09831 4.53375 0.311802 0.183396 -0.144186
 3.94 1.62811 -1.04264 4.36268 0.304406 0.174819 -0.14509
 3.945 1.5923 -1.13212 5.08167 0.3431 0.208131 -0.165798
 3.95 1.36607 -1.34312 5.7773 0.371266 0.244567 -0.162177
 3.955 1.28372 -1.43802 5.96597 0.377101 0.254309 -0.156304
 3.96 1.06095 -1.61867 6.60847 0.403375 0.288462 -0.153779
 3.965 1.00265 -1.69474 6.73781 0.406922 0.29512 -0.148521
 3.97 0.848479 -1.82325 7.21848 0.426986 0.320749 -0.148039
 3.975 1.05131 -1.68516 6.57859 0.398385 0.287134 -0.145309
 3.98 1.17733 -1.56287 5.97879 0.369533 0.257547 -0.138349
 3.985 1.36373 -1.44308 5.43047 0.345361 0.228469 -0.136856
 3.99 1.46335 -1.33787 4.91458 0.320383 0.203115 -0.13032
 3.995 1.61853 -1.23551 4.44315 0.299469 0.178161 -0.128691
 4 1.69902 -1.14474 3.99967 0.277923 0.156405 -0.122766
 4.005 1.83575 -1.05661 3.59514 0.26007 0.134892 -0.121611
 4.01 1.89988 -0.978317 3.21385 0.241466 0.116231 -0.116214
 4.015 1.81587 -0.8519949999999999 3.1019 0.227013 0.111875 -0.127141
 4.02 1.10098 -0.600859 3.68377 0.212452 0.150442 -0.164996
 4.025 0.773339 -0.440602 3.97793 0.19704 0.169076 -0.186363
 4.03 0.824315 -0.406779 3.67872 0.180997 0.154422 -0.176929
 4.035 0.853526 -0.357665 3.53226 0.166626 0.146813 -0.175074
 4.04 0.987104 -0.332567 3.15646 0.154792 0.127185 -0.165715
 4.045 1.17056 -0.305232 2.81602 0.1457 0.108025 -0.161052
 4.05 0.723462 0.0392415 3.32224 0.120532 0.139978 -0.174584
 4.055 -0.741872 1.01592 5.48729 0.0680065 0.267607 -0.234466
 4.06 -1.04413 1.30166 5.91913 0.0450438 0.293641 -0.244432
 4.065 -2.4352 2.24502 8.03932 -0.00211464 0.418033 -0.308322
 4.07 -2.42565 2.34926 8.15109 -0.0248579 0.424031 -0.292653
 4.075 -2.78419 2.77992 9.231780000000001 -0.0711141 0.48318 -0.285833
 4.08 -2.39573 2.57502 8.441409999999999 -0.066246 0.438809 -0.268576
 4.085 -2.18681 2.54984 8.255890000000001 -0.0766424 0.427 -0.254194
 4.09 -2.45864 2.78065 9.13749 -0.121713 0.474925 -0.230682
 4.095 -2.04168 2.60606 8.47847 -0.116267 0.436539 -0.218087
 4.1 -1.72094 2.43804 8.15302 -0.125561 0.415825 -0.192898
 4.105 -1.37568 2.27186 7.59923 -0.12076 0.383617 -0.181279
 4.11 -1.42876 2.30906 7.64537 -0.13392 0.386946 -0.16952
 4.115 -1.9632 2.81084 8.972810000000001 -0.182766 0.461231 -0.163858
 4.12 -1.63239 2.59859 8.198119999999999 -0.169559 0.418073 -0.155131
 4.125 -1.26831 2.41114 7.48518 -0.15526 0.377683 -0.150516
 4.13 -0.987882 2.22956 6.81939 -0.143961 0.340684 -0.142756
 4.135 -0.6725410000000001 2.06897 6.20723 -0.131587 0.305979 -0.138946
 4.14 -0.453197 1.9171 5.62996 -0.12285 0.274315 -0.131053
 4.145 -0.57433 2.03905 5.73812 -0.131768 0.281216 -0.132134
 4.15 -1.39238 2.64116 7.17085 -0.174963 0.362556 -0.144974
 4.155 -1.37354 2.71477 7.26606 -0.186251 0.366914 -0.13741
 4.16 -1.92126 3.22912 8.616059999999999 -0.235154 0.440372 -0.135301
 4.165 -1.92442 3.26499 8.632759999999999 -0.241918 0.441296 -0.129443


