# Created by Octave 3.8.2, Mon May 25 09:47:41 2015 CST <waldronluo@Debian>
# name: approachSig
# type: matrix
# rows: 721
# columns: 7
 0 0.0375657 -0.00170152 -0.0284831 4.31391e-06 -0.00180521 8.30314e-05
 0.005 0.185079 -0.00838305 -0.140331 2.12538e-05 -0.00889393 0.00040908
 0.01 0.321796 -0.0145756 -0.243993 3.69539e-05 -0.0154638 0.000711265
 0.015 0.448506 -0.0203148 -0.340067 5.15049e-05 -0.0215529 0.000991334
 0.02 0.5659419999999999 -0.025634 -0.42911 6.49908e-05 -0.0271963 0.0012509
 0.025 0.6747840000000001 -0.0305639 -0.511636 7.74893e-05 -0.0324266 0.00149147
 0.03 0.775659 -0.0351329 -0.588121 8.90722e-05 -0.0372742 0.00171444
 0.035 0.869152 -0.0393675 -0.659007 9.98062e-05 -0.041767 0.00192108
 0.04 0.955802 -0.0432921 -0.724705 0.000109753 -0.045931 0.00211259
 0.045 1.03611 -0.0469294 -0.785593 0.000118971 -0.0497903 0.00229009
 0.05 1.11054 -0.0503004 -0.842024 0.000127512 -0.0533672 0.00245459
 0.055 1.17953 -0.0534247 -0.894324 0.000135427 -0.0566823 0.00260705
 0.06 1.24346 -0.0563202 -0.942794 0.000142759 -0.0597549 0.00274834
 0.065 1.30272 -0.0590037 -0.987716 0.000149553 -0.06260259999999999 0.00287929
 0.07000000000000001 1.35764 -0.0614907 -1.02935 0.000155846 -0.06524190000000001 0.00300065
 0.075 1.40854 -0.06379559999999999 -1.06793 0.000161676 -0.0676882 0.00311313
 0.08 1.45572 -0.0659317 -1.10369 0.000167076 -0.0699555 0.00321736
 0.08500000000000001 1.49944 -0.06791129999999999 -1.13683 0.000172077 -0.07205689999999999 0.00331397
 0.09 1.53997 -0.069746 -1.16754 0.000176708 -0.07400470000000001 0.00340349
 0.095 1.57753 -0.0714462 -1.19601 0.000180997 -0.0758099 0.00348646
 0.1 1.61234 -0.0730219 -1.22238 0.000184967 -0.0774832 0.00356334
 0.105 1.6446 -0.0744821 -1.24683 0.000188642 -0.0790341 0.00363459
 0.11 1.67451 -0.07583529999999999 -1.26948 0.000192043 -0.0804715 0.00370062
 0.115 1.70223 -0.0770893 -1.29047 0.00019519 -0.0818039 0.00376181
 0.12 1.72791 -0.0782514 -1.30992 0.000198102 -0.083039 0.00381851
 0.125 1.75173 -0.0793282 -1.32795 0.000200795 -0.0841837 0.00387105
 0.13 1.7738 -0.0803261 -1.34466 0.000203285 -0.0852448 0.00391974
 0.135 1.79425 -0.0812507 -1.36013 0.000205586 -0.0862284 0.00396485
 0.14 1.81321 -0.0821075 -1.37448 0.000207713 -0.0871401 0.00400665
 0.145 1.83078 -0.0829013 -1.38777 0.000209678 -0.0879853 0.00404538
 0.15 1.84707 -0.0836369 -1.40008 0.000211492 -0.08876879999999999 0.00408127
 0.155 1.86217 -0.0843184 -1.41149 0.000213167 -0.08949509999999999 0.00411451
 0.16 1.87617 -0.08494980000000001 -1.42206 0.000214712 -0.0901684 0.00414531
 0.165 1.88763 -0.08423509999999999 -1.43408 0.000276783 -0.090796 0.00416465
 0.17 1.89996 -0.08483839999999999 -1.44332 0.000274948 -0.0913872 0.00419008
 0.175 1.91133 -0.085411 -1.45181 0.000272387 -0.0919344 0.00421317
 0.18 1.92179 -0.08593339999999999 -1.45962 0.000270341 -0.09243899999999999 0.00423453
 0.185 1.93149 -0.08641740000000001 -1.46685 0.000268437 -0.0929068 0.00425431
 0.19 1.94048 -0.0868656 -1.47355 0.000266663 -0.0933406 0.00427263
 0.195 1.94881 -0.08728080000000001 -1.47976 0.000265011 -0.0937429 0.00428959
 0.2 1.95654 -0.0876654 -1.4855 0.00026347 -0.0941159 0.0043053
 0.205 1.9637 -0.0880215 -1.49082 0.000262033 -0.0944619 0.00431984
 0.21 1.97034 -0.08835129999999999 -1.49575 0.000260692 -0.0947827 0.0043333
 0.215 1.97649 -0.0886566 -1.50031 0.00025944 -0.0950804 0.00434576
 0.22 1.9822 -0.0889392 -1.50453 0.00025827 -0.09535639999999999 0.00435729
 0.225 1.98592 -0.0878591 -1.51074 0.00032012 -0.0956159 0.00435882
 0.23 1.99113 -0.08816690000000001 -1.51452 0.000315748 -0.0958658 0.00436773
 0.235 1.99591 -0.0884653 -1.51795 0.000310841 -0.0960968 0.0043755
 0.24 2.00027 -0.0887337 -1.52106 0.000306616 -0.09630850000000001 0.00438265
 0.245 2.0043 -0.08898200000000001 -1.52394 0.00030269 -0.0965048 0.00438926
 0.25 2.00804 -0.0892119 -1.5266 0.000299041 -0.0966871 0.00439536
 0.255 2.01152 -0.0894245 -1.52906 0.000295647 -0.09685630000000001 0.004401
 0.26 2.01474 -0.0896212 -1.53134 0.000292491 -0.0970135 0.00440621
 0.265 2.01772 -0.0898032 -1.53344 0.000289554 -0.09715940000000001 0.00441102
 0.27 2.0205 -0.08997140000000001 -1.53538 0.000286821 -0.0972949 0.00441545
 0.275 2.02137 -0.0886863 -1.53966 0.000352219 -0.09742439999999999 0.00441009
 0.28 2.02409 -0.0889023 -1.54149 0.00034617 -0.0975548 0.00441285
 0.285 2.02655 -0.089116 -1.54311 0.000339669 -0.09767480000000001 0.00441486
 0.29 2.02875 -0.089305 -1.54453 0.000333998 -0.0977833 0.00441667
 0.295 2.03079 -0.0894797 -1.54584 0.000328729 -0.0978842 0.00441833
 0.3 2.03268 -0.0896411 -1.54705 0.000323834 -0.097978 0.00441984
 0.305 2.03444 -0.08979040000000001 -1.54817 0.000319285 -0.09806529999999999 0.00442121
 0.31 2.03607 -0.0899282 -1.54919 0.000315056 -0.0981465 0.00442247
 0.315 2.03595 -0.08867999999999999 -1.55252 0.000376349 -0.09822549999999999 0.00441495
 0.32 2.03767 -0.0888668 -1.55355 0.000369153 -0.09830849999999999 0.00441501
 0.325 2.03922 -0.08905299999999999 -1.55442 0.000361615 -0.09838479999999999 0.00441453
 0.33 2.04057 -0.0892169 -1.55517 0.000354961 -0.0984531 0.00441403
 0.335 2.04182 -0.0893684 -1.55585 0.000348782 -0.0985167 0.00441354
 0.34 2.04299 -0.0895083 -1.55647 0.000343041 -0.098576 0.00441306
 0.345 2.04408 -0.08963740000000001 -1.55704 0.000337707 -0.09863139999999999 0.00441259
 0.35 2.04347 -0.0884108 -1.5599 0.000396894 -0.0986863 0.004404
 0.355 2.04472 -0.0885889 -1.56053 0.000388794 -0.0987469 0.00440259
 0.36 2.04583 -0.0887669 -1.56104 0.000380427 -0.0988025 0.00440075
 0.365 2.04677 -0.0889233 -1.56144 0.000372999 -0.0988516 0.00439898
 0.37 2.04766 -0.0890678 -1.56181 0.000366099 -0.0988976 0.00439731
 0.375 2.04848 -0.08920110000000001 -1.56214 0.000359691 -0.0989405 0.00439573
 0.38 2.04924 -0.08932420000000001 -1.56244 0.000353737 -0.09898079999999999 0.00439424
 0.385 2.0482 -0.0879776 -1.56526 0.00041817 -0.0990222 0.0043844
 0.39 2.04921 -0.0881575 -1.56568 0.000409169 -0.0990714 0.00438202
 0.395 2.05009 -0.08833779999999999 -1.56597 0.000399908 -0.0991161 0.00437922
 0.4 2.05081 -0.0884953 -1.56617 0.000391696 -0.0991548 0.00437655
 0.405 2.05149 -0.0886407 -1.56635 0.00038407 -0.099191 0.00437404
 0.41 2.05212 -0.0887748 -1.5665 0.000376988 -0.0992251 0.00437169
 0.415 2.05104 -0.0875266 -1.56905 0.000436511 -0.0992605 0.00436193
 0.42 2.05191 -0.08771139999999999 -1.56933 0.00042676 -0.0993034 0.00435885
 0.425 2.05266 -0.0878958 -1.5695 0.000416836 -0.0993426 0.00435543
 0.43 2.05328 -0.0880577 -1.56959 0.000407981 -0.0993764 0.00435217
 0.435 2.05385 -0.08820699999999999 -1.56967 0.00039976 -0.0994082 0.00434911
 0.44 2.05439 -0.0883448 -1.56972 0.000392126 -0.0994381 0.00434625
 0.445 2.05313 -0.0870293 -1.57232 0.000454928 -0.0994699 0.00433604
 0.45 2.05395 -0.0872218 -1.57253 0.000444457 -0.0995104 0.00433246
 0.455 2.05465 -0.0874138 -1.57264 0.000433825 -0.0995471 0.00432852
 0.46 2.05521 -0.08758199999999999 -1.57266 0.000424345 -0.09957829999999999 0.00432478
 0.465 2.05573 -0.0877372 -1.57266 0.000415543 -0.09960769999999999 0.00432128
 0.47 2.05621 -0.08788029999999999 -1.57266 0.000407372 -0.0996355 0.004318
 0.475 2.0548 -0.0864863 -1.57536 0.000474153 -0.09966559999999999 0.00430742
 0.48 2.05561 -0.0866889 -1.57554 0.000462928 -0.09970560000000001 0.00430341
 0.485 2.05628 -0.0868908 -1.5756 0.00045155 -0.09974139999999999 0.00429901
 0.49 2.05681 -0.0870672 -1.57557 0.000441416 -0.0997716 0.00429483
 0.495 2.05731 -0.0872299 -1.57553 0.00043201 -0.0998 0.00429092
 0.5 2.05609 -0.0860199 -1.57791 0.000489952 -0.09983019999999999 0.00428098
 0.505 2.05685 -0.0862299 -1.57802 0.000478126 -0.0998687 0.00427653
 0.51 2.0575 -0.0864378 -1.57804 0.000466261 -0.0999038 0.00427177
 0.515 2.05802 -0.0866212 -1.57798 0.000455617 -0.0999337 0.00426727
 0.52 2.0585 -0.0867903 -1.57792 0.000445738 -0.0999621 0.00426306
 0.525 2.05723 -0.0855538 -1.58035 0.000505205 -0.09999230000000001 0.00425308
 0.53 2.058 -0.08577170000000001 -1.58045 0.000492839 -0.100031 0.00424834
 0.535 2.05865 -0.0859871 -1.58045 0.000480451 -0.100067 0.00424328
 0.54 2.05917 -0.086177 -1.58037 0.000469339 -0.100097 0.00423848
 0.545 2.05966 -0.0863522 -1.58029 0.000459026 -0.100125 0.004234
 0.55 2.05831 -0.0850712 -1.5828 0.000520971 -0.100156 0.00422399
 0.555 2.05909 -0.08529779999999999 -1.5829 0.000508042 -0.100196 0.00421896
 0.5600000000000001 2.05976 -0.08552170000000001 -1.58288 0.000495098 -0.100232 0.00421359
 0.5649999999999999 2.06028 -0.0857188 -1.58279 0.000483495 -0.100262 0.0042085
 0.57 2.06078 -0.08590059999999999 -1.58269 0.000472728 -0.100291 0.00420374
 0.575 2.05936 -0.084576 -1.5853 0.000537171 -0.100322 0.00419375
 0.58 2.06017 -0.0848119 -1.58539 0.000523655 -0.100364 0.00418844
 0.585 2.06086 -0.0850447 -1.58537 0.000510134 -0.100401 0.00418275
 0.59 2.06139 -0.08524959999999999 -1.58526 0.000498021 -0.100432 0.00417736
 0.595 2.06189 -0.0854385 -1.58515 0.000486783 -0.100461 0.00417233
 0.6 2.06041 -0.0840727 -1.58785 0.000553655 -0.100493 0.00416242
 0.605 2.06125 -0.0843183 -1.58795 0.000539539 -0.100536 0.00415681
 0.61 2.06196 -0.08456039999999999 -1.58792 0.000525428 -0.100574 0.00415081
 0.615 2.0625 -0.0847733 -1.5878 0.000512795 -0.100606 0.00414511
 0.62 2.06135 -0.0836736 -1.59006 0.000566529 -0.10064 0.00413583
 0.625 2.06215 -0.08392520000000001 -1.5901 0.000551944 -0.100681 0.00412981
 0.63 2.06284 -0.0841715 -1.59004 0.000537512 -0.100719 0.00412354
 0.635 2.0634 -0.0843904 -1.58992 0.00052449 -0.100752 0.00411761
 0.64 2.06225 -0.0832956 -1.59219 0.000578252 -0.100786 0.00410849
 0.645 2.06306 -0.0835528 -1.59222 0.000563297 -0.100828 0.00410226
 0.65 2.06376 -0.0838043 -1.59216 0.000548516 -0.100867 0.00409578
 0.655 2.06433 -0.08402800000000001 -1.59204 0.000535174 -0.1009 0.00408965
 0.66 2.06315 -0.0829138 -1.59435 0.000590228 -0.100935 0.00408068
 0.665 2.06398 -0.083177 -1.59439 0.000574889 -0.100978 0.00407424
 0.67 2.0647 -0.08343440000000001 -1.59433 0.0005597310000000001 -0.101018 0.00406754
 0.675 2.06528 -0.0836631 -1.5942 0.000546055 -0.101052 0.0040612
 0.68 2.06407 -0.08252859999999999 -1.59657 0.000602473 -0.101087 0.00405241
 0.6850000000000001 2.06492 -0.0827981 -1.59661 0.0005867309999999999 -0.101131 0.00404576
 0.6899999999999999 2.06565 -0.0830616 -1.59655 0.000571177 -0.101172 0.00403882
 0.695 2.06625 -0.0832957 -1.59641 0.000557148 -0.101206 0.00403226
 0.7 2.06501 -0.0821422 -1.59884 0.000614891 -0.101243 0.00402366
 0.705 2.06588 -0.0824183 -1.59888 0.000598731 -0.101288 0.00401679
 0.71 2.06663 -0.0826882 -1.59882 0.000582767 -0.101329 0.00400961
 0.715 2.06723 -0.0829278 -1.59868 0.0005683729999999999 -0.101365 0.00400282
 0.72 2.06596 -0.0817568 -1.60116 0.000627393 -0.101402 0.00399444
 0.725 2.06686 -0.08203969999999999 -1.6012 0.000610806 -0.101448 0.00398734
 0.73 2.06762 -0.0823161 -1.60114 0.000594423 -0.10149 0.00397992
 0.735 2.06824 -0.0825613 -1.60099 0.000579657 -0.101526 0.00397289
 0.74 2.06694 -0.0813743 -1.60352 0.000639908 -0.101564 0.00396475
 0.745 2.06785 -0.081664 -1.60357 0.000622888 -0.101611 0.00395742
 0.75 2.06863 -0.0819469 -1.60351 0.000606082 -0.101654 0.00394974
 0.755 2.06926 -0.0821978 -1.60336 0.0005909380000000001 -0.101691 0.00394247
 0.76 2.06793 -0.0809961 -1.60594 0.000652377 -0.101729 0.00393461
 0.765 2.06887 -0.08129260000000001 -1.60599 0.000634921 -0.101778 0.00392704
 0.77 2.06967 -0.081582 -1.60592 0.000617691 -0.101822 0.0039191
 0.775 2.07031 -0.0818387 -1.60577 0.000602168 -0.101859 0.00391158
 0.78 2.06895 -0.0806236 -1.6084 0.000664752 -0.101898 0.00390403
 0.785 2.06991 -0.0809269 -1.60845 0.000646861 -0.101948 0.00389621
 0.79 2.07072 -0.0812228 -1.60839 0.000629206 -0.101993 0.00388802
 0.795 2.07137 -0.0814853 -1.60823 0.000613304 -0.102031 0.00388025
 0.8 2.06999 -0.0802581 -1.61091 0.00067699 -0.10207 0.00387303
 0.805 2.07097 -0.0805681 -1.61096 0.000658666 -0.102121 0.00386497
 0.8100000000000001 2.0718 -0.0808705 -1.61089 0.000640588 -0.102167 0.00385651
 0.8149999999999999 2.07246 -0.08113860000000001 -1.61073 0.000624308 -0.102205 0.00384848
 0.82 2.07105 -0.07990070000000001 -1.61346 0.000689056 -0.102246 0.00384164
 0.825 2.07205 -0.08021730000000001 -1.61351 0.000670302 -0.102297 0.00383333
 0.83 2.07289 -0.0805261 -1.61345 0.000651804 -0.102344 0.00382461
 0.835 2.07357 -0.0807998 -1.61328 0.000635149 -0.102383 0.00381632
 0.84 2.07213 -0.0795524 -1.61605 0.000700918 -0.102424 0.00380987
 0.845 2.07315 -0.0798755 -1.61611 0.000681737 -0.102477 0.00380132
 0.85 2.07401 -0.0801905 -1.61604 0.000662823 -0.102524 0.00379233
 0.855 2.07469 -0.08046970000000001 -1.61587 0.000645796 -0.102564 0.00378378
 0.86 2.07323 -0.0792142 -1.61868 0.000712546 -0.102605 0.00377776
 0.865 2.07427 -0.07954360000000001 -1.61875 0.000692943 -0.102659 0.00376896
 0.87 2.07514 -0.0798648 -1.61868 0.000673618 -0.102707 0.0037597
 0.875 2.07584 -0.0801494 -1.61851 0.000656224 -0.102747 0.0037509
 0.88 2.07435 -0.0788869 -1.62136 0.0007239119999999999 -0.102789 0.00374532
 0.885 2.07541 -0.0792226 -1.62142 0.000703894 -0.102844 0.00373628
 0.89 2.07629 -0.0795498 -1.62136 0.000684164 -0.102892 0.00372675
 0.895 2.07531 -0.07865080000000001 -1.62355 0.000732213 -0.102936 0.00372021
 0.9 2.07628 -0.07899 -1.62353 0.000711836 -0.102988 0.00371058
 0.905 2.07713 -0.0793179 -1.62343 0.000691972 -0.103035 0.00370079
 0.91 2.07785 -0.0796116 -1.62326 0.00067395 -0.103077 0.00369155
 0.915 2.07638 -0.0783742 -1.62611 0.000741273 -0.10312 0.00368676
 0.92 2.07745 -0.0787181 -1.62617 0.000720673 -0.103175 0.00367732
 0.925 2.07835 -0.079053 -1.6261 0.000700389 -0.103225 0.00366738
 0.93 2.07735 -0.07815229999999999 -1.62834 0.000749331 -0.10327 0.00366146
 0.9350000000000001 2.07834 -0.07849979999999999 -1.62833 0.000728369 -0.103322 0.00365145
 0.9399999999999999 2.07921 -0.07883560000000001 -1.62823 0.000707937 -0.103371 0.00364124
 0.945 2.07825 -0.0779662 -1.63042 0.000755471 -0.103416 0.00363548
 0.95 2.07924 -0.078316 -1.63041 0.000734322 -0.103469 0.0036253
 0.955 2.08012 -0.0786538 -1.6303 0.000713727 -0.103518 0.00361495
 0.96 2.07915 -0.07778599999999999 -1.63251 0.000761529 -0.103563 0.0036095
 0.965 2.08015 -0.0781382 -1.6325 0.000740195 -0.103616 0.00359918
 0.97 2.08104 -0.0784783 -1.6324 0.00071942 -0.103665 0.00358869
 0.975 2.08005 -0.07761 -1.63462 0.000767624 -0.103711 0.00358357
 0.98 2.08107 -0.0779647 -1.63461 0.000746093 -0.103765 0.0035731
 0.985 2.08196 -0.0783074 -1.63451 0.000725124 -0.103814 0.00356245
 0.99 2.08097 -0.0774389 -1.63675 0.000773714 -0.10386 0.00355766
 0.995 2.08199 -0.0777964 -1.63675 0.000751974 -0.103914 0.00354705
 1 2.08288 -0.07814169999999999 -1.63664 0.0007308 -0.103964 0.00353624
 1.005 2.08188 -0.0772738 -1.6389 0.000779747 -0.10401 0.00353178
 1.01 2.08291 -0.0776343 -1.6389 0.00075779 -0.104064 0.00352101
 1.015 2.08382 -0.07798239999999999 -1.6388 0.000736405 -0.104114 0.00351004
 1.02 2.08281 -0.07711560000000001 -1.64107 0.00078568 -0.104161 0.00350591
 1.025 2.08384 -0.07747900000000001 -1.64107 0.000763501 -0.104216 0.00349498
 1.03 2.08475 -0.07783 -1.64097 0.000741901 -0.104266 0.00348384
 1.035 2.08374 -0.07696500000000001 -1.64326 0.000791477 -0.104312 0.00348005
 1.04 2.08478 -0.07733139999999999 -1.64325 0.000769074 -0.104368 0.00346896
 1.045 2.0857 -0.0776852 -1.64315 0.0007472549999999999 -0.104418 0.00345765
 1.05 2.08467 -0.07682269999999999 -1.64546 0.000797107 -0.104465 0.0034542
 1.055 2.08572 -0.0771921 -1.64545 0.000774479 -0.104521 0.00344294
 1.06 2.08664 -0.0775487 -1.64535 0.0007524400000000001 -0.104571 0.00343146
 1.065 2.08561 -0.0766891 -1.64767 0.000802546 -0.104618 0.00342836
 1.07 2.08667 -0.0770614 -1.64767 0.000779692 -0.104674 0.00341693
 1.075 2.08759 -0.077421 -1.64757 0.000757435 -0.104725 0.00340527
 1.08 2.08656 -0.0765647 -1.6499 0.000807771 -0.104773 0.00340253
 1.085 2.08762 -0.07693999999999999 -1.6499 0.000784693 -0.104829 0.00339093
 1.09 2.08855 -0.0773023 -1.64979 0.000762219 -0.10488 0.0033791
 1.095 2.0875 -0.07645 -1.65214 0.000812764 -0.104928 0.00337671
 1.1 2.08857 -0.0768281 -1.65214 0.000789465 -0.104984 0.00336496
 1.105 2.08951 -0.0771932 -1.65203 0.000766776 -0.105035 0.00335295
 1.11 2.08846 -0.0763452 -1.65439 0.000817509 -0.105083 0.00335093
 1.115 2.08953 -0.07672619999999999 -1.65439 0.000793992 -0.10514 0.003339
 1.12 2.09047 -0.077094 -1.65428 0.000771091 -0.105192 0.00332683
 1.125 2.08941 -0.07625079999999999 -1.65665 0.000821991 -0.105239 0.00332517
 1.13 2.09049 -0.07663449999999999 -1.65665 0.000798261 -0.105296 0.00331308
 1.135 2.09143 -0.0770049 -1.65654 0.000775152 -0.105348 0.00330074
 1.14 2.09037 -0.0761669 -1.65891 0.000826199 -0.105396 0.00329945
 1.145 2.09145 -0.0765532 -1.65892 0.000802259 -0.105453 0.0032872
 1.15 2.0924 -0.0769262 -1.65881 0.000778948 -0.105505 0.00327469
 1.155 2.09133 -0.07609390000000001 -1.66119 0.000830122 -0.105554 0.00327378
 1.16 2.09242 -0.0764827 -1.66119 0.0008059779999999999 -0.105611 0.00326137
 1.165 2.09337 -0.0768581 -1.66109 0.000782469 -0.105663 0.00324869
 1.17 2.0923 -0.0760318 -1.66348 0.00083375 -0.105711 0.00324817
 1.175 2.09339 -0.07642309999999999 -1.66348 0.000809406 -0.105769 0.0032356
 1.18 2.09434 -0.0768008 -1.66338 0.000785705 -0.105821 0.00322276
 1.185 2.09326 -0.07598100000000001 -1.66577 0.000837073 -0.105869 0.00322263
 1.19 2.09436 -0.0763746 -1.66577 0.000812537 -0.105927 0.0032099
 1.195 2.09531 -0.0767545 -1.66567 0.000788648 -0.105979 0.0031969
 1.2 2.09423 -0.0759415 -1.66806 0.000840085 -0.106028 0.00319716
 1.205 2.09533 -0.0763374 -1.66806 0.000815362 -0.106086 0.00318428
 1.21 2.09628 -0.07671939999999999 -1.66796 0.000791292 -0.106138 0.00317112
 1.215 2.0952 -0.0759136 -1.67036 0.000842777 -0.106186 0.00317177
 1.22 2.0963 -0.07631159999999999 -1.67036 0.000817874 -0.106244 0.00315875
 1.225 2.09726 -0.0766956 -1.67026 0.00079363 -0.106297 0.00314544
 1.23 2.09617 -0.0758973 -1.67266 0.0008451450000000001 -0.106345 0.00314648
 1.235 2.09727 -0.0762972 -1.67267 0.000820068 -0.106403 0.00313331
 1.24 2.09823 -0.07668320000000001 -1.67257 0.0007956560000000001 -0.106456 0.00311985
 1.245 2.09714 -0.0758928 -1.67497 0.000847181 -0.106504 0.00312129
 1.25 2.09824 -0.0762945 -1.67498 0.000821938 -0.106562 0.00310798
 1.255 2.0992 -0.07668229999999999 -1.67487 0.000797365 -0.106615 0.00309437
 1.26 2.09811 -0.0759 -1.67728 0.00084888 -0.106664 0.00309622
 1.265 2.09921 -0.0763035 -1.67728 0.000823479 -0.106722 0.00308277
 1.27 2.10017 -0.07669289999999999 -1.67718 0.000798751 -0.106774 0.00306902
 1.275 2.09908 -0.07591920000000001 -1.67959 0.000850239 -0.106823 0.00307127
 1.28 2.10018 -0.0763243 -1.67959 0.000824685 -0.106881 0.00305768
 1.285 2.10114 -0.0767152 -1.67949 0.000799811 -0.106933 0.0030438
 1.29 2.10005 -0.0759503 -1.6819 0.000851251 -0.106982 0.00304644
 1.295 2.10115 -0.07635690000000001 -1.6819 0.000825554 -0.10704 0.00303273
 1.3 2.10211 -0.0767492 -1.6818 0.00080054 -0.107092 0.00301871
 1.305 2.10102 -0.0759933 -1.6842 0.0008519139999999999 -0.107141 0.00302176
 1.31 2.10212 -0.07640130000000001 -1.68421 0.000826081 -0.107199 0.00300792
 1.315 2.10308 -0.0767949 -1.68411 0.000800936 -0.107251 0.00299377
 1.32 2.10198 -0.0760484 -1.68651 0.000852225 -0.1073 0.00299723
 1.325 2.10308 -0.0764575 -1.68651 0.000826263 -0.107358 0.00298326
 1.33 2.10404 -0.0768523 -1.68641 0.000800994 -0.10741 0.00296899
 1.335 2.10295 -0.0761154 -1.68881 0.000852179 -0.107459 0.00297285
 1.34 2.10404 -0.0765256 -1.68882 0.000826098 -0.107516 0.00295877
 1.345 2.105 -0.0769214 -1.68871 0.000800714 -0.107569 0.00294438
 1.35 2.10391 -0.0761944 -1.69111 0.000851775 -0.107617 0.00294863
 1.355 2.105 -0.0766056 -1.69112 0.000825583 -0.107675 0.00293444
 1.36 2.10596 -0.07700220000000001 -1.69101 0.000800091 -0.107727 0.00291994
 1.365 2.10487 -0.0762854 -1.6934 0.000851011 -0.107775 0.00292459
 1.37 2.10596 -0.0766973 -1.69341 0.000824717 -0.107833 0.00291029
 1.375 2.10692 -0.0770947 -1.69331 0.000799125 -0.107885 0.00289569
 1.38 2.10582 -0.0763882 -1.69569 0.000849884 -0.107933 0.00290073
 1.385 2.10691 -0.0768008 -1.6957 0.000823497 -0.10799 0.00288633
 1.39 2.10787 -0.0771988 -1.6956 0.000797815 -0.108042 0.00287162
 1.395 2.10677 -0.0765028 -1.69798 0.000848394 -0.10809 0.00287705
 1.4 2.10786 -0.076916 -1.69798 0.000821922 -0.108147 0.00286256
 1.405 2.10882 -0.07731449999999999 -1.69788 0.000796159 -0.108199 0.00284775
 1.41 2.10772 -0.07662919999999999 -1.70025 0.00084654 -0.108247 0.00285357
 1.415 2.10881 -0.07704270000000001 -1.70026 0.000819993 -0.108304 0.00283898
 1.42 2.10976 -0.0774416 -1.70015 0.000794157 -0.108356 0.00282409
 1.425 2.10867 -0.0767673 -1.70252 0.000844321 -0.108403 0.00283029
 1.43 2.10975 -0.077181 -1.70252 0.000817708 -0.10846 0.00281562
 1.435 2.1107 -0.07758 -1.70242 0.000791808 -0.108511 0.00280064
 1.44 2.10961 -0.0769169 -1.70478 0.000841738 -0.108559 0.00280721
 1.445 2.11068 -0.0773306 -1.70478 0.000815068 -0.108615 0.00279246
 1.45 2.11163 -0.0777297 -1.70468 0.000789114 -0.108667 0.00277741
 1.455 2.11055 -0.0770779 -1.70702 0.00083879 -0.108714 0.00278435
 1.46 2.11162 -0.0774915 -1.70703 0.000812074 -0.10877 0.00276953
 1.465 2.11256 -0.0778906 -1.70693 0.000786074 -0.108821 0.00275441
 1.47 2.11148 -0.0772501 -1.70926 0.000835479 -0.108868 0.00276171
 1.475 2.11254 -0.0776636 -1.70926 0.000808726 -0.108924 0.00274682
 1.48 2.11348 -0.0780624 -1.70916 0.000782691 -0.108975 0.00273164
 1.485 2.1124 -0.0774335 -1.71149 0.000831805 -0.109021 0.00273929
 1.49 2.11346 -0.0778466 -1.71149 0.000805025 -0.109077 0.00272434
 1.495 2.11439 -0.078245 -1.71139 0.000778965 -0.109128 0.0027091
 1.5 2.11332 -0.0776278 -1.7137 0.000827771 -0.109174 0.0027171
 1.505 2.11438 -0.0780404 -1.7137 0.000800974 -0.109229 0.0027021
 1.51 2.1153 -0.0784382 -1.7136 0.000774898 -0.10928 0.00268681
 1.515 2.11424 -0.0778329 -1.7159 0.000823378 -0.109326 0.00269515
 1.52 2.11528 -0.0782447 -1.7159 0.000796575 -0.109381 0.0026801
 1.525 2.11621 -0.078642 -1.7158 0.000770493 -0.109431 0.00266477
 1.53 2.11514 -0.07804850000000001 -1.71808 0.000818629 -0.109477 0.00267344
 1.535 2.11619 -0.0784595 -1.71808 0.00079183 -0.109531 0.00265835
 1.54 2.1171 -0.07885590000000001 -1.71799 0.000765753 -0.109581 0.00264298
 1.545 2.11605 -0.0782745 -1.72025 0.000813527 -0.109627 0.00265197
 1.55 2.11708 -0.0786845 -1.72025 0.000786743 -0.109681 0.00263685
 1.555 2.11799 -0.07907989999999999 -1.72015 0.00076068 -0.10973 0.00262144
 1.56 2.11694 -0.0785106 -1.7224 0.000808075 -0.109775 0.00263075
 1.565 2.11797 -0.0789195 -1.72241 0.000781317 -0.109829 0.0026156
 1.57 2.11887 -0.0793138 -1.72231 0.000755279 -0.109878 0.00260017
 1.575 2.11783 -0.0787566 -1.72454 0.000802277 -0.109923 0.00260978
 1.58 2.11885 -0.0791641 -1.72454 0.000775555 -0.109976 0.00259461
 1.585 2.11975 -0.07955719999999999 -1.72444 0.000749553 -0.110025 0.00257917
 1.59 2.11871 -0.0790122 -1.72666 0.000796137 -0.11007 0.00258906
 1.595 2.11972 -0.07941819999999999 -1.72666 0.0007694620000000001 -0.110123 0.00257388
 1.6 2.12061 -0.0798098 -1.72656 0.000743506 -0.110171 0.00255843
 1.605 2.11958 -0.0792771 -1.72876 0.00078966 -0.110215 0.0025686
 1.61 2.12059 -0.07968160000000001 -1.72876 0.000763043 -0.110268 0.00255341
 1.615 2.12147 -0.08007160000000001 -1.72866 0.000737144 -0.110315 0.00253797
 1.62 2.12045 -0.0795512 -1.73084 0.00078285 -0.110359 0.00254841
 1.625 2.12144 -0.07995380000000001 -1.73084 0.0007563030000000001 -0.110411 0.00253322
 1.63 2.12232 -0.0803421 -1.73075 0.000730472 -0.110459 0.00251778
 1.635 2.12307 -0.0806896 -1.73057 0.000707063 -0.1105 0.00250328
 1.64 2.1215 -0.07989980000000001 -1.73343 0.000774525 -0.110542 0.00252267
 1.645 2.12257 -0.080301 -1.73351 0.000748181 -0.110597 0.0025082
 1.65 2.12347 -0.08069170000000001 -1.73345 0.000722214 -0.110646 0.00249289
 1.655 2.12242 -0.08017489999999999 -1.73565 0.000768852 -0.110689 0.00250462
 1.66 2.1234 -0.0805762 -1.73565 0.000742303 -0.11074 0.00248937
 1.665 2.12426 -0.08096349999999999 -1.73556 0.000716445 -0.110786 0.00247384
 1.67 2.12499 -0.0813098 -1.73538 0.000693021 -0.110827 0.00245924
 1.675 2.12345 -0.0805592 -1.73818 0.000758944 -0.110868 0.00247925
 1.68 2.12449 -0.0809578 -1.73825 0.000732662 -0.110922 0.00246469
 1.685 2.12538 -0.0813459 -1.73819 0.000706762 -0.110969 0.00244932
 1.69 2.1261 -0.08168980000000001 -1.73802 0.000683448 -0.111009 0.00243474
 1.695 2.12453 -0.0809392 -1.74083 0.00075026 -0.11105 0.00245577
 1.7 2.12557 -0.08133700000000001 -1.74091 0.000723986 -0.111103 0.00244121
 1.705 2.12645 -0.0817247 -1.74085 0.000698072 -0.11115 0.00242579
 1.71 2.12716 -0.0820679 -1.74067 0.000674754 -0.11119 0.00241116
 1.715 2.12561 -0.0813401 -1.74345 0.000740592 -0.11123 0.00243246
 1.72 2.12663 -0.0817363 -1.74353 0.000714365 -0.111282 0.00241786
 1.725 2.1275 -0.0821223 -1.74346 0.000688503 -0.111329 0.00240241
 1.73 2.1282 -0.0824643 -1.74329 0.000665227 -0.111368 0.00238777
 1.735 2.12667 -0.0817609 -1.74602 0.000729896 -0.111407 0.00240926
 1.74 2.12768 -0.0821547 -1.74609 0.000703776 -0.111459 0.00239464
 1.745 2.12853 -0.08253820000000001 -1.74603 0.000678022 -0.111505 0.00237921
 1.75 2.12923 -0.0828781 -1.74586 0.000654838 -0.111543 0.0023646
 1.755 2.12772 -0.08219899999999999 -1.74854 0.000718308 -0.111582 0.00238624
 1.76 2.12871 -0.0825895 -1.74861 0.000692344 -0.111633 0.00237164
 1.765 2.12955 -0.0829699 -1.74854 0.000666747 -0.111678 0.00235627
 1.77 2.13023 -0.0833071 -1.74837 0.000643699 -0.111715 0.00234171
 1.775 2.12876 -0.0826518 -1.75101 0.000705949 -0.111754 0.00236347
 1.78 2.12972 -0.0830384 -1.75107 0.000680184 -0.111804 0.00234893
 1.785 2.13055 -0.08341510000000001 -1.75101 0.000654786 -0.111848 0.00233364
 1.79 2.13122 -0.08374910000000001 -1.75084 0.000631911 -0.111885 0.00231917
 1.795 2.12978 -0.0831172 -1.75342 0.000692916 -0.111923 0.00234103
 1.8 2.13072 -0.0834994 -1.75348 0.000667387 -0.111972 0.00232656
 1.805 2.13153 -0.0838718 -1.75342 0.0006422240000000001 -0.112015 0.00231138
 1.81 2.1322 -0.0842022 -1.75325 0.0006195559999999999 -0.112051 0.00229702
 1.815 2.13078 -0.0835934 -1.75578 0.000679287 -0.112089 0.00231894
 1.82 2.1317 -0.0839708 -1.75584 0.000654029 -0.112136 0.00230457
 1.825 2.1325 -0.0843385 -1.75577 0.000629133 -0.112179 0.00228952
 1.83 2.13315 -0.0846648 -1.75561 0.000606702 -0.112215 0.0022753
 1.835 2.13176 -0.0840788 -1.75809 0.0006651269999999999 -0.112251 0.00229723
 1.84 2.13267 -0.0844509 -1.75814 0.000640171 -0.112298 0.00228299
 1.845 2.13345 -0.0848135 -1.75808 0.000615573 -0.112339 0.00226808
 1.85 2.13409 -0.0851353 -1.75792 0.000593405 -0.112375 0.00225402
 1.855 2.13273 -0.08457199999999999 -1.76034 0.000650492 -0.112411 0.00227593
 1.86 2.13361 -0.08493829999999999 -1.76039 0.000625865 -0.112456 0.00226183
 1.865 2.13438 -0.08529539999999999 -1.76033 0.000601592 -0.112497 0.00224709
 1.87 2.13501 -0.0856126 -1.76018 0.000579712 -0.112531 0.0022332
 1.875 2.13368 -0.08507149999999999 -1.76254 0.0006354279999999999 -0.112566 0.00225506
 1.88 2.13454 -0.0854318 -1.76259 0.000611158 -0.112611 0.00224111
 1.885 2.13529 -0.0857831 -1.76252 0.000587235 -0.112651 0.00222656
 1.89 2.13591 -0.08609509999999999 -1.76238 0.0005656669999999999 -0.112685 0.00221286
 1.895 2.13461 -0.08557620000000001 -1.76468 0.000619979 -0.112719 0.0022346
 1.9 2.13545 -0.0859301 -1.76472 0.000596089 -0.112762 0.00222083
 1.905 2.13618 -0.08627509999999999 -1.76466 0.000572542 -0.112801 0.00220649
 1.91 2.13679 -0.0865818 -1.76452 0.000551308 -0.112834 0.00219299
 1.915 2.13553 -0.0860847 -1.76677 0.000604181 -0.112868 0.00221459
 1.92 2.13634 -0.08643190000000001 -1.7668 0.000580697 -0.11291 0.002201
 1.925 2.13706 -0.0867705 -1.76674 0.00055755 -0.112948 0.00218689
 1.93 2.13765 -0.0870715 -1.7666 0.000536672 -0.11298 0.00217361
 1.935 2.13642 -0.0865959 -1.76879 0.000588072 -0.113013 0.002195
 1.94 2.13722 -0.0869361 -1.76882 0.000565017 -0.113054 0.00218163
 1.945 2.13791 -0.0872679 -1.76877 0.000542292 -0.113091 0.00216775
 1.95 2.13849 -0.0875631 -1.76863 0.0005217899999999999 -0.113123 0.00215471
 1.955 2.13903 -0.0878337 -1.76849 0.000502899 -0.113153 0.00214262
 1.96 2.13743 -0.08719830000000001 -1.77112 0.000569394 -0.113184 0.00217208
 1.965 2.13826 -0.08753089999999999 -1.77121 0.0005469439999999999 -0.113226 0.00215952
 1.97 2.13896 -0.0878584 -1.77118 0.00052454 -0.113263 0.002146
 1.975 2.13952 -0.0881472 -1.77104 0.000504448 -0.113294 0.00213319
 1.98 2.14005 -0.0884118 -1.7709 0.000485934 -0.113322 0.00212132
 1.985 2.13847 -0.08779530000000001 -1.77348 0.000551432 -0.113352 0.00215094
 1.99 2.13927 -0.0881213 -1.77357 0.000529388 -0.113393 0.00213856
 1.995 2.13995 -0.0884426 -1.77354 0.000507372 -0.113429 0.00212525
 2 2.1405 -0.0887259 -1.77341 0.000487628 -0.113459 0.00211265
 2.005 2.14101 -0.0889857 -1.77328 0.000469433 -0.113487 0.00210097
 2.01 2.13948 -0.08840430000000001 -1.77576 0.000532306 -0.113516 0.00212989
 2.015 2.14025 -0.08872240000000001 -1.77584 0.000510748 -0.113555 0.0021177
 2.02 2.14091 -0.0890359 -1.7758 0.000489223 -0.11359 0.00210465
 2.025 2.14144 -0.08931269999999999 -1.77568 0.000469907 -0.113619 0.00209231
 2.03 2.14194 -0.08956649999999999 -1.77555 0.000452107 -0.113646 0.00208088
 2.035 2.14048 -0.0890208 -1.77793 0.000512178 -0.113674 0.00210897
 2.04 2.14121 -0.0893297 -1.778 0.00049119 -0.113711 0.00209703
 2.045 2.14185 -0.0896343 -1.77796 0.000470241 -0.113745 0.00208429
 2.05 2.14236 -0.08990339999999999 -1.77785 0.000451429 -0.113773 0.00207227
 2.055 2.14284 -0.0901502 -1.77772 0.000434094 -0.113799 0.00206114
 2.06 2.14145 -0.08963930000000001 -1.77999 0.000491322 -0.113826 0.00208833
 2.065 2.14215 -0.08993810000000001 -1.78005 0.000470975 -0.113862 0.00207668
 2.07 2.14276 -0.0902327 -1.78002 0.000450669 -0.113893 0.0020643
 2.075 2.14325 -0.0904935 -1.77991 0.000432425 -0.11392 0.00205265
 2.08 2.14371 -0.09073249999999999 -1.77979 0.000415611 -0.113945 0.00204186
 2.085 2.14415 -0.09095159999999999 -1.77967 0.000400123 -0.113969 0.00203185
 2.09 2.1425 -0.09033620000000001 -1.78222 0.000467788 -0.113994 0.00206517
 2.095 2.14321 -0.0906238 -1.78233 0.000448276 -0.11403 0.00205434
 2.1 2.14381 -0.09091 -1.78231 0.000428577 -0.114061 0.00204245
 2.105 2.14428 -0.0911613 -1.78221 0.000410968 -0.114087 0.0020312
 2.11 2.14472 -0.09139170000000001 -1.78209 0.000394739 -0.114111 0.00202077
 2.115 2.14513 -0.0916029 -1.78198 0.000379789 -0.114134 0.0020111
 2.12 2.14356 -0.0910251 -1.78442 0.000444357 -0.114157 0.00204341
 2.125 2.14422 -0.0913013 -1.78451 0.000425573 -0.114191 0.0020329
 2.13 2.14479 -0.09157650000000001 -1.7845 0.000406602 -0.114221 0.00202143
 2.135 2.14524 -0.09181839999999999 -1.7844 0.000389632 -0.114245 0.00201058
 2.14 2.14566 -0.09204039999999999 -1.78429 0.000373991 -0.114268 0.00200054
 2.145 2.14606 -0.0922438 -1.78418 0.00035958 -0.11429 0.00199123
 2.15 2.14459 -0.09171559999999999 -1.78646 0.000419673 -0.114312 0.00202171
 2.155 2.14521 -0.0919787 -1.78654 0.000401735 -0.114344 0.00201157
 2.16 2.14574 -0.0922408 -1.78652 0.000383626 -0.114372 0.00200058
 2.165 2.14617 -0.09247180000000001 -1.78643 0.00036741 -0.114395 0.00199023
 2.17 2.14657 -0.0926838 -1.78633 0.000352461 -0.114417 0.00198064
 2.175 2.14694 -0.09287810000000001 -1.78623 0.000338687 -0.114437 0.00197175
 2.18 2.14729 -0.0930561 -1.78613 0.000326001 -0.114456 0.00196351
 2.185 2.14568 -0.09246989999999999 -1.78855 0.000392091 -0.114477 0.00199789
 2.19 2.14628 -0.0927178 -1.78866 0.000375235 -0.114507 0.00198858
 2.195 2.1468 -0.09296699999999999 -1.78866 0.000358035 -0.114534 0.00197822
 2.2 2.1472 -0.0931854 -1.78857 0.000342694 -0.114555 0.00196843
 2.205 2.14757 -0.0933858 -1.78848 0.00032855 -0.114576 0.00195936
 2.21 2.14792 -0.0935696 -1.78839 0.000315516 -0.114594 0.00195095
 2.215 2.14824 -0.0937381 -1.7883 0.000303508 -0.114612 0.00194316
 2.22 2.14676 -0.09320970000000001 -1.79052 0.000364085 -0.114631 0.00197509
 2.225 2.14731 -0.0934413 -1.79061 0.000348289 -0.114659 0.00196625
 2.23 2.14778 -0.0936744 -1.79061 0.000332173 -0.114684 0.00195651
 2.235 2.14815 -0.0938793 -1.79053 0.000317779 -0.114704 0.00194734
 2.24 2.1485 -0.09406730000000001 -1.79045 0.000304505 -0.114722 0.00193884
 2.245 2.14883 -0.0942399 -1.79037 0.00029227 -0.11474 0.00193097
 2.25 2.14913 -0.0943982 -1.79029 0.000280996 -0.114757 0.00192367
 2.255 2.14941 -0.0945431 -1.7902 0.000270612 -0.114772 0.00191691
 2.26 2.14789 -0.09399830000000001 -1.79244 0.00033289 -0.114789 0.00195037
 2.265 2.1484 -0.0942105 -1.79253 0.000318437 -0.114815 0.00194239
 2.27 2.14884 -0.0944261 -1.79254 0.000303547 -0.114837 0.00193344
 2.275 2.14918 -0.0946148 -1.79247 0.000290284 -0.114856 0.00192501
 2.28 2.14949 -0.0947882 -1.79241 0.000278051 -0.114873 0.00191719
 2.285 2.14979 -0.0949474 -1.79234 0.000266772 -0.114889 0.00190995
 2.29 2.15006 -0.0950935 -1.79226 0.000256375 -0.114904 0.00190324
 2.295 2.15032 -0.0952274 -1.79219 0.000246795 -0.114918 0.00189702
 2.3 2.15057 -0.09535009999999999 -1.79212 0.00023797 -0.114931 0.00189126
 2.305 2.15079 -0.09546250000000001 -1.79204 0.000229846 -0.114944 0.00188592
 2.31 2.14913 -0.09486269999999999 -1.79439 0.000297662 -0.114958 0.00192313
 2.315 2.14961 -0.0950524 -1.79451 0.000284818 -0.114981 0.00191629
 2.32 2.15001 -0.09524820000000001 -1.79454 0.000271339 -0.115002 0.00190829
 2.325 2.15031 -0.0954183 -1.79448 0.000259403 -0.115018 0.00190072
 2.33 2.15059 -0.0955747 -1.79443 0.000248389 -0.115033 0.0018937
 2.335 2.15085 -0.0957185 -1.79437 0.000238227 -0.115047 0.0018872
 2.34 2.15109 -0.09585050000000001 -1.79431 0.000228855 -0.11506 0.00188118
 2.345 2.15132 -0.0959718 -1.79426 0.000220213 -0.115072 0.0018756
 2.35 2.15153 -0.0960831 -1.7942 0.000212247 -0.115084 0.00187043
 2.355 2.15173 -0.0961851 -1.79414 0.000204906 -0.115095 0.00186564
 2.36 2.15192 -0.09627860000000001 -1.79407 0.000198143 -0.115105 0.0018612
 2.365 2.15209 -0.0963643 -1.79401 0.000191914 -0.115115 0.00185709
 2.37 2.15225 -0.09644270000000001 -1.79395 0.00018618 -0.115124 0.00185328
 2.375 2.15055 -0.0958271 -1.79629 0.000255354 -0.115135 0.00189194
 2.38 2.15097 -0.0959874 -1.79642 0.000244583 -0.115155 0.0018864
 2.385 2.15131 -0.09615609999999999 -1.79646 0.00023302 -0.115172 0.00187963
 2.39 2.15156 -0.0963019 -1.79642 0.00022284 -0.115186 0.00187321
 2.395 2.15179 -0.0964361 -1.79638 0.000213436 -0.115198 0.00186726
 2.4 2.15201 -0.0965597 -1.79635 0.000204752 -0.11521 0.00186175
 2.405 2.15221 -0.0966735 -1.79631 0.000196733 -0.11522 0.00185664
 2.41 2.1524 -0.0967783 -1.79627 0.000189329 -0.11523 0.00185191
 2.415 2.15257 -0.09687469999999999 -1.79623 0.000182493 -0.11524 0.00184752
 2.42 2.15274 -0.09696340000000001 -1.79619 0.000176185 -0.115249 0.00184346
 2.425 2.15289 -0.09704500000000001 -1.79615 0.000170361 -0.115257 0.0018397
 2.43 2.15303 -0.09712 -1.79611 0.000164987 -0.115265 0.00183621
 2.435 2.15316 -0.09718889999999999 -1.79607 0.000160029 -0.115272 0.00183298
 2.44 2.15329 -0.0972523 -1.79603 0.000155454 -0.115279 0.00182998
 2.445 2.1534 -0.09731049999999999 -1.796 0.000151234 -0.115285 0.00182721
 2.45 2.15351 -0.09736400000000001 -1.79596 0.000147342 -0.115291 0.00182464
 2.455 2.15361 -0.0974131 -1.79592 0.000143752 -0.115297 0.00182226
 2.46 2.15371 -0.09745819999999999 -1.79589 0.00014044 -0.115302 0.00182005
 2.465 2.1538 -0.09749969999999999 -1.79585 0.000137386 -0.115307 0.00181801
 2.47 2.15388 -0.0975377 -1.79582 0.000134568 -0.115311 0.00181612
 2.475 2.15395 -0.0975727 -1.79578 0.000131969 -0.115316 0.00181436
 2.48 2.15403 -0.09760480000000001 -1.79575 0.000129571 -0.11532 0.00181274
 2.485 2.15409 -0.0976344 -1.79572 0.000127358 -0.115323 0.00181123
 2.49 2.15416 -0.0976615 -1.79569 0.000125315 -0.115327 0.00180983
 2.495 2.15421 -0.0976865 -1.79566 0.000123429 -0.11533 0.00180854
 2.5 2.15427 -0.0977095 -1.79564 0.000121687 -0.115333 0.00180734
 2.505 2.15432 -0.0977307 -1.79561 0.000120076 -0.115336 0.00180623
 2.51 2.15436 -0.0977503 -1.79559 0.000118587 -0.115339 0.00180521
 2.515 2.15441 -0.09776849999999999 -1.79557 0.000117206 -0.115341 0.00180425
 2.52 2.15445 -0.09778530000000001 -1.79554 0.000115929 -0.115343 0.00180337
 2.525 2.15449 -0.09780079999999999 -1.79553 0.000114745 -0.115345 0.00180255
 2.53 2.15452 -0.09781529999999999 -1.79551 0.000113641 -0.115347 0.00180179
 2.535 2.15455 -0.0978294 -1.79549 0.000112583 -0.115349 0.00180107
 2.54 2.15458 -0.097843 -1.79548 0.000111562 -0.115351 0.00180038
 2.545 2.15461 -0.0978564 -1.79546 0.000110573 -0.115353 0.00179972
 2.55 2.15464 -0.09786980000000001 -1.79545 0.000109601 -0.115354 0.00179908
 2.555 2.15467 -0.0978832 -1.79544 0.000108637 -0.115356 0.00179846
 2.56 2.1547 -0.0978969 -1.79543 0.00010767 -0.115357 0.00179785
 2.565 2.15473 -0.0979109 -1.79542 0.00010669 -0.115359 0.00179725
 2.57 2.15475 -0.0979255 -1.79541 0.000105688 -0.11536 0.00179665
 2.575 2.15478 -0.09794079999999999 -1.7954 0.000104657 -0.115361 0.00179604
 2.58 2.15481 -0.0979568 -1.79539 0.000103589 -0.115363 0.00179542
 2.585 2.15484 -0.0979737 -1.79539 0.000102476 -0.115364 0.0017948
 2.59 2.15487 -0.0979916 -1.79538 0.000101313 -0.115366 0.00179415
 2.595 2.15489 -0.0980105 -1.79538 0.000100093 -0.115367 0.00179349
 2.6 2.15492 -0.0980306 -1.79537 9.881129999999999e-05 -0.115369 0.0017928
 2.605 2.15496 -0.098052 -1.79537 9.74619e-05 -0.11537 0.00179209
 2.61 2.15499 -0.0980746 -1.79537 9.60404e-05 -0.115372 0.00179135
 2.615 2.15502 -0.09809859999999999 -1.79537 9.45424e-05 -0.115373 0.00179058
 2.62 2.15506 -0.098124 -1.79537 9.296390000000001e-05 -0.115375 0.00178978
 2.625 2.15509 -0.0981509 -1.79536 9.130110000000001e-05 -0.115376 0.00178894
 2.63 2.15513 -0.0981794 -1.79536 8.95462e-05 -0.115378 0.00178806
 2.635 2.15517 -0.09820959999999999 -1.79536 8.76897e-05 -0.11538 0.00178714
 2.64 2.15521 -0.0982415 -1.79536 8.57448e-05 -0.115382 0.00178618
 2.645 2.15525 -0.0982751 -1.79537 8.36955e-05 -0.115384 0.00178518
 2.65 2.1553 -0.0983105 -1.79537 8.15406e-05 -0.115386 0.00178413
 2.655 2.15535 -0.09834759999999999 -1.79537 7.92872e-05 -0.115388 0.00178303
 2.66 2.15539 -0.0983865 -1.79537 7.69308e-05 -0.11539 0.00178189
 2.665 2.15545 -0.09842720000000001 -1.79538 7.44694e-05 -0.115392 0.0017807
 2.67 2.1555 -0.0984698 -1.79538 7.19011e-05 -0.115394 0.00177947
 2.675 2.15555 -0.09851409999999999 -1.79538 6.92244e-05 -0.115397 0.00177819
 2.68 2.15561 -0.09856040000000001 -1.79539 6.64376e-05 -0.115399 0.00177685
 2.685 2.15567 -0.0986085 -1.79539 6.35393e-05 -0.115402 0.00177547
 2.69 2.15573 -0.0986586 -1.7954 6.05283e-05 -0.115404 0.00177403
 2.695 2.15579 -0.0987106 -1.7954 5.74034e-05 -0.115407 0.00177255
 2.7 2.15586 -0.09876459999999999 -1.79541 5.41635e-05 -0.11541 0.00177101
 2.705 2.15592 -0.09882050000000001 -1.79542 5.08076e-05 -0.115413 0.00176942
 2.71 2.15599 -0.09887840000000001 -1.79542 4.73349e-05 -0.115416 0.00176777
 2.715 2.15606 -0.09893830000000001 -1.79543 4.37445e-05 -0.115419 0.00176607
 2.72 2.15614 -0.09900009999999999 -1.79544 4.00358e-05 -0.115422 0.00176432
 2.725 2.15621 -0.099064 -1.79545 3.62081e-05 -0.115425 0.00176251
 2.73 2.15629 -0.09912990000000001 -1.79545 3.22608e-05 -0.115429 0.00176064
 2.735 2.15637 -0.09919790000000001 -1.79546 2.81935e-05 -0.115432 0.00175872
 2.74 2.15646 -0.0992678 -1.79547 2.40056e-05 -0.115436 0.00175675
 2.745 2.15654 -0.09933989999999999 -1.79548 1.96969e-05 -0.115439 0.00175472
 2.75 2.15663 -0.0994139 -1.79549 1.52669e-05 -0.115443 0.00175263
 2.755 2.15672 -0.09949 -1.7955 1.07154e-05 -0.115447 0.00175048
 2.76 2.15681 -0.09956810000000001 -1.79551 6.0422e-06 -0.115451 0.00174828
 2.765 2.15691 -0.0996483 -1.79552 1.24702e-06 -0.115455 0.00174603
 2.77 2.15701 -0.0997306 -1.79553 -3.67025e-06 -0.115459 0.00174371
 2.775 2.15711 -0.0998149 -1.79554 -8.709729999999999e-06 -0.115464 0.00174134
 2.78 2.15721 -0.0999013 -1.79556 -1.38715e-05 -0.115468 0.00173891
 2.785 2.15731 -0.0999897 -1.79557 -1.91556e-05 -0.115472 0.00173643
 2.79 2.15946 -0.0994707 -1.79319 3.82047e-05 -0.115476 0.00177172
 2.795 2.15955 -0.0996437 -1.79328 2.74038e-05 -0.11548 0.00176483
 2.8 2.15954 -0.0998284 -1.7933 1.58099e-05 -0.115479 0.00175806
 2.805 2.1595 -0.0999993 -1.7933 5.13805e-06 -0.115478 0.00175228
 2.81 2.15948 -0.100167 -1.7933 -5.29671e-06 -0.115477 0.00174668
 2.815 2.15946 -0.100331 -1.79329 -1.55205e-05 -0.115477 0.00174123
 2.82 2.15947 -0.100493 -1.79329 -2.55576e-05 -0.115477 0.00173591
 2.825 2.15948 -0.100653 -1.79329 -3.54304e-05 -0.115478 0.00173071
 2.83 2.1595 -0.100811 -1.7933 -4.51595e-05 -0.115479 0.00172562
 2.835 2.15953 -0.100967 -1.7933 -5.47642e-05 -0.115481 0.00172063
 2.84 2.15958 -0.101121 -1.79331 -6.42622e-05 -0.115483 0.00171572
 2.845 2.15963 -0.101275 -1.79331 -7.36699e-05 -0.115485 0.00171088
 2.85 2.15969 -0.101427 -1.79332 -8.30025e-05 -0.115488 0.00170612
 2.855 2.15975 -0.101579 -1.79333 -9.2274e-05 -0.115491 0.00170141
 2.86 2.16213 -0.101672 -1.79059 -9.734379999999999e-05 -0.115494 0.00170029
 2.865 2.16219 -0.101839 -1.79068 -0.000107252 -0.115495 0.00169505
 2.87 2.16213 -0.101997 -1.79068 -0.000116818 -0.115492 0.00168996
 2.875 2.16205 -0.10215 -1.79066 -0.000126117 -0.115488 0.00168507
 2.88 2.16199 -0.102303 -1.79064 -0.000135398 -0.115486 0.00168024
 2.885 2.16195 -0.102455 -1.79062 -0.000144672 -0.115484 0.00167544
 2.89 2.16192 -0.102608 -1.7906 -0.000153946 -0.115483 0.00167067
 2.895 2.16191 -0.102761 -1.79059 -0.00016323 -0.115482 0.00166593
 2.9 2.16191 -0.102915 -1.79058 -0.00017253 -0.115482 0.0016612
 2.905 2.16193 -0.103069 -1.79057 -0.000181854 -0.115483 0.00165649
 2.91 2.16196 -0.103224 -1.79057 -0.000191208 -0.115484 0.00165179
 2.915 2.162 -0.10338 -1.79056 -0.000200597 -0.115486 0.00164709
 2.92 2.16442 -0.103534 -1.78774 -0.000211648 -0.115488 0.00164243
 2.925 2.16446 -0.103701 -1.78782 -0.000221404 -0.115488 0.00163748
 2.93 2.16439 -0.103859 -1.78782 -0.000230785 -0.115484 0.00163263
 2.935 2.16429 -0.104013 -1.78778 -0.000240045 -0.11548 0.00162786
 2.94 2.16421 -0.104169 -1.78775 -0.000249386 -0.115476 0.00162308
 2.945 2.16416 -0.104326 -1.78772 -0.00025881 -0.115474 0.00161829
 2.95 2.16412 -0.104485 -1.7877 -0.000268319 -0.115472 0.00161348
 2.955 2.16411 -0.104645 -1.78768 -0.000277915 -0.115471 0.00160865
 2.96 2.16411 -0.104807 -1.78767 -0.000287597 -0.115471 0.00160381
 2.965 2.16412 -0.10497 -1.78765 -0.000297369 -0.115471 0.00159894
 2.97 2.16415 -0.105135 -1.78764 -0.00030723 -0.115473 0.00159405
 2.975 2.16664 -0.105304 -1.78471 -0.000319386 -0.115474 0.00158868
 2.98 2.16669 -0.105482 -1.7848 -0.000329679 -0.115474 0.00158351
 2.985 2.16661 -0.105651 -1.78479 -0.000339608 -0.11547 0.00157842
 2.99 2.1665 -0.105816 -1.78475 -0.000349456 -0.115465 0.00157339
 2.995 2.16641 -0.105983 -1.78472 -0.000359424 -0.115461 0.00156832
 3 2.16635 -0.106152 -1.78469 -0.00036951 -0.115458 0.00156323
 3.005 2.16632 -0.106323 -1.78466 -0.000379714 -0.115456 0.0015581
 3.01 2.1663 -0.106496 -1.78464 -0.000390033 -0.115455 0.00155294
 3.015 2.1663 -0.106672 -1.78462 -0.000400466 -0.115455 0.00154775
 3.02 2.16631 -0.106849 -1.78461 -0.000411013 -0.115455 0.00154252
 3.025 2.16879 -0.107031 -1.78166 -0.000423861 -0.115456 0.00153662
 3.03 2.16884 -0.107222 -1.78174 -0.000434868 -0.115456 0.00153109
 3.035 2.16875 -0.107403 -1.78173 -0.00044553 -0.115451 0.00152564
 3.04 2.16864 -0.107581 -1.78169 -0.000456132 -0.115446 0.00152024
 3.045 2.16855 -0.107762 -1.78165 -0.000466868 -0.115442 0.0015148
 3.05 2.16849 -0.107945 -1.78162 -0.000477735 -0.115439 0.00150932
 3.055 2.16845 -0.10813 -1.78159 -0.000488729 -0.115437 0.0015038
 3.06 2.16843 -0.108317 -1.78157 -0.000499849 -0.115436 0.00149824
 3.065 2.16843 -0.108506 -1.78155 -0.000511091 -0.115436 0.00149265
 3.07 2.17083 -0.1087 -1.77869 -0.000524512 -0.115436 0.00148627
 3.075 2.17086 -0.108902 -1.77876 -0.0005362 -0.115435 0.00148039
 3.08 2.17076 -0.109096 -1.77875 -0.000547578 -0.11543 0.00147457
 3.085 2.17065 -0.109287 -1.7787 -0.000558918 -0.115425 0.00146879
 3.09 2.17056 -0.109481 -1.77867 -0.000570395 -0.115421 0.00146298
 3.095 2.1705 -0.109676 -1.77863 -0.000582005 -0.115418 0.00145712
 3.1 2.17047 -0.109874 -1.77861 -0.000593745 -0.115416 0.00145123
 3.105 2.17045 -0.110074 -1.77858 -0.0006056119999999999 -0.115415 0.0014453
 3.11 2.17046 -0.110276 -1.77857 -0.000617601 -0.115415 0.00143933
 3.115 2.17298 -0.110484 -1.77555 -0.000631811 -0.115416 0.00143238
 3.12 2.17303 -0.1107 -1.77564 -0.00064428 -0.115415 0.0014261
 3.125 2.17293 -0.110907 -1.77563 -0.000656399 -0.11541 0.0014199
 3.13 2.17282 -0.111111 -1.77559 -0.000668462 -0.115405 0.00141374
 3.135 2.17273 -0.111316 -1.77555 -0.000680662 -0.115401 0.00140755
 3.14 2.17267 -0.111524 -1.77552 -0.0006929940000000001 -0.115398 0.00140132
 3.145 2.17264 -0.111735 -1.77549 -0.000705454 -0.115396 0.00139506
 3.15 2.17262 -0.111947 -1.77547 -0.0007180380000000001 -0.115395 0.00138875
 3.155 2.17498 -0.112164 -1.77261 -0.000732646 -0.115395 0.0013814
 3.16 2.175 -0.11239 -1.77268 -0.000745663 -0.115393 0.00137481
 3.165 2.17491 -0.112607 -1.77267 -0.000758379 -0.115388 0.00136829
 3.17 2.17479 -0.112821 -1.77262 -0.000771065 -0.115382 0.00136181
 3.175 2.17471 -0.113037 -1.77259 -0.000783884 -0.115378 0.0013553
 3.18 2.17465 -0.113256 -1.77256 -0.000796832 -0.115375 0.00134875
 3.185 2.17462 -0.113477 -1.77253 -0.000809904 -0.115374 0.00134216
 3.19 2.17461 -0.1137 -1.77251 -0.000823096 -0.115373 0.00133555
 3.195 2.17704 -0.113928 -1.76957 -0.000838299 -0.115373 0.0013277
 3.2 2.17707 -0.114164 -1.76965 -0.000851935 -0.115372 0.00132079
 3.205 2.17698 -0.114392 -1.76964 -0.000865244 -0.115367 0.00131396
 3.21 2.17686 -0.114616 -1.7696 -0.000878508 -0.115361 0.00130717
 3.215 2.17678 -0.114842 -1.76956 -0.000891901 -0.115357 0.00130035
 3.22 2.17672 -0.115071 -1.76953 -0.000905419 -0.115354 0.0012935
 3.225 2.17669 -0.115302 -1.7695 -0.000919055 -0.115352 0.00128661
 3.23 2.17669 -0.115534 -1.76949 -0.000932807 -0.115352 0.0012797
 3.235 2.1792 -0.115772 -1.76644 -0.000948558 -0.115352 0.00127136
 3.24 2.17925 -0.116019 -1.76653 -0.000962772 -0.115351 0.00126414
 3.245 2.17915 -0.116256 -1.76653 -0.0009766239999999999 -0.115346 0.00125702
 3.25 2.17903 -0.116489 -1.76648 -0.0009904130000000001 -0.11534 0.00124994
 3.255 2.17895 -0.116725 -1.76645 -0.00100433 -0.115336 0.00124284
 3.26 2.17889 -0.116963 -1.76642 -0.00101836 -0.115333 0.00123571
 3.265 2.17886 -0.117202 -1.76639 -0.00103251 -0.115331 0.00122855
 3.27 2.18113 -0.117446 -1.76361 -0.0010484 -0.11533 0.00121997
 3.275 2.18114 -0.117698 -1.76367 -0.00106294 -0.115328 0.00121255
 3.28 2.18104 -0.117941 -1.76366 -0.00107718 -0.115323 0.00120519
 3.285 2.18093 -0.118182 -1.76362 -0.0010914 -0.115317 0.00119789
 3.29 2.18084 -0.118425 -1.76359 -0.00110574 -0.115313 0.00119055
 3.295 2.18079 -0.11867 -1.76356 -0.00112019 -0.11531 0.00118319
 3.3 2.18077 -0.118917 -1.76354 -0.00113475 -0.115308 0.00117581
 3.305 2.18306 -0.119168 -1.76072 -0.00115101 -0.115308 0.00116686
 3.31 2.18307 -0.119427 -1.76079 -0.00116595 -0.115306 0.00115922
 3.315 2.18298 -0.119678 -1.76078 -0.00118059 -0.1153 0.00115165
 3.32 2.18286 -0.119926 -1.76075 -0.0011952 -0.115295 0.00114413
 3.325 2.18279 -0.120175 -1.76072 -0.00120992 -0.115291 0.00113658
 3.33 2.18274 -0.120427 -1.76069 -0.00122474 -0.115288 0.00112902
 3.335 2.18271 -0.12068 -1.76067 -0.00123967 -0.115287 0.00112143
 3.34 2.18505 -0.120938 -1.75781 -0.00125625 -0.115286 0.00111211
 3.345 2.18507 -0.121204 -1.75788 -0.00127156 -0.115284 0.00110427
 3.35 2.18498 -0.12146 -1.75788 -0.00128655 -0.115279 0.0010965
 3.355 2.18487 -0.121714 -1.75784 -0.0013015 -0.115273 0.00108879
 3.36 2.18479 -0.12197 -1.75781 -0.00131655 -0.115269 0.00108106
 3.365 1.83104 0.0574802 -1.06348 -0.00778787 -0.0864198 -0.00484145
 3.37 0.791139 0.584863 0.976357 -0.0267799 -0.00164115 -0.0222102
 3.375 0.0921453 0.794042 1.77322 -0.0299753 0.0407801 -0.0343519
 3.38 -2.11775 1.49855 4.44268 -0.0424148 0.178855 -0.072891
 3.385 -2.19022 1.57165 4.72068 -0.0458401 0.187792 -0.0740942
 3.39 -2.98078 1.99503 6.3623 -0.0617267 0.253434 -0.08687690000000001
 3.395 -2.95337 2.02128 6.48745 -0.0640527 0.255934 -0.08606279999999999
 3.4 -3.76286 2.44369 8.157120000000001 -0.0792971 0.324501 -0.0993052
 3.405 -3.71764 2.45012 8.30583 -0.0842092 0.327607 -0.0956394
 3.41 -4.14577 2.64989 9.18454 -0.09570679999999999 0.364533 -0.0996987
 3.415 -6.07323 3.1762 10.9619 -0.0953454 0.471204 -0.138465
 3.42 -5.97263 3.19838 11.3457 -0.106216 0.479074 -0.130466
 3.425 -5.68994 3.14501 11.2377 -0.108958 0.468018 -0.12387
 3.43 -5.5856 3.21424 11.6837 -0.118972 0.477317 -0.118629
 3.435 -5.01821 3.06407 11.2085 -0.120326 0.447645 -0.106731
 3.44 -4.79118 3.09125 11.5527 -0.13117 0.450494 -0.0981742
 3.445 -4.35139 2.90441 10.8152 -0.125218 0.417341 -0.09097810000000001
 3.45 -3.90805 2.73769 9.954040000000001 -0.114184 0.380621 -0.08849129999999999
 3.455 -3.56904 2.69646 9.27542 -0.0998708 0.351175 -0.0948362
 3.46 -3.1651 2.55285 8.532170000000001 -0.090602 0.318785 -0.0923847
 3.465 -2.82023 2.52628 7.95036 -0.07848910000000001 0.291694 -0.0977721
 3.47 -2.45571 2.33973 7.24847 -0.0726176 0.262135 -0.09112969999999999
 3.475 -2.11564 2.15886 6.58996 -0.06744029999999999 0.234519 -0.0844023
 3.48 -1.80865 1.9912 5.97713 -0.0625357 0.208923 -0.0782542
 3.485 -1.7281 1.94677 5.95868 -0.0657595 0.206471 -0.0732691
 3.49 -2.09882 2.13999 7.09008 -0.08476060000000001 0.248828 -0.070435
 3.495 -1.75814 2.02347 6.70693 -0.0843066 0.228365 -0.0631217
 3.5 -1.20504 1.90321 6.38725 -0.08887349999999999 0.202958 -0.0504384
 3.505 -0.956372 1.75416 5.792 -0.0825137 0.179676 -0.0466931
 3.51 -0.7258829999999999 1.61601 5.2403 -0.0766206 0.158097 -0.0432226
 3.515 -0.518757 1.48794 4.72825 -0.0711048 0.138096 -0.0401049
 3.52 -0.32006 1.36921 4.25452 -0.0660495 0.11956 -0.0371182
 3.525 -0.136032 1.25917 3.81554 -0.0613651 0.102386 -0.0343507
 3.53 0.034491 1.15716 3.40874 -0.0570245 0.0864685 -0.0317862
 3.535 0.192565 1.06259 3.0317 -0.0530029 0.07171520000000001 -0.02941
 3.54 0.339095 0.974931 2.68226 -0.0492768 0.0580406 -0.0272083
 3.545 0.474926 0.893663 2.35838 -0.0458247 0.0453657 -0.0251684
 3.55 0.598013 0.818318 2.059 -0.0425945 0.0336176 -0.0233372
 3.555 0.719424 0.749261 1.79443 -0.0400557 0.0229465 -0.0212758
 3.56 0.467648 0.868435 2.28513 -0.0444533 0.0428511 -0.0246874
 3.565 -0.524154 1.33963 4.11659 -0.0590794 0.119366 -0.0406386
 3.57 -0.705373 1.41477 4.40617 -0.0608243 0.132064 -0.0436308
 3.575 -1.6339 1.85077 6.111 -0.07426099999999999 0.203546 -0.058429
 3.58 -1.74136 1.89003 6.26408 -0.07489800000000001 0.210578 -0.0601958
 3.585 -2.7767 2.32485 7.99219 -0.0876084 0.28606 -0.07603020000000001
 3.59 -3.44722 2.4429 8.463699999999999 -0.0857762 0.319701 -0.08659070000000001
 3.595 -4.81003 2.8956 10.1113 -0.0902867 0.404452 -0.111273
 3.6 -4.45205 2.78504 9.850809999999999 -0.0932249 0.387295 -0.101976


