# Created by Octave 3.8.2, Mon May 25 09:47:46 2015 CST <waldronluo@Debian>
# name: approachSig
# type: matrix
# rows: 721
# columns: 7
 0 0.0375657 -0.00170152 -0.0284831 4.31391e-06 -0.00180521 8.30314e-05
 0.005 0.185079 -0.00838305 -0.140331 2.12538e-05 -0.00889393 0.00040908
 0.01 0.321796 -0.0145756 -0.243993 3.69539e-05 -0.0154638 0.000711265
 0.015 0.448506 -0.0203148 -0.340067 5.15049e-05 -0.0215529 0.000991334
 0.02 0.5659419999999999 -0.0256341 -0.42911 6.49904e-05 -0.0271963 0.0012509
 0.025 0.6747840000000001 -0.030564 -0.511636 7.74867e-05 -0.0324266 0.00149147
 0.03 0.77566 -0.0351331 -0.588121 8.90656e-05 -0.0372742 0.00171443
 0.035 0.869153 -0.0393677 -0.659007 9.979389999999999e-05 -0.0417671 0.00192107
 0.04 0.955805 -0.0432925 -0.724705 0.000109733 -0.0459311 0.00211258
 0.045 1.03611 -0.04693 -0.785594 0.000118941 -0.0497904 0.00229006
 0.05 1.11055 -0.0503013 -0.842025 0.000127469 -0.0533674 0.00245456
 0.055 1.17953 -0.0534259 -0.894326 0.000135367 -0.0566825 0.002607
 0.06 1.24347 -0.0563218 -0.942797 0.000142681 -0.0597551 0.00274828
 0.065 1.30273 -0.0590058 -0.98772 0.000149451 -0.06260300000000001 0.00287922
 0.07000000000000001 1.35765 -0.0614933 -1.02935 0.000155719 -0.06524240000000001 0.00300056
 0.075 1.40856 -0.06379890000000001 -1.06794 0.000161519 -0.06768879999999999 0.00311301
 0.08 1.45574 -0.0659357 -1.1037 0.000166885 -0.0699562 0.00321722
 0.08500000000000001 1.49947 -0.06791609999999999 -1.13684 0.000171848 -0.07205780000000001 0.00331379
 0.09 1.54 -0.0697516 -1.16755 0.000176437 -0.0740056 0.00340328
 0.095 1.57756 -0.0714528 -1.19602 0.000180679 -0.07581110000000001 0.00348621
 0.1 1.61238 -0.0730296 -1.2224 0.000184598 -0.0774845 0.00356306
 0.105 1.64465 -0.0744909 -1.24684 0.000188217 -0.0790356 0.00363427
 0.11 1.67457 -0.07584539999999999 -1.2695 0.000191558 -0.0804733 0.00370025
 0.115 1.70229 -0.07710069999999999 -1.29049 0.000194641 -0.0818059 0.00376139
 0.12 1.72799 -0.07826429999999999 -1.30995 0.000197481 -0.0830412 0.00381804
 0.125 1.75181 -0.0793427 -1.32798 0.000200098 -0.0841862 0.00387052
 0.13 1.77389 -0.0803422 -1.34468 0.000202507 -0.08524760000000001 0.00391914
 0.135 1.79436 -0.0812686 -1.36016 0.000204723 -0.0862315 0.00396419
 0.14 1.81333 -0.0821273 -1.37451 0.000206759 -0.0871436 0.00400592
 0.145 1.83091 -0.0829231 -1.3878 0.000208627 -0.0879891 0.00404458
 0.15 1.84721 -0.08366079999999999 -1.40012 0.00021034 -0.0887729 0.00408039
 0.155 1.86232 -0.08434460000000001 -1.41153 0.000211908 -0.0894996 0.00411355
 0.16 1.87633 -0.08497830000000001 -1.42211 0.000213341 -0.0901733 0.00414427
 0.165 1.88781 -0.0842658 -1.43413 0.000275298 -0.0908013 0.00416352
 0.17 1.90015 -0.0848715 -1.44338 0.00027335 -0.0913929 0.00418885
 0.175 1.91154 -0.0854466 -1.45187 0.000270666 -0.09194049999999999 0.00421184
 0.18 1.92202 -0.0859718 -1.45969 0.000268485 -0.0924456 0.0042331
 0.185 1.93173 -0.0864587 -1.46692 0.00026644 -0.09291389999999999 0.00425277
 0.19 1.94074 -0.08691 -1.47363 0.000264521 -0.09334820000000001 0.00427098
 0.195 1.94909 -0.0873283 -1.47984 0.000262717 -0.093751 0.00428783
 0.2 1.95683 -0.08771610000000001 -1.48559 0.00026102 -0.0941246 0.00430342
 0.205 1.96401 -0.0880756 -1.49091 0.000259421 -0.09447120000000001 0.00431784
 0.21 1.97067 -0.0884088 -1.49585 0.000257912 -0.0947926 0.00433117
 0.215 1.97685 -0.0887177 -1.50041 0.000256486 -0.09509090000000001 0.0043435
 0.22 1.98258 -0.0890041 -1.50464 0.000255137 -0.0953676 0.0043549
 0.225 1.98632 -0.08792750000000001 -1.51086 0.000316811 -0.0956277 0.00435629
 0.23 1.99156 -0.0882389 -1.51464 0.000312261 -0.0958782 0.00436505
 0.235 1.99636 -0.0885412 -1.51808 0.000307165 -0.0961099 0.00437267
 0.24 2.00074 -0.0888138 -1.52119 0.000302738 -0.0963222 0.00437967
 0.245 2.0048 -0.0890664 -1.52408 0.000298603 -0.0965193 0.00438612
 0.25 2.00857 -0.0893007 -1.52675 0.00029474 -0.09670239999999999 0.00439207
 0.255 2.01206 -0.0895179 -1.52922 0.000291127 -0.0968724 0.00439754
 0.26 2.01531 -0.0897193 -1.5315 0.000287746 -0.0970303 0.00440258
 0.265 2.01833 -0.089906 -1.53361 0.00028458 -0.0971771 0.00440721
 0.27 2.02113 -0.0900791 -1.53556 0.000281611 -0.09731339999999999 0.00441147
 0.275 2.02203 -0.0887985 -1.53985 0.00034678 -0.0974438 0.00440593
 0.28 2.02478 -0.08901920000000001 -1.54169 0.000340501 -0.097575 0.0044085
 0.285 2.02727 -0.0892379 -1.54331 0.000333755 -0.0976958 0.00441032
 0.29 2.0295 -0.0894322 -1.54475 0.000327825 -0.0978053 0.00441194
 0.295 2.03157 -0.08961239999999999 -1.54607 0.000322292 -0.0979071 0.00441339
 0.3 2.03349 -0.0897795 -1.54729 0.000317126 -0.0980018 0.0044147
 0.305 2.03528 -0.0899344 -1.54841 0.000312301 -0.0980901 0.00441587
 0.31 2.03695 -0.09007809999999999 -1.54945 0.000307791 -0.0981723 0.00441691
 0.315 2.03686 -0.088835 -1.55279 0.000368813 -0.0982523 0.00440918
 0.32 2.03862 -0.08902740000000001 -1.55382 0.000361343 -0.0983363 0.00440902
 0.325 2.0402 -0.0892196 -1.55471 0.000353517 -0.09841370000000001 0.00440832
 0.33 2.04159 -0.08938980000000001 -1.55546 0.000346559 -0.098483 0.0044076
 0.335 2.04288 -0.08954769999999999 -1.55615 0.00034007 -0.0985477 0.00440688
 0.34 2.04409 -0.0896941 -1.55679 0.000334014 -0.09860819999999999 0.00440616
 0.345 2.04521 -0.0898299 -1.55737 0.00032836 -0.09866469999999999 0.00440545
 0.35 2.04465 -0.0886091 -1.56024 0.00038724 -0.0987208 0.00439663
 0.355 2.04593 -0.0887935 -1.56088 0.00037883 -0.09878240000000001 0.00439497
 0.36 2.04708 -0.08897819999999999 -1.5614 0.000370137 -0.0988392 0.00439287
 0.365 2.04807 -0.0891417 -1.56182 0.000362366 -0.09888959999999999 0.00439085
 0.37 2.04899 -0.08929339999999999 -1.56219 0.000355119 -0.09893680000000001 0.00438892
 0.375 2.04986 -0.089434 -1.56254 0.000348357 -0.098981 0.00438708
 0.38 2.05066 -0.0895644 -1.56285 0.000342046 -0.0990226 0.00438532
 0.385 2.04966 -0.0882241 -1.56568 0.000406139 -0.09906520000000001 0.00437522
 0.39 2.05072 -0.08841110000000001 -1.56611 0.000396795 -0.0991156 0.00437257
 0.395 2.05164 -0.08859889999999999 -1.56642 0.000387172 -0.0991616 0.00436949
 0.4 2.05241 -0.0887642 -1.56664 0.00037858 -0.0992017 0.00436653
 0.405 2.05313 -0.0889175 -1.56682 0.000370569 -0.09923940000000001 0.00436374
 0.41 2.05381 -0.0890596 -1.56699 0.000363097 -0.0992748 0.00436109
 0.415 2.05278 -0.0878184 -1.56955 0.000422251 -0.0993116 0.00435106
 0.42 2.05369 -0.0880108 -1.56984 0.000412124 -0.09935579999999999 0.00434768
 0.425 2.05449 -0.0882032 -1.57003 0.000401808 -0.0993964 0.00434395
 0.43 2.05516 -0.0883736 -1.57014 0.000392542 -0.0994317 0.00434039
 0.435 2.05578 -0.0885315 -1.57022 0.000383904 -0.0994651 0.00433703
 0.44 2.05637 -0.08867800000000001 -1.5703 0.000375849 -0.0994965 0.00433386
 0.445 2.05517 -0.08736960000000001 -1.57291 0.000438258 -0.0995299 0.00432335
 0.45 2.05604 -0.08757040000000001 -1.57314 0.000427384 -0.0995717 0.00431945
 0.455 2.05678 -0.0877711 -1.57325 0.000416331 -0.0996099 0.00431519
 0.46 2.05739 -0.08794829999999999 -1.57329 0.000406408 -0.0996428 0.00431112
 0.465 2.05797 -0.0881127 -1.57331 0.000397161 -0.0996739 0.00430729
 0.47 2.05851 -0.0882651 -1.57332 0.000388539 -0.09970329999999999 0.00430368
 0.475 2.05715 -0.0868785 -1.57604 0.000454903 -0.09973509999999999 0.00429278
 0.48 2.05801 -0.0870899 -1.57623 0.00044325 -0.0997765 0.00428843
 0.485 2.05875 -0.0873009 -1.57631 0.000431423 -0.099814 0.00428369
 0.49 2.05933 -0.087487 -1.5763 0.000420818 -0.0998459 0.00427917
 0.495 2.05989 -0.0876595 -1.57627 0.000410936 -0.0998761 0.00427491
 0.5 2.05872 -0.0864574 -1.57868 0.000468437 -0.099908 0.00426463
 0.505 2.05954 -0.0866768 -1.5788 0.000456156 -0.0999481 0.00425982
 0.51 2.06025 -0.08689429999999999 -1.57884 0.000443818 -0.0999849 0.00425471
 0.515 2.06083 -0.08708780000000001 -1.5788 0.000432679 -0.100017 0.00424985
 0.52 2.06138 -0.0872672 -1.57875 0.000422301 -0.100047 0.00424528
 0.525 2.06016 -0.0860389 -1.5812 0.000481308 -0.100079 0.00423496
 0.53 2.06099 -0.08626639999999999 -1.58131 0.000468467 -0.10012 0.00422983
 0.535 2.0617 -0.086492 -1.58133 0.000455584 -0.100157 0.0042244
 0.54 2.06228 -0.08669250000000001 -1.58127 0.000443954 -0.100189 0.00421923
 0.545 2.06284 -0.08687839999999999 -1.58121 0.00043312 -0.100219 0.00421437
 0.55 2.06155 -0.08560570000000001 -1.58375 0.000494589 -0.100252 0.004204
 0.555 2.0624 -0.0858424 -1.58385 0.000481165 -0.100293 0.00419859
 0.5600000000000001 2.06313 -0.08607670000000001 -1.58386 0.000467705 -0.100331 0.00419283
 0.5649999999999999 2.06372 -0.0862849 -1.58378 0.000455563 -0.100364 0.00418735
 0.57 2.06428 -0.0864779 -1.5837 0.000444253 -0.100395 0.0041822
 0.575 2.06293 -0.0851616 -1.58634 0.000508205 -0.100428 0.00417185
 0.58 2.0638 -0.085408 -1.58644 0.000494176 -0.100471 0.00416613
 0.585 2.06455 -0.0856517 -1.58644 0.00048012 -0.10051 0.00416004
 0.59 2.06516 -0.0858681 -1.58636 0.000467447 -0.100543 0.00415425
 0.595 2.06573 -0.08606850000000001 -1.58626 0.000455645 -0.100575 0.00414881
 0.6 2.06432 -0.0847112 -1.58899 0.000522012 -0.100609 0.00413853
 0.605 2.06523 -0.0849675 -1.5891 0.000507366 -0.100654 0.0041325
 0.61 2.066 -0.08522100000000001 -1.58909 0.000492701 -0.100694 0.00412609
 0.615 2.06662 -0.0854457 -1.58899 0.000479487 -0.100728 0.00411998
 0.62 2.06554 -0.0843551 -1.59127 0.000532694 -0.100764 0.00411031
 0.625 2.0664 -0.0846179 -1.59133 0.000517557 -0.100807 0.00410386
 0.63 2.06716 -0.0848758 -1.5913 0.000502552 -0.100847 0.00409717
 0.635 2.0678 -0.0851069 -1.5912 0.000488934 -0.100882 0.00409082
 0.64 2.06672 -0.08402129999999999 -1.59348 0.000542157 -0.100919 0.00408131
 0.645 2.0676 -0.08429 -1.59354 0.000526637 -0.100963 0.00407464
 0.65 2.06838 -0.0845535 -1.5935 0.000511269 -0.101004 0.00406773
 0.655 2.06903 -0.08478960000000001 -1.59339 0.000497317 -0.10104 0.00406117
 0.66 2.06792 -0.0836847 -1.59574 0.000551823 -0.101077 0.00405181
 0.665 2.06882 -0.0839596 -1.59579 0.000535907 -0.101122 0.00404493
 0.67 2.06962 -0.0842291 -1.59575 0.000520149 -0.101164 0.00403778
 0.675 2.07028 -0.08447060000000001 -1.59564 0.000505847 -0.1012 0.00403101
 0.68 2.06914 -0.0833453 -1.59804 0.00056171 -0.101238 0.00402181
 0.6850000000000001 2.07007 -0.0836268 -1.5981 0.000545379 -0.101285 0.00401471
 0.6899999999999999 2.07088 -0.0839027 -1.59806 0.000529212 -0.101327 0.00400733
 0.695 2.07155 -0.0841498 -1.59794 0.000514544 -0.101364 0.00400032
 0.7 2.07039 -0.0830055 -1.6004 0.000571725 -0.101403 0.00399132
 0.705 2.07134 -0.0832938 -1.60046 0.000554964 -0.101451 0.00398398
 0.71 2.07217 -0.08357630000000001 -1.60042 0.000538376 -0.101494 0.00397635
 0.715 2.07285 -0.08382920000000001 -1.6003 0.00052333 -0.101532 0.00396911
 0.72 2.07166 -0.0826674 -1.60281 0.000581782 -0.101571 0.00396032
 0.725 2.07263 -0.0829626 -1.60287 0.000564584 -0.10162 0.00395275
 0.73 2.07348 -0.0832518 -1.60283 0.000547566 -0.101665 0.00394487
 0.735 2.07418 -0.0835106 -1.60271 0.000532136 -0.101703 0.00393738
 0.74 2.07296 -0.08233260000000001 -1.60527 0.000591813 -0.101744 0.00392884
 0.745 2.07396 -0.08263479999999999 -1.60534 0.000574172 -0.101793 0.00392103
 0.75 2.07482 -0.0829308 -1.6053 0.000556721 -0.101839 0.00391289
 0.755 2.07554 -0.08319550000000001 -1.60517 0.000540902 -0.101878 0.00390515
 0.76 2.07429 -0.0820027 -1.60778 0.000601762 -0.101919 0.00389689
 0.765 2.07531 -0.08231189999999999 -1.60785 0.000583678 -0.10197 0.00388884
 0.77 2.07619 -0.0826146 -1.60781 0.000565792 -0.102017 0.00388043
 0.775 2.07692 -0.08288520000000001 -1.60768 0.000549583 -0.102057 0.00387244
 0.78 2.07565 -0.081679 -1.61034 0.000611584 -0.102099 0.00386449
 0.785 2.07669 -0.0819951 -1.61041 0.000593057 -0.102151 0.00385619
 0.79 2.07758 -0.0823045 -1.61037 0.000574737 -0.102198 0.00384751
 0.795 2.07833 -0.082581 -1.61024 0.000558139 -0.102239 0.00383927
 0.8 2.07703 -0.08136259999999999 -1.61295 0.000621241 -0.102281 0.00383165
 0.805 2.07809 -0.08168549999999999 -1.61302 0.000602273 -0.102334 0.0038231
 0.8100000000000001 2.07901 -0.0820015 -1.61298 0.0005835219999999999 -0.102382 0.00381416
 0.8149999999999999 2.07976 -0.082284 -1.61284 0.000566537 -0.102424 0.00380566
 0.82 2.07844 -0.0810546 -1.6156 0.000630699 -0.102467 0.00379841
 0.825 2.07952 -0.08138430000000001 -1.61568 0.000611294 -0.102521 0.00378962
 0.83 2.08045 -0.0817068 -1.61563 0.000592115 -0.10257 0.0037804
 0.835 2.08122 -0.0819949 -1.61549 0.000574747 -0.102612 0.00377164
 0.84 2.07988 -0.08075599999999999 -1.61829 0.00063993 -0.102656 0.0037648
 0.845 2.08098 -0.0810922 -1.61838 0.000620092 -0.102712 0.00375575
 0.85 2.08193 -0.0814211 -1.61833 0.000600491 -0.102761 0.00374627
 0.855 2.08271 -0.08171489999999999 -1.61819 0.000582743 -0.102804 0.00373725
 0.86 2.08134 -0.0804675 -1.62103 0.000648907 -0.102849 0.00373083
 0.865 2.08246 -0.0808103 -1.62112 0.000628642 -0.102905 0.00372153
 0.87 2.08342 -0.08114540000000001 -1.62107 0.000608624 -0.102955 0.00371178
 0.875 2.08421 -0.0814448 -1.62092 0.000590501 -0.102999 0.0037025
 0.88 2.08282 -0.0801902 -1.62381 0.000657605 -0.103044 0.00369654
 0.885 2.08396 -0.08053929999999999 -1.6239 0.000636921 -0.103101 0.003687
 0.89 2.08494 -0.0808806 -1.62385 0.000616492 -0.103152 0.00367698
 0.895 2.08405 -0.0799909 -1.62608 0.000663924 -0.103199 0.00367004
 0.9 2.08511 -0.0803439 -1.62609 0.000642861 -0.103254 0.00365992
 0.905 2.08606 -0.0806861 -1.62601 0.000622287 -0.103304 0.00364963
 0.91 2.08688 -0.08099480000000001 -1.62586 0.000603525 -0.103349 0.00363991
 0.915 2.0855 -0.079765 -1.62875 0.000670266 -0.103395 0.00363475
 0.92 2.08666 -0.08012229999999999 -1.62884 0.000648994 -0.103453 0.00362481
 0.925 2.08766 -0.0804715 -1.62879 0.000628003 -0.103505 0.00361438
 0.93 2.08675 -0.07957980000000001 -1.63106 0.0006763300000000001 -0.103553 0.00360808
 0.9350000000000001 2.08783 -0.0799412 -1.63107 0.000654677 -0.103609 0.00359756
 0.9399999999999999 2.0888 -0.0802915 -1.63099 0.000633527 -0.10366 0.00358687
 0.945 2.08793 -0.0794311 -1.63322 0.000680445 -0.103708 0.00358073
 0.95 2.08902 -0.0797949 -1.63323 0.000658602 -0.103764 0.00357005
 0.955 2.08999 -0.0801472 -1.63315 0.0006372870000000001 -0.103816 0.00355921
 0.96 2.08912 -0.07928830000000001 -1.63539 0.000684475 -0.103864 0.00355338
 0.965 2.09022 -0.0796544 -1.63541 0.000662445 -0.103921 0.00354257
 0.97 2.0912 -0.0800091 -1.63533 0.000640948 -0.103973 0.00353159
 0.975 2.09031 -0.07914939999999999 -1.63759 0.000688542 -0.104021 0.0035261
 0.98 2.09142 -0.0795182 -1.6376 0.000666314 -0.104078 0.00351514
 0.985 2.09241 -0.0798754 -1.63752 0.000644622 -0.10413 0.00350401
 0.99 2.09152 -0.0790154 -1.6398 0.000692605 -0.10418 0.00349885
 0.995 2.09263 -0.079387 -1.63982 0.000670168 -0.104237 0.00348774
 1 2.09363 -0.0797469 -1.63974 0.000648271 -0.104289 0.00347646
 1.005 2.09273 -0.07888729999999999 -1.64204 0.000696615 -0.104339 0.00347164
 1.01 2.09385 -0.0792617 -1.64205 0.000673961 -0.104396 0.00346038
 1.015 2.09485 -0.0796244 -1.64197 0.000651852 -0.104449 0.00344892
 1.02 2.09395 -0.0787658 -1.64429 0.000700528 -0.104499 0.00344444
 1.025 2.09508 -0.07914309999999999 -1.64431 0.000677654 -0.104557 0.00343303
 1.03 2.09609 -0.0795087 -1.64423 0.0006553280000000001 -0.10461 0.00342141
 1.035 2.09517 -0.0786517 -1.64656 0.000704311 -0.10466 0.00341728
 1.04 2.09631 -0.07903200000000001 -1.64658 0.000681213 -0.104718 0.0034057
 1.045 2.09733 -0.0794004 -1.6465 0.000658669 -0.104772 0.00339391
 1.05 2.09641 -0.07854559999999999 -1.64884 0.000707935 -0.104822 0.00339013
 1.055 2.09755 -0.0789289 -1.64886 0.000684612 -0.104881 0.00337839
 1.06 2.09857 -0.0793001 -1.64878 0.0006618490000000001 -0.104934 0.00336643
 1.065 2.09764 -0.078448 -1.65114 0.000711374 -0.104985 0.00336301
 1.07 2.0988 -0.07883419999999999 -1.65116 0.000687828 -0.105044 0.0033511
 1.075 2.09982 -0.0792083 -1.65108 0.000664848 -0.105098 0.00333898
 1.08 2.09889 -0.07835930000000001 -1.65345 0.0007146089999999999 -0.105149 0.00333591
 1.085 2.10005 -0.0787484 -1.65347 0.000690841 -0.105208 0.00332384
 1.09 2.10108 -0.0791253 -1.6534 0.000667645 -0.105262 0.00331155
 1.095 2.10014 -0.07828 -1.65578 0.000717623 -0.105313 0.00330886
 1.1 2.1013 -0.0786719 -1.6558 0.000693636 -0.105373 0.00329662
 1.105 2.10234 -0.0790515 -1.65572 0.000670227 -0.105427 0.00328416
 1.11 2.10139 -0.0782103 -1.65811 0.0007203999999999999 -0.105479 0.00328184
 1.115 2.10256 -0.07860499999999999 -1.65814 0.000696198 -0.105538 0.00326945
 1.12 2.10361 -0.07898719999999999 -1.65806 0.000672581 -0.105593 0.00325682
 1.125 2.10265 -0.0781506 -1.66046 0.000722928 -0.105644 0.00325488
 1.13 2.10383 -0.07854800000000001 -1.66048 0.000698515 -0.105704 0.00324232
 1.135 2.10488 -0.0789328 -1.6604 0.000674693 -0.105759 0.00322953
 1.14 2.10392 -0.07810110000000001 -1.66281 0.000725196 -0.105811 0.00322797
 1.145 2.1051 -0.078501 -1.66284 0.000700577 -0.105871 0.00321526
 1.15 2.10615 -0.07888829999999999 -1.66276 0.000676555 -0.105926 0.00320231
 1.155 2.10518 -0.07806200000000001 -1.66518 0.000727194 -0.105978 0.00320114
 1.16 2.10637 -0.0784644 -1.6652 0.000702375 -0.106038 0.00318828
 1.165 2.10742 -0.0788541 -1.66512 0.000678158 -0.106094 0.00317516
 1.17 2.10645 -0.07803359999999999 -1.66755 0.000728913 -0.106146 0.00317439
 1.175 2.10764 -0.0784383 -1.66757 0.000703899 -0.106206 0.00316137
 1.18 2.1087 -0.0788302 -1.66749 0.000679494 -0.106262 0.0031481
 1.185 2.10772 -0.0780159 -1.66992 0.000730346 -0.106313 0.00314772
 1.19 2.10892 -0.0784229 -1.66995 0.000705144 -0.106374 0.00313456
 1.195 2.10998 -0.078817 -1.66987 0.000680556 -0.10643 0.00312113
 1.2 2.109 -0.0780092 -1.6723 0.0007314860000000001 -0.106482 0.00312116
 1.205 2.11019 -0.0784183 -1.67233 0.000706102 -0.106543 0.00310784
 1.21 2.11125 -0.07881440000000001 -1.67225 0.000681338 -0.106598 0.00309427
 1.215 2.11027 -0.0780136 -1.67469 0.000732327 -0.10665 0.0030947
 1.22 2.11147 -0.0784247 -1.67472 0.000706769 -0.106711 0.00308125
 1.225 2.11253 -0.0788227 -1.67464 0.000681835 -0.106767 0.00306752
 1.23 2.11155 -0.0780291 -1.67708 0.000732863 -0.106819 0.00306837
 1.235 2.11275 -0.0784421 -1.67711 0.000707138 -0.10688 0.00305477
 1.24 2.11381 -0.07884190000000001 -1.67703 0.000682041 -0.106936 0.00304091
 1.245 2.11283 -0.0780559 -1.67947 0.00073309 -0.106988 0.00304217
 1.25 2.11402 -0.0784706 -1.6795 0.000707205 -0.107049 0.00302843
 1.255 2.11509 -0.0788721 -1.67942 0.000681953 -0.107105 0.00301443
 1.26 2.1141 -0.078094 -1.68187 0.000733004 -0.107157 0.0030161
 1.265 2.1153 -0.07851039999999999 -1.68189 0.000706966 -0.107219 0.00300224
 1.27 2.11637 -0.07891339999999999 -1.68181 0.000681566 -0.107274 0.0029881
 1.275 2.11538 -0.0781435 -1.68426 0.000732601 -0.107327 0.00299019
 1.28 2.11658 -0.0785613 -1.68429 0.000706417 -0.107388 0.0029762
 1.285 2.11764 -0.0789658 -1.68421 0.000680877 -0.107444 0.00296193
 1.29 2.11665 -0.07820439999999999 -1.68665 0.000731877 -0.107496 0.00296443
 1.295 2.11785 -0.0786236 -1.68668 0.000705557 -0.107557 0.00295032
 1.3 2.11892 -0.0790293 -1.6866 0.000679883 -0.107613 0.00293593
 1.305 2.11792 -0.07827679999999999 -1.68905 0.000730829 -0.107665 0.00293885
 1.31 2.11912 -0.07869719999999999 -1.68907 0.00070438 -0.107726 0.00292462
 1.315 2.12019 -0.07910399999999999 -1.68899 0.0006785819999999999 -0.107782 0.0029101
 1.32 2.11919 -0.0783605 -1.69144 0.0007294549999999999 -0.107834 0.00291344
 1.325 2.12039 -0.078782 -1.69146 0.000702886 -0.107895 0.00289909
 1.33 2.12146 -0.07918989999999999 -1.69138 0.000676971 -0.107951 0.00288447
 1.335 2.12046 -0.07845580000000001 -1.69383 0.000727753 -0.108002 0.00288822
 1.34 2.12166 -0.0788782 -1.69385 0.000701072 -0.108063 0.00287376
 1.345 2.12272 -0.079287 -1.69377 0.000675049 -0.108119 0.00285903
 1.35 2.12173 -0.0785624 -1.69621 0.000725721 -0.108171 0.00286319
 1.355 2.12292 -0.0789856 -1.69623 0.000698937 -0.108232 0.00284863
 1.36 2.12399 -0.0793951 -1.69615 0.000672815 -0.108287 0.00283379
 1.365 2.12299 -0.0786804 -1.69859 0.000723358 -0.108339 0.00283837
 1.37 2.12418 -0.0791042 -1.69861 0.00069648 -0.1084 0.00282371
 1.375 2.12524 -0.0795143 -1.69853 0.000670266 -0.108455 0.00280877
 1.38 2.12425 -0.0788097 -1.70096 0.000720662 -0.108507 0.00281375
 1.385 2.12544 -0.079234 -1.70098 0.000693699 -0.108567 0.00279901
 1.39 2.1265 -0.0796446 -1.7009 0.000667404 -0.108623 0.00278398
 1.395 2.1255 -0.0789502 -1.70333 0.000717633 -0.108674 0.00278936
 1.4 2.12669 -0.0793749 -1.70335 0.000690595 -0.108734 0.00277453
 1.405 2.12774 -0.0797858 -1.70327 0.000664226 -0.10879 0.00275941
 1.41 2.12675 -0.0791019 -1.70568 0.000714271 -0.108841 0.00276519
 1.415 2.12793 -0.07952679999999999 -1.70571 0.000687167 -0.108901 0.00275028
 1.42 2.12898 -0.07993790000000001 -1.70562 0.000660734 -0.108956 0.00273508
 1.425 2.12799 -0.0792646 -1.70803 0.000710577 -0.109007 0.00274126
 1.43 2.12917 -0.0796895 -1.70806 0.000683415 -0.109067 0.00272627
 1.435 2.13022 -0.0801007 -1.70797 0.000656928 -0.109122 0.002711
 1.44 2.12923 -0.0794383 -1.71037 0.000706549 -0.109173 0.00271757
 1.445 2.1304 -0.07986310000000001 -1.71039 0.000679341 -0.109232 0.00270251
 1.45 2.13145 -0.0802741 -1.71031 0.000652809 -0.109287 0.00268717
 1.455 2.13046 -0.0796227 -1.7127 0.00070219 -0.109337 0.00269412
 1.46 2.13163 -0.0800473 -1.71272 0.000674945 -0.109397 0.002679
 1.465 2.13267 -0.0804581 -1.71264 0.000648377 -0.109451 0.0026636
 1.47 2.13169 -0.07981779999999999 -1.71502 0.000697501 -0.109502 0.00267092
 1.475 2.13285 -0.08024199999999999 -1.71504 0.0006702290000000001 -0.109561 0.00265574
 1.48 2.13388 -0.0806524 -1.71496 0.000643635 -0.109615 0.00264029
 1.485 2.1329 -0.0800235 -1.71732 0.000692483 -0.109665 0.00264799
 1.49 2.13406 -0.08044709999999999 -1.71734 0.000665194 -0.109724 0.00263276
 1.495 2.13509 -0.0808569 -1.71726 0.000638585 -0.109777 0.00261725
 1.5 2.13412 -0.0802394 -1.71962 0.000687139 -0.109827 0.00262531
 1.505 2.13526 -0.08066230000000001 -1.71964 0.000659843 -0.109886 0.00261004
 1.51 2.13629 -0.0810714 -1.71955 0.000633228 -0.109939 0.00259449
 1.515 2.13532 -0.0804655 -1.72189 0.00068147 -0.109989 0.0026029
 1.52 2.13646 -0.0808875 -1.72191 0.0006541780000000001 -0.110047 0.00258759
 1.525 2.13748 -0.0812958 -1.72183 0.000627568 -0.1101 0.00257201
 1.53 2.13651 -0.0807015 -1.72416 0.00067548 -0.110149 0.00258077
 1.535 2.13765 -0.0811225 -1.72418 0.000648203 -0.110207 0.00256543
 1.54 2.13866 -0.0815297 -1.72409 0.000621606 -0.11026 0.00254982
 1.545 2.1377 -0.0809472 -1.7264 0.000669171 -0.110309 0.00255891
 1.55 2.13883 -0.08136699999999999 -1.72642 0.000641919 -0.110366 0.00254354
 1.555 2.13984 -0.0817732 -1.72634 0.000615348 -0.110419 0.00252792
 1.56 2.13888 -0.0812025 -1.72863 0.000662548 -0.110467 0.00253733
 1.565 2.14 -0.0816209 -1.72865 0.000635331 -0.110524 0.00252195
 1.57 2.141 -0.08202569999999999 -1.72857 0.000608796 -0.110576 0.00250631
 1.575 2.14005 -0.081467 -1.73085 0.000655613 -0.110625 0.00251604
 1.58 2.14116 -0.0818839 -1.73086 0.000628444 -0.110681 0.00250064
 1.585 2.14215 -0.08228729999999999 -1.73078 0.000601954 -0.110733 0.002485
 1.59 2.14121 -0.08174049999999999 -1.73304 0.000648372 -0.110781 0.00249503
 1.595 2.14231 -0.0821558 -1.73306 0.00062126 -0.110837 0.00247963
 1.6 2.1433 -0.08255750000000001 -1.73298 0.000594828 -0.110888 0.00246399
 1.605 2.14236 -0.0820227 -1.73522 0.000640828 -0.110936 0.00247431
 1.61 2.14345 -0.0824362 -1.73523 0.000613785 -0.110991 0.00245892
 1.615 2.14443 -0.0828362 -1.73515 0.000587421 -0.111042 0.00244329
 1.62 2.1435 -0.0823135 -1.73737 0.000632987 -0.111089 0.00245389
 1.625 2.14458 -0.08272500000000001 -1.73739 0.000606024 -0.111144 0.0024385
 1.63 2.14555 -0.083123 -1.73731 0.000579739 -0.111195 0.00242289
 1.635 2.14639 -0.083481 -1.73715 0.000555834 -0.111239 0.00240823
 1.64 2.14491 -0.0826847 -1.74006 0.000623285 -0.111285 0.00242789
 1.645 2.14607 -0.0830938 -1.74016 0.000596573 -0.111342 0.00241322
 1.65 2.14706 -0.0834936 -1.74011 0.000570182 -0.111394 0.00239773
 1.655 2.1461 -0.0829737 -1.74235 0.000616722 -0.11144 0.00240966
 1.66 2.14716 -0.08338329999999999 -1.74237 0.000589784 -0.111494 0.00239424
 1.665 2.14812 -0.0837799 -1.74229 0.000563498 -0.111544 0.00237855
 1.67 2.14894 -0.0841364 -1.74213 0.000539604 -0.111588 0.00236382
 1.675 2.14749 -0.0833786 -1.74498 0.000605549 -0.111632 0.00238412
 1.68 2.14862 -0.0837847 -1.74507 0.000578923 -0.111689 0.00236939
 1.685 2.14959 -0.0841816 -1.74502 0.000552624 -0.111739 0.00235387
 1.69 2.1504 -0.08453529999999999 -1.74486 0.000528853 -0.111782 0.00233916
 1.695 2.14892 -0.08377709999999999 -1.74773 0.000595714 -0.111826 0.00236052
 1.7 2.15004 -0.0841821 -1.74782 0.000569112 -0.111882 0.00234579
 1.705 2.15101 -0.0845781 -1.74777 0.000542815 -0.111932 0.00233024
 1.71 2.15181 -0.08493100000000001 -1.74761 0.000519055 -0.111974 0.00231549
 1.715 2.15034 -0.0841952 -1.75044 0.000584959 -0.112018 0.00233714
 1.72 2.15144 -0.0845984 -1.75053 0.00055842 -0.112073 0.00232237
 1.725 2.1524 -0.0849926 -1.75048 0.000532188 -0.112122 0.00230681
 1.73 2.15319 -0.0853438 -1.75032 0.000508484 -0.112164 0.00229207
 1.735 2.15174 -0.0846324 -1.7531 0.000573237 -0.112207 0.0023139
 1.74 2.15283 -0.08503280000000001 -1.75318 0.000546816 -0.112261 0.00229914
 1.745 2.15377 -0.08542429999999999 -1.75313 0.000520707 -0.11231 0.00228361
 1.75 2.15455 -0.0857733 -1.75298 0.000497111 -0.112351 0.0022689
 1.755 2.15313 -0.08508590000000001 -1.75571 0.000560681 -0.112393 0.00229091
 1.76 2.15419 -0.0854828 -1.75579 0.000534429 -0.112447 0.00227618
 1.765 2.15511 -0.0858709 -1.75574 0.000508491 -0.112494 0.00226071
 1.77 2.15588 -0.0862169 -1.75558 0.000485046 -0.112535 0.00224608
 1.775 2.15449 -0.0855532 -1.75826 0.00054741 -0.112577 0.00226821
 1.78 2.15553 -0.08594599999999999 -1.75834 0.0005213699999999999 -0.112629 0.00225355
 1.785 2.15644 -0.08633010000000001 -1.75829 0.000495645 -0.112676 0.00223817
 1.79 2.1572 -0.0866726 -1.75813 0.000472388 -0.112716 0.00222364
 1.795 2.15583 -0.0860322 -1.76076 0.000533521 -0.112757 0.00224588
 1.8 2.15685 -0.08642039999999999 -1.76083 0.000507731 -0.112808 0.00223131
 1.805 2.15774 -0.0867999 -1.76078 0.000482255 -0.112854 0.00221605
 1.81 2.15849 -0.08713849999999999 -1.76063 0.00045922 -0.112893 0.00220164
 1.815 2.15714 -0.0865211 -1.76321 0.000519092 -0.112934 0.00222395
 1.82 2.15814 -0.0869042 -1.76327 0.0004935850000000001 -0.112984 0.00220949
 1.825 2.15902 -0.0872788 -1.76322 0.00046839 -0.113029 0.00219437
 1.83 2.15976 -0.0876131 -1.76308 0.000445607 -0.113068 0.0021801
 1.835 2.15844 -0.0870184 -1.7656 0.000504186 -0.113107 0.00220244
 1.84 2.15942 -0.087396 -1.76566 0.000478993 -0.113156 0.00218811
 1.845 2.16028 -0.0877652 -1.76561 0.000454109 -0.1132 0.00217315
 1.85 2.161 -0.0880947 -1.76547 0.000431604 -0.113238 0.00215905
 1.855 2.15971 -0.08752260000000001 -1.76793 0.000488857 -0.113277 0.00218138
 1.86 2.16066 -0.08789429999999999 -1.76799 0.000464005 -0.113325 0.0021672
 1.865 2.16151 -0.08825769999999999 -1.76794 0.000439459 -0.113368 0.00215242
 1.87 2.16221 -0.0885823 -1.7678 0.000417258 -0.113406 0.00213849
 1.875 2.16096 -0.08803229999999999 -1.77021 0.000473151 -0.113443 0.00216076
 1.88 2.16189 -0.0883978 -1.77026 0.000448667 -0.11349 0.00214676
 1.885 2.16271 -0.08875520000000001 -1.77021 0.000424485 -0.113533 0.00213217
 1.89 2.16341 -0.0890743 -1.77008 0.000402609 -0.113569 0.00211844
 1.895 2.16218 -0.0885464 -1.77243 0.000457107 -0.113606 0.00214061
 1.9 2.16309 -0.08890530000000001 -1.77247 0.000433016 -0.113652 0.00212679
 1.905 2.16389 -0.0892563 -1.77243 0.000409222 -0.113693 0.00211242
 1.91 2.16457 -0.0895698 -1.77229 0.000387696 -0.113729 0.0020989
 1.915 2.16338 -0.0890637 -1.77458 0.000440764 -0.113765 0.00212092
 1.92 2.16426 -0.0894156 -1.77463 0.000417089 -0.11381 0.0021073
 1.925 2.16505 -0.0897599 -1.77458 0.000393707 -0.11385 0.00209316
 1.93 2.16571 -0.09006749999999999 -1.77445 0.000372551 -0.113885 0.00207987
 1.935 2.16455 -0.089583 -1.77668 0.000424154 -0.11392 0.0021017
 1.94 2.16541 -0.0899277 -1.77672 0.000400918 -0.113964 0.00208829
 1.945 2.16618 -0.0902649 -1.77667 0.000377972 -0.114003 0.00207439
 1.95 2.16683 -0.09056640000000001 -1.77655 0.000357206 -0.114037 0.00206135
 1.955 2.16744 -0.0908432 -1.77642 0.000338047 -0.114069 0.00204925
 1.96 2.1659 -0.0901955 -1.7791 0.000404859 -0.114103 0.00207923
 1.965 2.16679 -0.0905319 -1.77919 0.000382269 -0.114147 0.00206664
 1.97 2.16756 -0.0908643 -1.77917 0.00035967 -0.114186 0.0020531
 1.975 2.16819 -0.091159 -1.77905 0.00033933 -0.11422 0.0020403
 1.98 2.16878 -0.0914296 -1.77892 0.000320564 -0.114251 0.00202842
 1.985 2.16726 -0.09080050000000001 -1.78155 0.000386394 -0.114283 0.00205858
 1.99 2.16812 -0.09113010000000001 -1.78164 0.000364223 -0.114326 0.00204618
 1.995 2.16887 -0.091456 -1.78162 0.000342028 -0.114364 0.00203286
 2 2.16948 -0.0917449 -1.7815 0.000322051 -0.114396 0.00202027
 2.005 2.17006 -0.0920102 -1.78138 0.000303622 -0.114427 0.0020086
 2.01 2.16859 -0.0914166 -1.78391 0.00036683 -0.114458 0.00203805
 2.015 2.16942 -0.091738 -1.78399 0.000345154 -0.114499 0.00202585
 2.02 2.17014 -0.0920559 -1.78397 0.000323463 -0.114536 0.0020128
 2.025 2.17073 -0.092338 -1.78385 0.000303932 -0.114567 0.00200049
 2.03 2.17129 -0.092597 -1.78373 0.000285913 -0.114596 0.00198907
 2.035 2.16989 -0.09203939999999999 -1.78615 0.00034632 -0.114627 0.00201768
 2.04 2.17068 -0.0923514 -1.78623 0.000325224 -0.114666 0.00200573
 2.045 2.17137 -0.0926601 -1.7862 0.000304122 -0.114701 0.00199301
 2.05 2.17195 -0.09293419999999999 -1.78609 0.000285111 -0.114731 0.00198102
 2.055 2.17249 -0.093186 -1.78598 0.000267572 -0.11476 0.00196991
 2.06 2.17115 -0.09266340000000001 -1.78829 0.000325134 -0.114789 0.00199761
 2.065 2.17191 -0.09296509999999999 -1.78836 0.000304688 -0.114827 0.00198596
 2.07 2.17257 -0.0932637 -1.78833 0.000284241 -0.114861 0.00197361
 2.075 2.17312 -0.0935291 -1.78823 0.000265812 -0.114889 0.00196199
 2.08 2.17364 -0.0937728 -1.78812 0.000248811 -0.114917 0.00195122
 2.085 2.17413 -0.0939965 -1.78801 0.000233132 -0.114942 0.00194123
 2.09 2.17254 -0.09336700000000001 -1.79061 0.000301219 -0.11497 0.00197512
 2.095 2.1733 -0.0936569 -1.79072 0.000281639 -0.115007 0.0019643
 2.1 2.17395 -0.0939464 -1.79071 0.000261823 -0.11504 0.00195245
 2.105 2.17447 -0.09420199999999999 -1.79061 0.000244047 -0.115068 0.00194123
 2.11 2.17497 -0.0944368 -1.79051 0.000227648 -0.115094 0.00193083
 2.115 2.17544 -0.09465229999999999 -1.79041 0.000212525 -0.115118 0.00192118
 2.12 2.17391 -0.0940607 -1.79289 0.000277511 -0.115144 0.00195406
 2.125 2.17463 -0.0943391 -1.79298 0.000258669 -0.11518 0.00194357
 2.13 2.17524 -0.0946173 -1.79298 0.000239594 -0.115211 0.00193213
 2.135 2.17575 -0.09486319999999999 -1.79288 0.000222474 -0.115237 0.00192133
 2.14 2.17622 -0.0950891 -1.79279 0.00020668 -0.115262 0.00191131
 2.145 2.17666 -0.09529650000000001 -1.79269 0.000192113 -0.115285 0.00190203
 2.15 2.17524 -0.0947553 -1.795 0.00025261 -0.11531 0.00193306
 2.155 2.17591 -0.0950203 -1.79509 0.000234619 -0.115343 0.00192295
 2.16 2.17649 -0.0952853 -1.79508 0.000216418 -0.115372 0.001912
 2.165 2.17696 -0.0955199 -1.79499 0.000200068 -0.115397 0.00190169
 2.17 2.17741 -0.0957355 -1.7949 0.000184983 -0.11542 0.00189214
 2.175 2.17783 -0.0959334 -1.79481 0.000171069 -0.115443 0.00188327
 2.18 2.17823 -0.09611500000000001 -1.79472 0.000158241 -0.115463 0.00187506
 2.185 2.17665 -0.09551419999999999 -1.79718 0.000224793 -0.115486 0.00191003
 2.19 2.1773 -0.0957636 -1.79729 0.000207907 -0.115518 0.00190075
 2.195 2.17786 -0.09601519999999999 -1.79729 0.000190635 -0.115546 0.00189044
 2.2 2.1783 -0.0962368 -1.79721 0.000175178 -0.115569 0.00188069
 2.205 2.17872 -0.0964404 -1.79713 0.000160916 -0.115591 0.00187166
 2.21 2.17911 -0.09662750000000001 -1.79705 0.000147759 -0.115611 0.00186329
 2.215 2.17948 -0.0967991 -1.79696 0.000135628 -0.115631 0.00185552
 2.22 2.17803 -0.0962571 -1.79922 0.000196642 -0.115651 0.00188801
 2.225 2.17862 -0.0964901 -1.79931 0.000180821 -0.11568 0.0018792
 2.23 2.17913 -0.0967254 -1.79931 0.000164644 -0.115706 0.00186952
 2.235 2.17955 -0.09693309999999999 -1.79924 0.000150151 -0.115728 0.00186039
 2.24 2.17993 -0.097124 -1.79917 0.000136776 -0.115748 0.00185194
 2.245 2.1803 -0.09729939999999999 -1.7991 0.000124437 -0.115767 0.0018441
 2.25 2.18064 -0.09746050000000001 -1.79902 0.000113056 -0.115785 0.00183683
 2.255 2.18097 -0.09760820000000001 -1.79894 0.000102564 -0.115802 0.00183009
 2.26 2.17947 -0.0970492 -1.80121 0.000165304 -0.11582 0.00186412
 2.265 2.18002 -0.0972625 -1.80131 0.00015084 -0.115847 0.00185618
 2.27 2.18049 -0.09747980000000001 -1.80132 0.000135907 -0.115871 0.00184728
 2.275 2.18086 -0.09767099999999999 -1.80126 0.000122563 -0.11589 0.00183889
 2.28 2.18122 -0.0978468 -1.8012 0.000110247 -0.115909 0.00183112
 2.285 2.18155 -0.0980085 -1.80113 9.88812e-05 -0.115926 0.00182392
 2.29 2.18186 -0.09815690000000001 -1.80107 8.839630000000001e-05 -0.115942 0.00181724
 2.295 2.18215 -0.0982932 -1.801 7.87267e-05 -0.115957 0.00181104
 2.3 2.18243 -0.0984183 -1.80093 6.981149999999999e-05 -0.115972 0.0018053
 2.305 2.18269 -0.098533 -1.80086 6.15948e-05 -0.115986 0.00179998
 2.31 2.18105 -0.09791759999999999 -1.80325 0.000129926 -0.116001 0.00183779
 2.315 2.18156 -0.0981079 -1.80338 0.000117095 -0.116026 0.00183099
 2.32 2.18199 -0.0983049 -1.8034 0.000103593 -0.116047 0.00182304
 2.325 2.18232 -0.098477 -1.80335 9.159770000000001e-05 -0.116064 0.00181552
 2.33 2.18263 -0.0986354 -1.8033 8.05215e-05 -0.11608 0.00180855
 2.335 2.18292 -0.0987811 -1.80325 7.02961e-05 -0.116095 0.00180209
 2.34 2.18319 -0.098915 -1.80319 6.08583e-05 -0.11611 0.0017961
 2.345 2.18345 -0.09903820000000001 -1.80314 5.21493e-05 -0.116123 0.00179055
 2.35 2.18369 -0.0991513 -1.80308 4.41148e-05 -0.116136 0.0017854
 2.355 2.18391 -0.0992552 -1.80303 3.67044e-05 -0.116147 0.00178063
 2.36 2.18413 -0.0993506 -1.80297 2.98715e-05 -0.116159 0.00177621
 2.365 2.18433 -0.0994381 -1.80292 2.35727e-05 -0.116169 0.00177211
 2.37 2.18452 -0.0995182 -1.80286 1.7768e-05 -0.116179 0.00176831
 2.375 2.18284 -0.09888660000000001 -1.80524 8.74802e-05 -0.116191 0.00180756
 2.38 2.18327 -0.09904689999999999 -1.80537 7.67402e-05 -0.116212 0.00180206
 2.385 2.18364 -0.0992164 -1.80541 6.51766e-05 -0.11623 0.00179535
 2.39 2.18391 -0.09936349999999999 -1.80537 5.49618e-05 -0.116244 0.00178898
 2.395 2.18416 -0.09949909999999999 -1.80534 4.55224e-05 -0.116257 0.00178308
 2.4 2.1844 -0.099624 -1.8053 3.68007e-05 -0.11627 0.00177761
 2.405 2.18462 -0.0997391 -1.80526 2.8743e-05 -0.116281 0.00177254
 2.41 2.18483 -0.0998452 -1.80523 2.12994e-05 -0.116292 0.00176784
 2.415 2.18502 -0.0999428 -1.80519 1.44232e-05 -0.116302 0.00176348
 2.42 2.18521 -0.100033 -1.80515 8.07314e-06 -0.116312 0.00175944
 2.425 2.18538 -0.100116 -1.80512 2.20874e-06 -0.116321 0.0017557
 2.43 2.18554 -0.100192 -1.80508 -3.20676e-06 -0.116329 0.00175223
 2.435 2.18569 -0.100262 -1.80505 -8.20647e-06 -0.116337 0.00174901
 2.44 2.18583 -0.100326 -1.80501 -1.2822e-05 -0.116344 0.00174603
 2.445 2.18597 -0.100386 -1.80498 -1.70824e-05 -0.116351 0.00174327
 2.45 2.18609 -0.10044 -1.80494 -2.1015e-05 -0.116358 0.00174071
 2.455 2.18621 -0.10049 -1.80491 -2.46447e-05 -0.116364 0.00173833
 2.46 2.18632 -0.100536 -1.80487 -2.79949e-05 -0.11637 0.00173613
 2.465 2.18642 -0.100579 -1.80484 -3.10871e-05 -0.116375 0.0017341
 2.47 2.18652 -0.100618 -1.80481 -3.39412e-05 -0.11638 0.00173221
 2.475 2.18661 -0.100654 -1.80478 -3.65758e-05 -0.116385 0.00173045
 2.48 2.18669 -0.100687 -1.80475 -3.90081e-05 -0.116389 0.00172883
 2.485 2.18677 -0.100717 -1.80473 -4.1254e-05 -0.116393 0.00172733
 2.49 2.18684 -0.100745 -1.8047 -4.33283e-05 -0.116397 0.00172593
 2.495 2.18691 -0.100771 -1.80467 -4.52445e-05 -0.116401 0.00172464
 2.5 2.18698 -0.100794 -1.80465 -4.70154e-05 -0.116404 0.00172344
 2.505 2.18704 -0.100816 -1.80463 -4.86528e-05 -0.116407 0.00172233
 2.51 2.18709 -0.100836 -1.8046 -5.01678e-05 -0.11641 0.0017213
 2.515 2.18715 -0.100855 -1.80458 -5.1571e-05 -0.116413 0.00172035
 2.52 2.18719 -0.100872 -1.80457 -5.28702e-05 -0.116416 0.00171947
 2.525 2.18724 -0.100888 -1.80455 -5.40738e-05 -0.116418 0.00171865
 2.53 2.18728 -0.100903 -1.80453 -5.51862e-05 -0.11642 0.00171789
 2.535 2.18732 -0.100917 -1.80452 -5.62059e-05 -0.116422 0.00171719
 2.54 2.18736 -0.100929 -1.8045 -5.71403e-05 -0.116424 0.00171655
 2.545 2.18739 -0.10094 -1.80449 -5.79819e-05 -0.116426 0.00171597
 2.55 2.18742 -0.10095 -1.80448 -5.87324e-05 -0.116428 0.00171544
 2.555 2.18745 -0.100958 -1.80447 -5.93997e-05 -0.116429 0.00171496
 2.56 2.18748 -0.100966 -1.80446 -5.99852e-05 -0.116431 0.00171453
 2.565 2.18751 -0.100972 -1.80445 -6.04904e-05 -0.116432 0.00171415
 2.57 2.18754 -0.100977 -1.80444 -6.09168e-05 -0.116434 0.00171382
 2.575 2.18757 -0.100981 -1.80443 -6.12657e-05 -0.116435 0.00171353
 2.58 2.18759 -0.100983 -1.80443 -6.15383e-05 -0.116436 0.00171328
 2.585 2.18762 -0.100985 -1.80442 -6.17357e-05 -0.116437 0.00171308
 2.59 2.18765 -0.100985 -1.80442 -6.185920000000001e-05 -0.116438 0.00171291
 2.595 2.18767 -0.100985 -1.80441 -6.19095e-05 -0.116439 0.00171279
 2.6 2.1877 -0.100983 -1.80441 -6.188769999999999e-05 -0.116441 0.0017127
 2.605 2.18772 -0.10098 -1.8044 -6.179470000000001e-05 -0.116442 0.00171265
 2.61 2.18775 -0.100976 -1.8044 -6.16311e-05 -0.116443 0.00171264
 2.615 2.18777 -0.100971 -1.8044 -6.13979e-05 -0.116444 0.00171267
 2.62 2.1878 -0.100965 -1.8044 -6.10956e-05 -0.116445 0.00171273
 2.625 2.18661 -0.104346 -1.80577 -0.000171044 -0.116445 0.00179662
 2.63 2.18682 -0.104218 -1.8059 -0.000163944 -0.11645 0.00179817
 2.635 2.18699 -0.104056 -1.80598 -0.000155524 -0.116454 0.00179994
 2.64 2.18711 -0.103912 -1.806 -0.000148281 -0.116458 0.00180148
 2.645 2.18722 -0.103777 -1.80603 -0.00014146 -0.116461 0.00180295
 2.65 2.18732 -0.103649 -1.80605 -0.000135026 -0.116464 0.00180436
 2.655 2.18742 -0.103529 -1.80608 -0.000128946 -0.116467 0.00180572
 2.66 2.18773 -0.106701 -1.80567 -0.000264612 -0.116469 0.00184854
 2.665 2.18786 -0.106437 -1.80571 -0.000250329 -0.116471 0.00185288
 2.67 2.18795 -0.106138 -1.80575 -0.000234087 -0.116471 0.00185801
 2.675 2.18802 -0.10587 -1.80577 -0.000219536 -0.116471 0.00186263
 2.68 2.1881 -0.105619 -1.80579 -0.000205912 -0.116472 0.00186698
 2.685 2.18817 -0.105384 -1.80581 -0.000193142 -0.116472 0.00187107
 2.69 2.18862 -0.108652 -1.80518 -0.00033508 -0.116471 0.00191456
 2.695 2.18871 -0.108275 -1.80523 -0.000314227 -0.116471 0.00192169
 2.7 2.18877 -0.107866 -1.80526 -0.000291545 -0.116469 0.00192954
 2.705 2.18882 -0.107497 -1.80528 -0.000271026 -0.116466 0.00193666
 2.71 2.18886 -0.107151 -1.8053 -0.000251841 -0.116464 0.00194333
 2.715 2.18929 -0.11025 -1.80466 -0.000385251 -0.116461 0.00198802
 2.72 2.18936 -0.10978 -1.8047 -0.000358998 -0.116458 0.00199735
 2.725 2.1894 -0.109286 -1.80473 -0.000331337 -0.116454 0.00200723
 2.73 2.18943 -0.108837 -1.80475 -0.00030617 -0.11645 0.00201623
 2.735 2.18946 -0.108417 -1.80477 -0.000282654 -0.116446 0.00202466
 2.74 2.18992 -0.111835 -1.80405 -0.000429282 -0.116441 0.00207523
 2.745 2.18998 -0.111282 -1.8041 -0.000398223 -0.116438 0.00208649
 2.75 2.19001 -0.110704 -1.80413 -0.00036571 -0.116432 0.00209829
 2.755 2.19002 -0.110177 -1.80415 -0.000336083 -0.116426 0.00210906
 2.76 2.19042 -0.113122 -1.8035 -0.000460494 -0.11642 0.00215757
 2.765 2.19047 -0.112495 -1.80354 -0.000425165 -0.116414 0.00217048
 2.77 2.19048 -0.111855 -1.80357 -0.000389036 -0.116407 0.00218369
 2.775 2.19049 -0.111268 -1.80359 -0.000355981 -0.1164 0.0021958
 2.78 2.1909 -0.114367 -1.8029 -0.000486458 -0.116392 0.00224782
 2.785 2.19095 -0.113678 -1.80295 -0.00044759 -0.116386 0.00226211
 2.79 2.19096 -0.112976 -1.80298 -0.000407963 -0.116378 0.00227667
 2.795 2.19096 -0.112333 -1.80299 -0.000371681 -0.11637 0.00229003
 2.8 2.1914 -0.115644 -1.80226 -0.000510843 -0.116362 0.00234608
 2.805 2.19144 -0.114893 -1.80231 -0.000468466 -0.116355 0.00236173
 2.81 2.19145 -0.11413 -1.80234 -0.000425312 -0.116346 0.00237765
 2.815 2.1918 -0.116638 -1.80174 -0.000527714 -0.116335 0.00242795
 2.82 2.19182 -0.115829 -1.80178 -0.000481969 -0.116327 0.00244485
 2.825 2.19182 -0.115022 -1.80181 -0.00043636 -0.116317 0.00246171
 2.83 2.19217 -0.117551 -1.80119 -0.000539146 -0.116306 0.00251356
 2.835 2.19219 -0.1167 -1.80124 -0.000490994 -0.116296 0.00253138
 2.84 2.19218 -0.115853 -1.80126 -0.000443081 -0.116286 0.00254912
 2.845 2.19255 -0.118482 -1.80062 -0.000549828 -0.116274 0.00260326
 2.85 2.19257 -0.117589 -1.80067 -0.000499313 -0.116265 0.00262199
 2.855 2.19257 -0.116702 -1.8007 -0.000449064 -0.116254 0.00264061
 2.86 2.19294 -0.119436 -1.80003 -0.000560009 -0.116242 0.0026971
 2.865 2.19297 -0.118502 -1.80008 -0.0005071 -0.116231 0.00271675
 2.87 2.19297 -0.117572 -1.80012 -0.00045448 -0.11622 0.00273627
 2.875 2.19336 -0.120411 -1.79942 -0.000569537 -0.116207 0.00279511
 2.88 2.19338 -0.119434 -1.79948 -0.00051421 -0.116196 0.00281567
 2.885 2.19338 -0.118462 -1.79951 -0.000459198 -0.116184 0.00283609
 2.89 2.19378 -0.121403 -1.79879 -0.000578258 -0.116171 0.00289725
 2.895 2.19381 -0.120383 -1.79885 -0.0005205 -0.11616 0.00291874
 2.9 2.19381 -0.119369 -1.79888 -0.000463086 -0.116147 0.00294007
 2.905 2.19423 -0.122409 -1.79814 -0.0005860420000000001 -0.116133 0.00300351
 2.91 2.19426 -0.121346 -1.7982 -0.00052585 -0.116122 0.00302593
 2.915 2.19426 -0.120291 -1.79823 -0.000466034 -0.116109 0.00304816
 2.92 2.19468 -0.123427 -1.79746 -0.000592786 -0.116094 0.00311386
 2.925 2.19472 -0.122322 -1.79753 -0.000530166 -0.116082 0.0031372
 2.93 2.19471 -0.121224 -1.79756 -0.000467954 -0.116068 0.00316034
 2.935 2.19515 -0.124455 -1.79677 -0.000598405 -0.116053 0.00322826
 2.94 2.19519 -0.123308 -1.79683 -0.00053337 -0.116041 0.00325251
 2.945 2.19519 -0.122168 -1.79687 -0.000468777 -0.116026 0.00327655
 2.95 2.19564 -0.125492 -1.79605 -0.000602832 -0.11601 0.00334665
 2.955 2.19568 -0.124302 -1.79612 -0.000535401 -0.115998 0.00337181
 2.96 2.19567 -0.123122 -1.79617 -0.000468445 -0.115983 0.00339674
 2.965 2.19614 -0.126535 -1.79532 -0.000606013 -0.115966 0.00346898
 2.97 2.19618 -0.125304 -1.79539 -0.000536208 -0.115953 0.00349505
 2.975 2.19651 -0.127305 -1.79481 -0.000609505 -0.115936 0.00355609
 2.98 2.19651 -0.126023 -1.79486 -0.000536814 -0.11592 0.00358317
 2.985 2.19649 -0.124777 -1.7949 -0.000466087 -0.115903 0.00360949
 2.99 2.19696 -0.128198 -1.79404 -0.000603168 -0.115886 0.00368373
 2.995 2.197 -0.126903 -1.79411 -0.000529737 -0.115872 0.00371118
 3 2.19735 -0.128973 -1.79351 -0.000605328 -0.115853 0.00377483
 3.005 2.19735 -0.12763 -1.79356 -0.000529079 -0.115837 0.00380325
 3.01 2.19767 -0.1296 -1.79296 -0.000599961 -0.115818 0.00386654
 3.015 2.19768 -0.128233 -1.79302 -0.000522405 -0.115801 0.00389546
 3.02 2.198 -0.130224 -1.79241 -0.0005938920000000001 -0.115781 0.00395956
 3.025 2.19801 -0.128836 -1.79247 -0.000515147 -0.115764 0.00398894
 3.03 2.19834 -0.130857 -1.79185 -0.000587709 -0.115744 0.00405398
 3.035 2.19834 -0.129448 -1.79191 -0.000507765 -0.115727 0.00408381
 3.04 2.19868 -0.131499 -1.79129 -0.000581396 -0.115707 0.00414979
 3.045 2.19869 -0.130069 -1.79135 -0.0005002369999999999 -0.115689 0.00418008
 3.05 2.19903 -0.132149 -1.79071 -0.0005748869999999999 -0.115669 0.004247
 3.055 2.19904 -0.130698 -1.79078 -0.000492499 -0.115651 0.00427777
 3.06 2.19939 -0.132806 -1.79014 -0.00056812 -0.115631 0.00434562
 3.065 2.19941 -0.131334 -1.7902 -0.000484496 -0.115613 0.00437686
 3.07 2.19976 -0.133469 -1.78955 -0.000561041 -0.115592 0.00444563
 3.075 2.19977 -0.131975 -1.78962 -0.000476176 -0.115574 0.00447734
 3.08 2.20013 -0.134136 -1.78896 -0.000553604 -0.115553 0.00454702
 3.085 2.20015 -0.13262 -1.78903 -0.000467499 -0.115534 0.0045792
 3.09 2.20051 -0.134807 -1.78837 -0.00054577 -0.115513 0.00464978
 3.095 2.20053 -0.13327 -1.78844 -0.000458428 -0.115494 0.00468243
 3.1 2.2009 -0.135481 -1.78776 -0.000537504 -0.115472 0.00475389
 3.105 2.20091 -0.133922 -1.78784 -0.000448932 -0.115453 0.00478702
 3.11 2.20128 -0.136157 -1.78716 -0.0005287789999999999 -0.115431 0.00485934
 3.115 2.2013 -0.134577 -1.78723 -0.000438984 -0.115412 0.00489293
 3.12 2.20168 -0.136835 -1.78654 -0.000519568 -0.115389 0.00496611
 3.125 2.2017 -0.135234 -1.78662 -0.000428562 -0.11537 0.00500016
 3.13 2.20208 -0.137514 -1.78592 -0.000509853 -0.115347 0.00507418
 3.135 2.2021 -0.135893 -1.786 -0.000417648 -0.115327 0.00510869
 3.14 2.20248 -0.138194 -1.7853 -0.000499614 -0.115304 0.00518352
 3.145 2.2025 -0.136552 -1.78537 -0.000406224 -0.115284 0.00521848
 3.15 2.20289 -0.138874 -1.78466 -0.000488837 -0.115261 0.00529411
 3.155 2.20291 -0.137212 -1.78474 -0.000394278 -0.11524 0.00532952
 3.16 2.2033 -0.139554 -1.78403 -0.00047751 -0.115217 0.00540594
 3.165 2.20332 -0.137872 -1.78411 -0.000381799 -0.115196 0.00544179
 3.17 2.20372 -0.140233 -1.78338 -0.000465621 -0.115172 0.00551896
 3.175 2.20374 -0.138531 -1.78347 -0.000368777 -0.115151 0.00555524
 3.18 2.20414 -0.140912 -1.78274 -0.000453163 -0.115127 0.00563317
 3.185 2.20416 -0.13919 -1.78282 -0.000355204 -0.115106 0.00566987
 3.19 2.20456 -0.141589 -1.78208 -0.000440128 -0.115081 0.00574852
 3.195 2.20458 -0.139849 -1.78217 -0.000341075 -0.11506 0.00578564
 3.2 2.20499 -0.142264 -1.78142 -0.00042651 -0.115035 0.00586499
 3.205 2.20501 -0.140506 -1.78151 -0.000326384 -0.115013 0.00590252
 3.21 2.20541 -0.142938 -1.78076 -0.000412305 -0.114988 0.00598256
 3.215 2.20544 -0.141162 -1.78085 -0.000311127 -0.114966 0.00602049
 3.22 2.20585 -0.14361 -1.7801 -0.00039751 -0.11494 0.00610119
 3.225 2.20587 -0.141816 -1.78018 -0.000295303 -0.114918 0.00613951
 3.23 2.20628 -0.14428 -1.77942 -0.000382122 -0.114892 0.00622085
 3.235 2.20631 -0.142468 -1.77951 -0.000278908 -0.11487 0.00625956
 3.24 2.20672 -0.144947 -1.77875 -0.000366139 -0.114844 0.00634152
 3.245 2.20675 -0.143118 -1.77884 -0.000261943 -0.114821 0.0063806
 3.25 2.20716 -0.145611 -1.77807 -0.00034956 -0.114795 0.00646316
 3.255 2.20719 -0.143766 -1.77816 -0.000244405 -0.114772 0.00650261
 3.26 2.2076 -0.146272 -1.77738 -0.000332385 -0.114745 0.00658575
 3.265 2.20763 -0.144411 -1.77748 -0.000226296 -0.114722 0.00662555
 3.27 2.20805 -0.14693 -1.7767 -0.000314615 -0.114695 0.00670925
 3.275 2.20808 -0.145054 -1.77679 -0.000207617 -0.114672 0.0067494
 3.28 2.2085 -0.147585 -1.77601 -0.000296249 -0.114644 0.00683362
 3.285 2.20853 -0.145693 -1.7761 -0.000188367 -0.114621 0.00687411
 3.29 2.20895 -0.148236 -1.77531 -0.000277289 -0.114593 0.00695885
 3.295 2.20898 -0.14633 -1.77541 -0.00016855 -0.114569 0.00699966
 3.3 2.2094 -0.148884 -1.77461 -0.000257738 -0.114541 0.00708489
 3.305 2.20943 -0.146963 -1.77471 -0.000148166 -0.114517 0.00712602
 3.31 2.20985 -0.149527 -1.77391 -0.000237596 -0.114489 0.00721172
 3.315 2.20988 -0.147593 -1.77401 -0.000127219 -0.114465 0.00725315
 3.32 2.2103 -0.150166 -1.77321 -0.000216867 -0.114437 0.00733929
 3.325 2.21034 -0.148219 -1.77331 -0.00010571 -0.114412 0.00738103
 3.33 2.21076 -0.150802 -1.7725 -0.000195553 -0.114383 0.00746759
 3.335 2.21079 -0.148842 -1.77261 -8.364369999999999e-05 -0.114359 0.00750961
 3.34 2.21122 -0.151432 -1.7718 -0.000173657 -0.11433 0.00759657
 3.345 2.21125 -0.14946 -1.7719 -6.10227e-05 -0.114305 0.00763886
 3.35 2.21168 -0.152059 -1.77109 -0.000151182 -0.114276 0.0077262
 3.355 2.21171 -0.150075 -1.77119 -3.7842e-05 -0.114251 0.00776872
 3.36 2.14818 -0.166376 -1.72224 -0.000128306 -0.110911 0.0100595
 3.365 1.96106 -0.204466 -1.58146 -1.49134e-05 -0.101198 0.0165506
 3.37 1.90614 -0.210743 -1.54107 0.000226886 -0.09845429999999999 0.0179131
 3.375 1.70789 -0.228773 -1.39751 0.00125932 -0.0885941 0.0229671
 3.38 1.66466 -0.229842 -1.36593 0.00159389 -0.0864753 0.0236862
 3.385 1.46383 -0.237527 -1.22108 0.00302669 -0.07660699999999999 0.027789
 3.39 1.51876 -0.232449 -1.26059 0.00277165 -0.07931779999999999 0.0264283
 3.395 1.56964 -0.224719 -1.29786 0.00268057 -0.0818345 0.0251414
 3.4 1.45862 -0.229846 -1.21673 0.0033431 -0.0763717 0.0272012
 3.405 1.03909 -0.249404 -0.912357 0.00590641 -0.0557388 0.0355125
 3.41 1.12504 -0.242727 -0.974512 0.00547621 -0.0599702 0.0335996
 3.415 1.20481 -0.234314 -1.03261 0.00519202 -0.0638942 0.0318076
 3.42 1.19037 -0.233354 -1.02082 0.00529166 -0.0631266 0.0318241
 3.425 1.00031 -0.238424 -0.880385 0.00648609 -0.053622 0.0351084
 3.43 1.01156 -0.236166 -0.8876540000000001 0.00644379 -0.0541323 0.0346705
 3.435 0.533041 -0.315729 -0.229518 0.0173385 -0.0236984 0.0407138
 3.44 -0.462313 -0.529348 1.40808 0.0477218 0.0450871 0.0506375
 3.445 -0.9064990000000001 -0.577379 1.98494 0.0580171 0.0724437 0.0552234
 3.45 -1.73201 -0.7806340000000001 3.40926 0.0834937 0.131186 0.0643219
 3.455 -2.20032 -0.807673 3.94092 0.0925952 0.158362 0.0691223
 3.46 -2.92843 -1.0107 5.25092 0.115016 0.211092 0.0780829
 3.465 -3.6158 -1.02121 5.87137 0.123283 0.246118 0.0867472
 3.47 -3.88626 -1.0577 6.53585 0.135798 0.269172 0.0842273
 3.475 -4.24842 -1.07834 6.97936 0.141065 0.291151 0.08740299999999999
 3.48 -4.37003 -1.06437 7.0967 0.142081 0.295105 0.0877386
 3.485 -5.2355 -1.16345 8.32348 0.159485 0.34404 0.0939927
 3.49 -5.14315 -1.12282 8.209210000000001 0.156935 0.336408 0.09122810000000001
 3.495 -5.94889 -1.19004 9.35553 0.17095 0.38169 0.095621
 3.5 -5.81148 -1.13579 9.17498 0.166824 0.371733 0.0922487
 3.505 -6.59843 -1.18206 10.3135 0.178406 0.416914 0.0953358
 3.51 -6.43226 -1.15043 10.1417 0.175109 0.406993 0.0923471
 3.515 -7.13006 -1.1626 11.102 0.183085 0.445995 0.0942718
 3.52 -6.86641 -1.11421 10.7645 0.17635 0.43116 0.0946835
 3.525 -7.44529 -1.17092 11.6658 0.181044 0.470376 0.108439
 3.53 -7.14659 -1.086 11.1852 0.174298 0.450013 0.103954
 3.535 -7.70368 -1.07703 11.8859 0.181382 0.480902 0.106004
 3.54 -7.29299 -1.15906 11.7344 0.187802 0.466251 0.100093
 3.545 -7.23059 -1.26196 12.1408 0.206397 0.47447 0.0923416
 3.55 -7.15511 -1.01941 11.9824 0.161093 0.465013 0.117616
 3.555 -8.269450000000001 0.0270804 13.1871 -0.0106301 0.50585 0.212489
 3.56 -8.81522 1.76168 13.4681 -0.233576 0.497876 0.261042
 3.565 -10.1968 2.91999 14.7554 -0.402254 0.547722 0.338911
 3.57 -9.65245 2.66541 14.0963 -0.364704 0.52238 0.31944
 3.575 -10.5055 2.27467 15.0108 -0.311293 0.571384 0.323192
 3.58 -9.964270000000001 2.10436 14.345 -0.282561 0.5460469999999999 0.301727
 3.585 -10.2356 1.88449 14.8954 -0.246431 0.5707 0.285168
 3.59 -9.78397 1.73548 14.35 -0.22118 0.549768 0.265864
 3.595 -10.3022 1.57041 14.9806 -0.188967 0.582558 0.252771
 3.6 -9.81199 1.42932 14.4836 -0.166614 0.560113 0.234559


