# Created by Octave 3.8.2, Mon May 25 09:46:16 2015 CST <waldronluo@Debian>
# name: approachSig
# type: matrix
# rows: 734
# columns: 7
 0 0.0375657 -0.00170152 -0.0284831 4.31391e-06 -0.00180521 8.30314e-05
 0.005 0.185079 -0.00838305 -0.140331 2.12538e-05 -0.00889393 0.00040908
 0.01 0.321796 -0.0145756 -0.243993 3.69539e-05 -0.0154638 0.000711265
 0.015 0.448506 -0.0203148 -0.340067 5.15049e-05 -0.0215529 0.000991334
 0.02 0.5659419999999999 -0.025634 -0.42911 6.49908e-05 -0.0271963 0.0012509
 0.025 0.6747840000000001 -0.0305639 -0.511636 7.74893e-05 -0.0324266 0.00149147
 0.03 0.775659 -0.0351329 -0.588121 8.90722e-05 -0.0372742 0.00171444
 0.035 0.869152 -0.0393675 -0.659007 9.98062e-05 -0.041767 0.00192108
 0.04 0.955802 -0.0432921 -0.724705 0.000109753 -0.045931 0.00211259
 0.045 1.03611 -0.0469294 -0.785593 0.000118971 -0.0497903 0.00229009
 0.05 1.11054 -0.0503004 -0.842024 0.000127512 -0.0533672 0.00245459
 0.055 1.17953 -0.0534247 -0.894324 0.000135427 -0.0566823 0.00260705
 0.06 1.24346 -0.0563202 -0.942794 0.000142759 -0.0597549 0.00274834
 0.065 1.30272 -0.0590037 -0.987716 0.000149553 -0.06260259999999999 0.00287929
 0.07000000000000001 1.35764 -0.0614907 -1.02935 0.000155846 -0.06524190000000001 0.00300065
 0.075 1.40854 -0.06379559999999999 -1.06793 0.000161676 -0.0676882 0.00311313
 0.08 1.45572 -0.0659317 -1.10369 0.000167076 -0.0699555 0.00321736
 0.08500000000000001 1.49944 -0.06791129999999999 -1.13683 0.000172077 -0.07205689999999999 0.00331397
 0.09 1.53997 -0.069746 -1.16754 0.000176708 -0.07400470000000001 0.00340349
 0.095 1.57753 -0.0714462 -1.19601 0.000180997 -0.0758099 0.00348646
 0.1 1.61234 -0.0730219 -1.22238 0.000184967 -0.0774832 0.00356334
 0.105 1.6446 -0.0744821 -1.24683 0.000188642 -0.0790341 0.00363459
 0.11 1.67451 -0.07583529999999999 -1.26948 0.000192043 -0.0804715 0.00370062
 0.115 1.70223 -0.0770893 -1.29047 0.00019519 -0.0818039 0.00376181
 0.12 1.72791 -0.0782514 -1.30992 0.000198102 -0.083039 0.00381851
 0.125 1.75173 -0.0793282 -1.32795 0.000200795 -0.0841837 0.00387105
 0.13 1.7738 -0.0803261 -1.34466 0.000203285 -0.0852448 0.00391974
 0.135 1.79425 -0.0812507 -1.36013 0.000205586 -0.0862284 0.00396485
 0.14 1.81321 -0.0821075 -1.37448 0.000207713 -0.0871401 0.00400665
 0.145 1.83078 -0.0829013 -1.38777 0.000209678 -0.0879853 0.00404538
 0.15 1.84707 -0.0836369 -1.40008 0.000211492 -0.08876879999999999 0.00408127
 0.155 1.86217 -0.0843184 -1.41149 0.000213167 -0.08949509999999999 0.00411451
 0.16 1.87617 -0.08494980000000001 -1.42206 0.000214712 -0.0901684 0.00414531
 0.165 1.88763 -0.08423509999999999 -1.43408 0.000276783 -0.090796 0.00416465
 0.17 1.89996 -0.08483839999999999 -1.44332 0.000274948 -0.0913872 0.00419008
 0.175 1.91133 -0.085411 -1.45181 0.000272387 -0.0919344 0.00421317
 0.18 1.92179 -0.08593339999999999 -1.45962 0.000270341 -0.09243899999999999 0.00423453
 0.185 1.93149 -0.08641740000000001 -1.46685 0.000268437 -0.0929068 0.00425431
 0.19 1.94048 -0.0868656 -1.47355 0.000266663 -0.0933406 0.00427263
 0.195 1.94881 -0.08728080000000001 -1.47976 0.000265011 -0.0937429 0.00428959
 0.2 1.95654 -0.0876654 -1.4855 0.00026347 -0.0941159 0.0043053
 0.205 1.9637 -0.0880215 -1.49082 0.000262033 -0.0944619 0.00431984
 0.21 1.97034 -0.08835129999999999 -1.49575 0.000260692 -0.0947827 0.0043333
 0.215 1.97649 -0.0886566 -1.50031 0.00025944 -0.0950804 0.00434576
 0.22 1.9822 -0.0889392 -1.50453 0.00025827 -0.09535639999999999 0.00435729
 0.225 1.98592 -0.0878591 -1.51074 0.00032012 -0.0956159 0.00435882
 0.23 1.99113 -0.08816690000000001 -1.51452 0.000315748 -0.0958658 0.00436773
 0.235 1.99591 -0.0884653 -1.51795 0.000310841 -0.0960968 0.0043755
 0.24 2.00027 -0.0887337 -1.52106 0.000306616 -0.09630850000000001 0.00438265
 0.245 2.0043 -0.08898200000000001 -1.52394 0.00030269 -0.0965048 0.00438926
 0.25 2.00804 -0.0892119 -1.5266 0.000299041 -0.0966871 0.00439536
 0.255 2.01152 -0.0894245 -1.52906 0.000295647 -0.09685630000000001 0.004401
 0.26 2.01474 -0.0896212 -1.53134 0.000292491 -0.0970135 0.00440621
 0.265 2.01772 -0.0898032 -1.53344 0.000289554 -0.09715940000000001 0.00441102
 0.27 2.0205 -0.08997140000000001 -1.53538 0.000286821 -0.0972949 0.00441545
 0.275 2.02137 -0.0886863 -1.53966 0.000352219 -0.09742439999999999 0.00441009
 0.28 2.02409 -0.0889023 -1.54149 0.00034617 -0.0975548 0.00441285
 0.285 2.02655 -0.089116 -1.54311 0.000339669 -0.09767480000000001 0.00441486
 0.29 2.02875 -0.089305 -1.54453 0.000333998 -0.0977833 0.00441667
 0.295 2.03079 -0.0894797 -1.54584 0.000328729 -0.0978842 0.00441833
 0.3 2.03268 -0.0896411 -1.54705 0.000323834 -0.097978 0.00441984
 0.305 2.03444 -0.08979040000000001 -1.54817 0.000319285 -0.09806529999999999 0.00442121
 0.31 2.03607 -0.0899282 -1.54919 0.000315056 -0.0981465 0.00442247
 0.315 2.03595 -0.08867999999999999 -1.55252 0.000376349 -0.09822549999999999 0.00441495
 0.32 2.03767 -0.0888668 -1.55355 0.000369153 -0.09830849999999999 0.00441501
 0.325 2.03922 -0.08905299999999999 -1.55442 0.000361615 -0.09838479999999999 0.00441453
 0.33 2.04057 -0.0892169 -1.55517 0.000354961 -0.0984531 0.00441403
 0.335 2.04182 -0.0893684 -1.55585 0.000348782 -0.0985167 0.00441354
 0.34 2.04299 -0.0895083 -1.55647 0.000343041 -0.098576 0.00441306
 0.345 2.04408 -0.08963740000000001 -1.55704 0.000337707 -0.09863139999999999 0.00441259
 0.35 2.04347 -0.0884108 -1.5599 0.000396894 -0.0986863 0.004404
 0.355 2.04472 -0.0885889 -1.56053 0.000388794 -0.0987469 0.00440259
 0.36 2.04583 -0.0887669 -1.56104 0.000380427 -0.0988025 0.00440075
 0.365 2.04677 -0.0889233 -1.56144 0.000372999 -0.0988516 0.00439898
 0.37 2.04766 -0.0890678 -1.56181 0.000366099 -0.0988976 0.00439731
 0.375 2.04848 -0.08920110000000001 -1.56214 0.000359691 -0.0989405 0.00439573
 0.38 2.04924 -0.08932420000000001 -1.56244 0.000353737 -0.09898079999999999 0.00439424
 0.385 2.0482 -0.0879776 -1.56526 0.00041817 -0.0990222 0.0043844
 0.39 2.04921 -0.0881575 -1.56568 0.000409169 -0.0990714 0.00438202
 0.395 2.05009 -0.08833779999999999 -1.56597 0.000399908 -0.0991161 0.00437922
 0.4 2.05081 -0.0884953 -1.56617 0.000391696 -0.0991548 0.00437655
 0.405 2.05149 -0.0886407 -1.56635 0.00038407 -0.099191 0.00437404
 0.41 2.05212 -0.0887748 -1.5665 0.000376988 -0.0992251 0.00437169
 0.415 2.05104 -0.0875266 -1.56905 0.000436511 -0.0992605 0.00436193
 0.42 2.05191 -0.08771139999999999 -1.56933 0.00042676 -0.0993034 0.00435885
 0.425 2.05266 -0.0878958 -1.5695 0.000416836 -0.0993426 0.00435543
 0.43 2.05328 -0.0880577 -1.56959 0.000407981 -0.0993764 0.00435217
 0.435 2.05385 -0.08820699999999999 -1.56967 0.00039976 -0.0994082 0.00434911
 0.44 2.05439 -0.0883448 -1.56972 0.000392126 -0.0994381 0.00434625
 0.445 2.05313 -0.0870293 -1.57232 0.000454928 -0.0994699 0.00433604
 0.45 2.05395 -0.0872218 -1.57253 0.000444457 -0.0995104 0.00433246
 0.455 2.05465 -0.0874138 -1.57264 0.000433825 -0.0995471 0.00432852
 0.46 2.05521 -0.08758199999999999 -1.57266 0.000424345 -0.09957829999999999 0.00432478
 0.465 2.05573 -0.0877372 -1.57266 0.000415543 -0.09960769999999999 0.00432128
 0.47 2.05621 -0.08788029999999999 -1.57266 0.000407372 -0.0996355 0.004318
 0.475 2.0548 -0.0864863 -1.57536 0.000474153 -0.09966559999999999 0.00430742
 0.48 2.05561 -0.0866889 -1.57554 0.000462928 -0.09970560000000001 0.00430341
 0.485 2.05628 -0.0868908 -1.5756 0.00045155 -0.09974139999999999 0.00429901
 0.49 2.05681 -0.0870672 -1.57557 0.000441416 -0.0997716 0.00429483
 0.495 2.05731 -0.0872299 -1.57553 0.00043201 -0.0998 0.00429092
 0.5 2.05609 -0.0860199 -1.57791 0.000489952 -0.09983019999999999 0.00428098
 0.505 2.05685 -0.0862299 -1.57802 0.000478126 -0.0998687 0.00427653
 0.51 2.0575 -0.0864378 -1.57804 0.000466261 -0.0999038 0.00427177
 0.515 2.05802 -0.0866212 -1.57798 0.000455617 -0.0999337 0.00426727
 0.52 2.0585 -0.0867903 -1.57792 0.000445738 -0.0999621 0.00426306
 0.525 2.05723 -0.0855538 -1.58035 0.000505205 -0.09999230000000001 0.00425308
 0.53 2.058 -0.08577170000000001 -1.58045 0.000492839 -0.100031 0.00424834
 0.535 2.05865 -0.0859871 -1.58045 0.000480451 -0.100067 0.00424328
 0.54 2.05917 -0.086177 -1.58037 0.000469339 -0.100097 0.00423848
 0.545 2.05966 -0.0863522 -1.58029 0.000459026 -0.100125 0.004234
 0.55 2.05831 -0.0850712 -1.5828 0.000520971 -0.100156 0.00422399
 0.555 2.05909 -0.08529779999999999 -1.5829 0.000508042 -0.100196 0.00421896
 0.5600000000000001 2.05976 -0.08552170000000001 -1.58288 0.000495098 -0.100232 0.00421359
 0.5649999999999999 2.06028 -0.0857188 -1.58279 0.000483495 -0.100262 0.0042085
 0.57 2.06078 -0.08590059999999999 -1.58269 0.000472728 -0.100291 0.00420374
 0.575 2.05936 -0.084576 -1.5853 0.000537171 -0.100322 0.00419375
 0.58 2.06017 -0.0848119 -1.58539 0.000523655 -0.100364 0.00418844
 0.585 2.06086 -0.0850447 -1.58537 0.000510134 -0.100401 0.00418275
 0.59 2.06139 -0.08524959999999999 -1.58526 0.000498021 -0.100432 0.00417736
 0.595 2.06189 -0.0854385 -1.58515 0.000486783 -0.100461 0.00417233
 0.6 2.06041 -0.0840727 -1.58785 0.000553655 -0.100493 0.00416242
 0.605 2.06125 -0.0843183 -1.58795 0.000539539 -0.100536 0.00415681
 0.61 2.06196 -0.08456039999999999 -1.58792 0.000525428 -0.100574 0.00415081
 0.615 2.0625 -0.0847733 -1.5878 0.000512795 -0.100606 0.00414511
 0.62 2.06135 -0.0836736 -1.59006 0.000566529 -0.10064 0.00413583
 0.625 2.06215 -0.08392520000000001 -1.5901 0.000551944 -0.100681 0.00412981
 0.63 2.06284 -0.0841715 -1.59004 0.000537512 -0.100719 0.00412354
 0.635 2.0634 -0.0843904 -1.58992 0.00052449 -0.100752 0.00411761
 0.64 2.06225 -0.0832956 -1.59219 0.000578252 -0.100786 0.00410849
 0.645 2.06306 -0.0835528 -1.59222 0.000563297 -0.100828 0.00410226
 0.65 2.06376 -0.0838043 -1.59216 0.000548516 -0.100867 0.00409578
 0.655 2.06433 -0.08402800000000001 -1.59204 0.000535174 -0.1009 0.00408965
 0.66 2.06315 -0.0829138 -1.59435 0.000590228 -0.100935 0.00408068
 0.665 2.06398 -0.083177 -1.59439 0.000574889 -0.100978 0.00407424
 0.67 2.0647 -0.08343440000000001 -1.59433 0.0005597310000000001 -0.101018 0.00406754
 0.675 2.06528 -0.0836631 -1.5942 0.000546055 -0.101052 0.0040612
 0.68 2.06407 -0.08252859999999999 -1.59657 0.000602473 -0.101087 0.00405241
 0.6850000000000001 2.06492 -0.0827981 -1.59661 0.0005867309999999999 -0.101131 0.00404576
 0.6899999999999999 2.06565 -0.0830616 -1.59655 0.000571177 -0.101172 0.00403882
 0.695 2.06625 -0.0832957 -1.59641 0.000557148 -0.101206 0.00403226
 0.7 2.06501 -0.0821422 -1.59884 0.000614891 -0.101243 0.00402366
 0.705 2.06588 -0.0824183 -1.59888 0.000598731 -0.101288 0.00401679
 0.71 2.06663 -0.0826882 -1.59882 0.000582767 -0.101329 0.00400961
 0.715 2.06723 -0.0829278 -1.59868 0.0005683729999999999 -0.101365 0.00400282
 0.72 2.06596 -0.0817568 -1.60116 0.000627393 -0.101402 0.00399444
 0.725 2.06686 -0.08203969999999999 -1.6012 0.000610806 -0.101448 0.00398734
 0.73 2.06762 -0.0823161 -1.60114 0.000594423 -0.10149 0.00397992
 0.735 2.06824 -0.0825613 -1.60099 0.000579657 -0.101526 0.00397289
 0.74 2.06694 -0.0813743 -1.60352 0.000639908 -0.101564 0.00396475
 0.745 2.06785 -0.081664 -1.60357 0.000622888 -0.101611 0.00395742
 0.75 2.06863 -0.0819469 -1.60351 0.000606082 -0.101654 0.00394974
 0.755 2.06926 -0.0821978 -1.60336 0.0005909380000000001 -0.101691 0.00394247
 0.76 2.06793 -0.0809961 -1.60594 0.000652377 -0.101729 0.00393461
 0.765 2.06887 -0.08129260000000001 -1.60599 0.000634921 -0.101778 0.00392704
 0.77 2.06967 -0.081582 -1.60592 0.000617691 -0.101822 0.0039191
 0.775 2.07031 -0.0818387 -1.60577 0.000602168 -0.101859 0.00391158
 0.78 2.06895 -0.0806236 -1.6084 0.000664752 -0.101898 0.00390403
 0.785 2.06991 -0.0809269 -1.60845 0.000646861 -0.101948 0.00389621
 0.79 2.07072 -0.0812228 -1.60839 0.000629206 -0.101993 0.00388802
 0.795 2.07137 -0.0814853 -1.60823 0.000613304 -0.102031 0.00388025
 0.8 2.06999 -0.0802581 -1.61091 0.00067699 -0.10207 0.00387303
 0.805 2.07097 -0.0805681 -1.61096 0.000658666 -0.102121 0.00386497
 0.8100000000000001 2.0718 -0.0808705 -1.61089 0.000640588 -0.102167 0.00385651
 0.8149999999999999 2.07246 -0.08113860000000001 -1.61073 0.000624308 -0.102205 0.00384848
 0.82 2.07105 -0.07990070000000001 -1.61346 0.000689056 -0.102246 0.00384164
 0.825 2.07205 -0.08021730000000001 -1.61351 0.000670302 -0.102297 0.00383333
 0.83 2.07289 -0.0805261 -1.61345 0.000651804 -0.102344 0.00382461
 0.835 2.07357 -0.0807998 -1.61328 0.000635149 -0.102383 0.00381632
 0.84 2.07213 -0.0795524 -1.61605 0.000700918 -0.102424 0.00380987
 0.845 2.07315 -0.0798755 -1.61611 0.000681737 -0.102477 0.00380132
 0.85 2.07401 -0.0801905 -1.61604 0.000662823 -0.102524 0.00379233
 0.855 2.07469 -0.08046970000000001 -1.61587 0.000645796 -0.102564 0.00378378
 0.86 2.07323 -0.0792142 -1.61868 0.000712546 -0.102605 0.00377776
 0.865 2.07427 -0.07954360000000001 -1.61875 0.000692943 -0.102659 0.00376896
 0.87 2.07514 -0.0798648 -1.61868 0.000673618 -0.102707 0.0037597
 0.875 2.07584 -0.0801494 -1.61851 0.000656224 -0.102747 0.0037509
 0.88 2.07435 -0.0788869 -1.62136 0.0007239119999999999 -0.102789 0.00374532
 0.885 2.07541 -0.0792226 -1.62142 0.000703894 -0.102844 0.00373628
 0.89 2.07629 -0.0795498 -1.62136 0.000684164 -0.102892 0.00372675
 0.895 2.07531 -0.07865080000000001 -1.62355 0.000732213 -0.102936 0.00372021
 0.9 2.07628 -0.07899 -1.62353 0.000711836 -0.102988 0.00371058
 0.905 2.07713 -0.0793179 -1.62343 0.000691972 -0.103035 0.00370079
 0.91 2.07785 -0.0796116 -1.62326 0.00067395 -0.103077 0.00369155
 0.915 2.07638 -0.0783742 -1.62611 0.000741273 -0.10312 0.00368676
 0.92 2.07745 -0.0787181 -1.62617 0.000720673 -0.103175 0.00367732
 0.925 2.07835 -0.079053 -1.6261 0.000700389 -0.103225 0.00366738
 0.93 2.07735 -0.07815229999999999 -1.62834 0.000749331 -0.10327 0.00366146
 0.9350000000000001 2.07834 -0.07849979999999999 -1.62833 0.000728369 -0.103322 0.00365145
 0.9399999999999999 2.07921 -0.07883560000000001 -1.62823 0.000707937 -0.103371 0.00364124
 0.945 2.07825 -0.0779662 -1.63042 0.000755471 -0.103416 0.00363548
 0.95 2.07924 -0.078316 -1.63041 0.000734322 -0.103469 0.0036253
 0.955 2.08012 -0.0786538 -1.6303 0.000713727 -0.103518 0.00361495
 0.96 2.07915 -0.07778599999999999 -1.63251 0.000761529 -0.103563 0.0036095
 0.965 2.08015 -0.0781382 -1.6325 0.000740195 -0.103616 0.00359918
 0.97 2.08104 -0.0784783 -1.6324 0.00071942 -0.103665 0.00358869
 0.975 2.08005 -0.07761 -1.63462 0.000767624 -0.103711 0.00358357
 0.98 2.08107 -0.0779647 -1.63461 0.000746093 -0.103765 0.0035731
 0.985 2.08196 -0.0783074 -1.63451 0.000725124 -0.103814 0.00356245
 0.99 2.08097 -0.0774389 -1.63675 0.000773714 -0.10386 0.00355766
 0.995 2.08199 -0.0777964 -1.63675 0.000751974 -0.103914 0.00354705
 1 2.08288 -0.07814169999999999 -1.63664 0.0007308 -0.103964 0.00353624
 1.005 2.08188 -0.0772738 -1.6389 0.000779747 -0.10401 0.00353178
 1.01 2.08291 -0.0776343 -1.6389 0.00075779 -0.104064 0.00352101
 1.015 2.08382 -0.07798239999999999 -1.6388 0.000736405 -0.104114 0.00351004
 1.02 2.08281 -0.07711560000000001 -1.64107 0.00078568 -0.104161 0.00350591
 1.025 2.08384 -0.07747900000000001 -1.64107 0.000763501 -0.104216 0.00349498
 1.03 2.08475 -0.07783 -1.64097 0.000741901 -0.104266 0.00348384
 1.035 2.08374 -0.07696500000000001 -1.64326 0.000791477 -0.104312 0.00348005
 1.04 2.08478 -0.07733139999999999 -1.64325 0.000769074 -0.104368 0.00346896
 1.045 2.0857 -0.0776852 -1.64315 0.0007472549999999999 -0.104418 0.00345765
 1.05 2.08467 -0.07682269999999999 -1.64546 0.000797107 -0.104465 0.0034542
 1.055 2.08572 -0.0771921 -1.64545 0.000774479 -0.104521 0.00344294
 1.06 2.08664 -0.0775487 -1.64535 0.0007524400000000001 -0.104571 0.00343146
 1.065 2.08561 -0.0766891 -1.64767 0.000802546 -0.104618 0.00342836
 1.07 2.08667 -0.0770614 -1.64767 0.000779692 -0.104674 0.00341693
 1.075 2.08759 -0.077421 -1.64757 0.000757435 -0.104725 0.00340527
 1.08 2.08656 -0.0765647 -1.6499 0.000807771 -0.104773 0.00340253
 1.085 2.08762 -0.07693999999999999 -1.6499 0.000784693 -0.104829 0.00339093
 1.09 2.08855 -0.0773023 -1.64979 0.000762219 -0.10488 0.0033791
 1.095 2.0875 -0.07645 -1.65214 0.000812764 -0.104928 0.00337671
 1.1 2.08857 -0.0768281 -1.65214 0.000789465 -0.104984 0.00336496
 1.105 2.08951 -0.0771932 -1.65203 0.000766776 -0.105035 0.00335295
 1.11 2.08846 -0.0763452 -1.65439 0.000817509 -0.105083 0.00335093
 1.115 2.08953 -0.07672619999999999 -1.65439 0.000793992 -0.10514 0.003339
 1.12 2.09047 -0.077094 -1.65428 0.000771091 -0.105192 0.00332683
 1.125 2.08941 -0.07625079999999999 -1.65665 0.000821991 -0.105239 0.00332517
 1.13 2.09049 -0.07663449999999999 -1.65665 0.000798261 -0.105296 0.00331308
 1.135 2.09143 -0.0770049 -1.65654 0.000775152 -0.105348 0.00330074
 1.14 2.09037 -0.0761669 -1.65891 0.000826199 -0.105396 0.00329945
 1.145 2.09145 -0.0765532 -1.65892 0.000802259 -0.105453 0.0032872
 1.15 2.0924 -0.0769262 -1.65881 0.000778948 -0.105505 0.00327469
 1.155 2.09133 -0.07609390000000001 -1.66119 0.000830122 -0.105554 0.00327378
 1.16 2.09242 -0.0764827 -1.66119 0.0008059779999999999 -0.105611 0.00326137
 1.165 2.09337 -0.0768581 -1.66109 0.000782469 -0.105663 0.00324869
 1.17 2.0923 -0.0760318 -1.66348 0.00083375 -0.105711 0.00324817
 1.175 2.09339 -0.07642309999999999 -1.66348 0.000809406 -0.105769 0.0032356
 1.18 2.09434 -0.0768008 -1.66338 0.000785705 -0.105821 0.00322276
 1.185 2.09326 -0.07598100000000001 -1.66577 0.000837073 -0.105869 0.00322263
 1.19 2.09436 -0.0763746 -1.66577 0.000812537 -0.105927 0.0032099
 1.195 2.09531 -0.0767545 -1.66567 0.000788648 -0.105979 0.0031969
 1.2 2.09423 -0.0759415 -1.66806 0.000840085 -0.106028 0.00319716
 1.205 2.09533 -0.0763374 -1.66806 0.000815362 -0.106086 0.00318428
 1.21 2.09628 -0.07671939999999999 -1.66796 0.000791292 -0.106138 0.00317112
 1.215 2.0952 -0.0759136 -1.67036 0.000842777 -0.106186 0.00317177
 1.22 2.0963 -0.07631159999999999 -1.67036 0.000817874 -0.106244 0.00315875
 1.225 2.09726 -0.0766956 -1.67026 0.00079363 -0.106297 0.00314544
 1.23 2.09617 -0.0758973 -1.67266 0.0008451450000000001 -0.106345 0.00314648
 1.235 2.09727 -0.0762972 -1.67267 0.000820068 -0.106403 0.00313331
 1.24 2.09823 -0.07668320000000001 -1.67257 0.0007956560000000001 -0.106456 0.00311985
 1.245 2.09714 -0.0758928 -1.67497 0.000847181 -0.106504 0.00312129
 1.25 2.09824 -0.0762945 -1.67498 0.000821938 -0.106562 0.00310798
 1.255 2.0992 -0.07668229999999999 -1.67487 0.000797365 -0.106615 0.00309437
 1.26 2.09811 -0.0759 -1.67728 0.00084888 -0.106664 0.00309622
 1.265 2.09921 -0.0763035 -1.67728 0.000823479 -0.106722 0.00308277
 1.27 2.10017 -0.07669289999999999 -1.67718 0.000798751 -0.106774 0.00306902
 1.275 2.09908 -0.07591920000000001 -1.67959 0.000850239 -0.106823 0.00307127
 1.28 2.10018 -0.0763243 -1.67959 0.000824685 -0.106881 0.00305768
 1.285 2.10114 -0.0767152 -1.67949 0.000799811 -0.106933 0.0030438
 1.29 2.10005 -0.0759503 -1.6819 0.000851251 -0.106982 0.00304644
 1.295 2.10115 -0.07635690000000001 -1.6819 0.000825554 -0.10704 0.00303273
 1.3 2.10211 -0.0767492 -1.6818 0.00080054 -0.107092 0.00301871
 1.305 2.10102 -0.0759933 -1.6842 0.0008519139999999999 -0.107141 0.00302176
 1.31 2.10212 -0.07640130000000001 -1.68421 0.000826081 -0.107199 0.00300792
 1.315 2.10308 -0.0767949 -1.68411 0.000800936 -0.107251 0.00299377
 1.32 2.10198 -0.0760484 -1.68651 0.000852225 -0.1073 0.00299723
 1.325 2.10308 -0.0764575 -1.68651 0.000826263 -0.107358 0.00298326
 1.33 2.10404 -0.0768523 -1.68641 0.000800994 -0.10741 0.00296899
 1.335 2.10295 -0.0761154 -1.68881 0.000852179 -0.107459 0.00297285
 1.34 2.10404 -0.0765256 -1.68882 0.000826098 -0.107516 0.00295877
 1.345 2.105 -0.0769214 -1.68871 0.000800714 -0.107569 0.00294438
 1.35 2.10391 -0.0761944 -1.69111 0.000851775 -0.107617 0.00294863
 1.355 2.105 -0.0766056 -1.69112 0.000825583 -0.107675 0.00293444
 1.36 2.10596 -0.07700220000000001 -1.69101 0.000800091 -0.107727 0.00291994
 1.365 2.10487 -0.0762854 -1.6934 0.000851011 -0.107775 0.00292459
 1.37 2.10596 -0.0766973 -1.69341 0.000824717 -0.107833 0.00291029
 1.375 2.10692 -0.0770947 -1.69331 0.000799125 -0.107885 0.00289569
 1.38 2.10582 -0.0763882 -1.69569 0.000849884 -0.107933 0.00290073
 1.385 2.10691 -0.0768008 -1.6957 0.000823497 -0.10799 0.00288633
 1.39 2.10787 -0.0771988 -1.6956 0.000797815 -0.108042 0.00287162
 1.395 2.10677 -0.0765028 -1.69798 0.000848394 -0.10809 0.00287705
 1.4 2.10786 -0.076916 -1.69798 0.000821922 -0.108147 0.00286256
 1.405 2.10882 -0.07731449999999999 -1.69788 0.000796159 -0.108199 0.00284775
 1.41 2.10772 -0.07662919999999999 -1.70025 0.00084654 -0.108247 0.00285357
 1.415 2.10881 -0.07704270000000001 -1.70026 0.000819993 -0.108304 0.00283898
 1.42 2.10976 -0.0774416 -1.70015 0.000794157 -0.108356 0.00282409
 1.425 2.10867 -0.0767673 -1.70252 0.000844321 -0.108403 0.00283029
 1.43 2.10975 -0.077181 -1.70252 0.000817708 -0.10846 0.00281562
 1.435 2.1107 -0.07758 -1.70242 0.000791808 -0.108511 0.00280064
 1.44 2.10961 -0.0769169 -1.70478 0.000841738 -0.108559 0.00280721
 1.445 2.11068 -0.0773306 -1.70478 0.000815068 -0.108615 0.00279246
 1.45 2.11163 -0.0777297 -1.70468 0.000789114 -0.108667 0.00277741
 1.455 2.11055 -0.0770779 -1.70702 0.00083879 -0.108714 0.00278435
 1.46 2.11162 -0.0774915 -1.70703 0.000812074 -0.10877 0.00276953
 1.465 2.11256 -0.0778906 -1.70693 0.000786074 -0.108821 0.00275441
 1.47 2.11148 -0.0772501 -1.70926 0.000835479 -0.108868 0.00276171
 1.475 2.11254 -0.0776636 -1.70926 0.000808726 -0.108924 0.00274682
 1.48 2.11348 -0.0780624 -1.70916 0.000782691 -0.108975 0.00273164
 1.485 2.1124 -0.0774335 -1.71149 0.000831805 -0.109021 0.00273929
 1.49 2.11346 -0.0778466 -1.71149 0.000805025 -0.109077 0.00272434
 1.495 2.11439 -0.078245 -1.71139 0.000778965 -0.109128 0.0027091
 1.5 2.11332 -0.0776278 -1.7137 0.000827771 -0.109174 0.0027171
 1.505 2.11438 -0.0780404 -1.7137 0.000800974 -0.109229 0.0027021
 1.51 2.1153 -0.0784382 -1.7136 0.000774898 -0.10928 0.00268681
 1.515 2.11424 -0.0778329 -1.7159 0.000823378 -0.109326 0.00269515
 1.52 2.11528 -0.0782447 -1.7159 0.000796575 -0.109381 0.0026801
 1.525 2.11621 -0.078642 -1.7158 0.000770493 -0.109431 0.00266477
 1.53 2.11514 -0.07804850000000001 -1.71808 0.000818629 -0.109477 0.00267344
 1.535 2.11619 -0.0784595 -1.71808 0.00079183 -0.109531 0.00265835
 1.54 2.1171 -0.07885590000000001 -1.71799 0.000765753 -0.109581 0.00264298
 1.545 2.11605 -0.0782745 -1.72025 0.000813527 -0.109627 0.00265197
 1.55 2.11708 -0.0786845 -1.72025 0.000786743 -0.109681 0.00263685
 1.555 2.11799 -0.07907989999999999 -1.72015 0.00076068 -0.10973 0.00262144
 1.56 2.11694 -0.0785106 -1.7224 0.000808075 -0.109775 0.00263075
 1.565 2.11797 -0.0789195 -1.72241 0.000781317 -0.109829 0.0026156
 1.57 2.11887 -0.0793138 -1.72231 0.000755279 -0.109878 0.00260017
 1.575 2.11783 -0.0787566 -1.72454 0.000802277 -0.109923 0.00260978
 1.58 2.11885 -0.0791641 -1.72454 0.000775555 -0.109976 0.00259461
 1.585 2.11975 -0.07955719999999999 -1.72444 0.000749553 -0.110025 0.00257917
 1.59 2.11871 -0.0790122 -1.72666 0.000796137 -0.11007 0.00258906
 1.595 2.11972 -0.07941819999999999 -1.72666 0.0007694620000000001 -0.110123 0.00257388
 1.6 2.12061 -0.0798098 -1.72656 0.000743506 -0.110171 0.00255843
 1.605 2.11958 -0.0792771 -1.72876 0.00078966 -0.110215 0.0025686
 1.61 2.12059 -0.07968160000000001 -1.72876 0.000763043 -0.110268 0.00255341
 1.615 2.12147 -0.08007160000000001 -1.72866 0.000737144 -0.110315 0.00253797
 1.62 2.12045 -0.0795512 -1.73084 0.00078285 -0.110359 0.00254841
 1.625 2.12144 -0.07995380000000001 -1.73084 0.0007563030000000001 -0.110411 0.00253322
 1.63 2.12232 -0.0803421 -1.73075 0.000730472 -0.110459 0.00251778
 1.635 2.12307 -0.0806896 -1.73057 0.000707063 -0.1105 0.00250328
 1.64 2.1215 -0.07989980000000001 -1.73343 0.000774525 -0.110542 0.00252267
 1.645 2.12257 -0.080301 -1.73351 0.000748181 -0.110597 0.0025082
 1.65 2.12347 -0.08069170000000001 -1.73345 0.000722214 -0.110646 0.00249289
 1.655 2.12242 -0.08017489999999999 -1.73565 0.000768852 -0.110689 0.00250462
 1.66 2.1234 -0.0805762 -1.73565 0.000742303 -0.11074 0.00248937
 1.665 2.12426 -0.08096349999999999 -1.73556 0.000716445 -0.110786 0.00247384
 1.67 2.12499 -0.0813098 -1.73538 0.000693021 -0.110827 0.00245924
 1.675 2.12345 -0.0805592 -1.73818 0.000758944 -0.110868 0.00247925
 1.68 2.12449 -0.0809578 -1.73825 0.000732662 -0.110922 0.00246469
 1.685 2.12538 -0.0813459 -1.73819 0.000706762 -0.110969 0.00244932
 1.69 2.1261 -0.08168980000000001 -1.73802 0.000683448 -0.111009 0.00243474
 1.695 2.12453 -0.0809392 -1.74083 0.00075026 -0.11105 0.00245577
 1.7 2.12557 -0.08133700000000001 -1.74091 0.000723986 -0.111103 0.00244121
 1.705 2.12645 -0.0817247 -1.74085 0.000698072 -0.11115 0.00242579
 1.71 2.12716 -0.0820679 -1.74067 0.000674754 -0.11119 0.00241116
 1.715 2.12561 -0.0813401 -1.74345 0.000740592 -0.11123 0.00243246
 1.72 2.12663 -0.0817363 -1.74353 0.000714365 -0.111282 0.00241786
 1.725 2.1275 -0.0821223 -1.74346 0.000688503 -0.111329 0.00240241
 1.73 2.1282 -0.0824643 -1.74329 0.000665227 -0.111368 0.00238777
 1.735 2.12667 -0.0817609 -1.74602 0.000729896 -0.111407 0.00240926
 1.74 2.12768 -0.0821547 -1.74609 0.000703776 -0.111459 0.00239464
 1.745 2.12853 -0.08253820000000001 -1.74603 0.000678022 -0.111505 0.00237921
 1.75 2.12923 -0.0828781 -1.74586 0.000654838 -0.111543 0.0023646
 1.755 2.12772 -0.08219899999999999 -1.74854 0.000718308 -0.111582 0.00238624
 1.76 2.12871 -0.0825895 -1.74861 0.000692344 -0.111633 0.00237164
 1.765 2.12955 -0.0829699 -1.74854 0.000666747 -0.111678 0.00235627
 1.77 2.13023 -0.0833071 -1.74837 0.000643699 -0.111715 0.00234171
 1.775 2.12876 -0.0826518 -1.75101 0.000705949 -0.111754 0.00236347
 1.78 2.12972 -0.0830384 -1.75107 0.000680184 -0.111804 0.00234893
 1.785 2.13055 -0.08341510000000001 -1.75101 0.000654786 -0.111848 0.00233364
 1.79 2.13122 -0.08374910000000001 -1.75084 0.000631911 -0.111885 0.00231917
 1.795 2.12978 -0.0831172 -1.75342 0.000692916 -0.111923 0.00234103
 1.8 2.13072 -0.0834994 -1.75348 0.000667387 -0.111972 0.00232656
 1.805 2.13153 -0.0838718 -1.75342 0.0006422240000000001 -0.112015 0.00231138
 1.81 2.1322 -0.0842022 -1.75325 0.0006195559999999999 -0.112051 0.00229702
 1.815 2.13078 -0.0835934 -1.75578 0.000679287 -0.112089 0.00231894
 1.82 2.1317 -0.0839708 -1.75584 0.000654029 -0.112136 0.00230457
 1.825 2.1325 -0.0843385 -1.75577 0.000629133 -0.112179 0.00228952
 1.83 2.13315 -0.0846648 -1.75561 0.000606702 -0.112215 0.0022753
 1.835 2.13176 -0.0840788 -1.75809 0.0006651269999999999 -0.112251 0.00229723
 1.84 2.13267 -0.0844509 -1.75814 0.000640171 -0.112298 0.00228299
 1.845 2.13345 -0.0848135 -1.75808 0.000615573 -0.112339 0.00226808
 1.85 2.13409 -0.0851353 -1.75792 0.000593405 -0.112375 0.00225402
 1.855 2.13273 -0.08457199999999999 -1.76034 0.000650492 -0.112411 0.00227593
 1.86 2.13361 -0.08493829999999999 -1.76039 0.000625865 -0.112456 0.00226183
 1.865 2.13438 -0.08529539999999999 -1.76033 0.000601592 -0.112497 0.00224709
 1.87 2.13501 -0.0856126 -1.76018 0.000579712 -0.112531 0.0022332
 1.875 2.13368 -0.08507149999999999 -1.76254 0.0006354279999999999 -0.112566 0.00225506
 1.88 2.13454 -0.0854318 -1.76259 0.000611158 -0.112611 0.00224111
 1.885 2.13529 -0.0857831 -1.76252 0.000587235 -0.112651 0.00222656
 1.89 2.13591 -0.08609509999999999 -1.76238 0.0005656669999999999 -0.112685 0.00221286
 1.895 2.13461 -0.08557620000000001 -1.76468 0.000619979 -0.112719 0.0022346
 1.9 2.13545 -0.0859301 -1.76472 0.000596089 -0.112762 0.00222083
 1.905 2.13618 -0.08627509999999999 -1.76466 0.000572542 -0.112801 0.00220649
 1.91 2.13679 -0.0865818 -1.76452 0.000551308 -0.112834 0.00219299
 1.915 2.13553 -0.0860847 -1.76677 0.000604181 -0.112868 0.00221459
 1.92 2.13634 -0.08643190000000001 -1.7668 0.000580697 -0.11291 0.002201
 1.925 2.13706 -0.0867705 -1.76674 0.00055755 -0.112948 0.00218689
 1.93 2.13765 -0.0870715 -1.7666 0.000536672 -0.11298 0.00217361
 1.935 2.13642 -0.0865959 -1.76879 0.000588072 -0.113013 0.002195
 1.94 2.13722 -0.0869361 -1.76882 0.000565017 -0.113054 0.00218163
 1.945 2.13791 -0.0872679 -1.76877 0.000542292 -0.113091 0.00216775
 1.95 2.13849 -0.0875631 -1.76863 0.0005217899999999999 -0.113123 0.00215471
 1.955 2.13903 -0.0878337 -1.76849 0.000502899 -0.113153 0.00214262
 1.96 2.13743 -0.08719830000000001 -1.77112 0.000569394 -0.113184 0.00217208
 1.965 2.13826 -0.08753089999999999 -1.77121 0.0005469439999999999 -0.113226 0.00215952
 1.97 2.13896 -0.0878584 -1.77118 0.00052454 -0.113263 0.002146
 1.975 2.13952 -0.0881472 -1.77104 0.000504448 -0.113294 0.00213319
 1.98 2.14005 -0.0884118 -1.7709 0.000485934 -0.113322 0.00212132
 1.985 2.13847 -0.08779530000000001 -1.77348 0.000551432 -0.113352 0.00215094
 1.99 2.13927 -0.0881213 -1.77357 0.000529388 -0.113393 0.00213856
 1.995 2.13995 -0.0884426 -1.77354 0.000507372 -0.113429 0.00212525
 2 2.1405 -0.0887259 -1.77341 0.000487628 -0.113459 0.00211265
 2.005 2.14101 -0.0889857 -1.77328 0.000469433 -0.113487 0.00210097
 2.01 2.13948 -0.08840430000000001 -1.77576 0.000532306 -0.113516 0.00212989
 2.015 2.14025 -0.08872240000000001 -1.77584 0.000510748 -0.113555 0.0021177
 2.02 2.14091 -0.0890359 -1.7758 0.000489223 -0.11359 0.00210465
 2.025 2.14144 -0.08931269999999999 -1.77568 0.000469907 -0.113619 0.00209231
 2.03 2.14194 -0.08956649999999999 -1.77555 0.000452107 -0.113646 0.00208088
 2.035 2.14048 -0.0890208 -1.77793 0.000512178 -0.113674 0.00210897
 2.04 2.14121 -0.0893297 -1.778 0.00049119 -0.113711 0.00209703
 2.045 2.14185 -0.0896343 -1.77796 0.000470241 -0.113745 0.00208429
 2.05 2.14236 -0.08990339999999999 -1.77785 0.000451429 -0.113773 0.00207227
 2.055 2.14284 -0.0901502 -1.77772 0.000434094 -0.113799 0.00206114
 2.06 2.14145 -0.08963930000000001 -1.77999 0.000491322 -0.113826 0.00208833
 2.065 2.14215 -0.08993810000000001 -1.78005 0.000470975 -0.113862 0.00207668
 2.07 2.14276 -0.0902327 -1.78002 0.000450669 -0.113893 0.0020643
 2.075 2.14325 -0.0904935 -1.77991 0.000432425 -0.11392 0.00205265
 2.08 2.14371 -0.09073249999999999 -1.77979 0.000415611 -0.113945 0.00204186
 2.085 2.14415 -0.09095159999999999 -1.77967 0.000400123 -0.113969 0.00203185
 2.09 2.1425 -0.09033620000000001 -1.78222 0.000467788 -0.113994 0.00206517
 2.095 2.14321 -0.0906238 -1.78233 0.000448276 -0.11403 0.00205434
 2.1 2.14381 -0.09091 -1.78231 0.000428577 -0.114061 0.00204245
 2.105 2.14428 -0.0911613 -1.78221 0.000410968 -0.114087 0.0020312
 2.11 2.14472 -0.09139170000000001 -1.78209 0.000394739 -0.114111 0.00202077
 2.115 2.14513 -0.0916029 -1.78198 0.000379789 -0.114134 0.0020111
 2.12 2.14356 -0.0910251 -1.78442 0.000444357 -0.114157 0.00204341
 2.125 2.14422 -0.0913013 -1.78451 0.000425573 -0.114191 0.0020329
 2.13 2.14479 -0.09157650000000001 -1.7845 0.000406602 -0.114221 0.00202143
 2.135 2.14524 -0.09181839999999999 -1.7844 0.000389632 -0.114245 0.00201058
 2.14 2.14566 -0.09204039999999999 -1.78429 0.000373991 -0.114268 0.00200054
 2.145 2.14606 -0.0922438 -1.78418 0.00035958 -0.11429 0.00199123
 2.15 2.14459 -0.09171559999999999 -1.78646 0.000419673 -0.114312 0.00202171
 2.155 2.14521 -0.0919787 -1.78654 0.000401735 -0.114344 0.00201157
 2.16 2.14574 -0.0922408 -1.78652 0.000383626 -0.114372 0.00200058
 2.165 2.14617 -0.09247180000000001 -1.78643 0.00036741 -0.114395 0.00199023
 2.17 2.14657 -0.0926838 -1.78633 0.000352461 -0.114417 0.00198064
 2.175 2.14694 -0.09287810000000001 -1.78623 0.000338687 -0.114437 0.00197175
 2.18 2.14729 -0.0930561 -1.78613 0.000326001 -0.114456 0.00196351
 2.185 2.14568 -0.09246989999999999 -1.78855 0.000392091 -0.114477 0.00199789
 2.19 2.14628 -0.0927178 -1.78866 0.000375235 -0.114507 0.00198858
 2.195 2.1468 -0.09296699999999999 -1.78866 0.000358035 -0.114534 0.00197822
 2.2 2.1472 -0.0931854 -1.78857 0.000342694 -0.114555 0.00196843
 2.205 2.14757 -0.0933858 -1.78848 0.00032855 -0.114576 0.00195936
 2.21 2.14792 -0.0935696 -1.78839 0.000315516 -0.114594 0.00195095
 2.215 2.14824 -0.0937381 -1.7883 0.000303508 -0.114612 0.00194316
 2.22 2.14676 -0.09320970000000001 -1.79052 0.000364085 -0.114631 0.00197509
 2.225 2.14731 -0.0934413 -1.79061 0.000348289 -0.114659 0.00196625
 2.23 2.14778 -0.0936744 -1.79061 0.000332173 -0.114684 0.00195651
 2.235 2.14815 -0.0938793 -1.79053 0.000317779 -0.114704 0.00194734
 2.24 2.1485 -0.09406730000000001 -1.79045 0.000304505 -0.114722 0.00193884
 2.245 2.14883 -0.0942399 -1.79037 0.00029227 -0.11474 0.00193097
 2.25 2.14913 -0.0943982 -1.79029 0.000280996 -0.114757 0.00192367
 2.255 2.14941 -0.0945431 -1.7902 0.000270612 -0.114772 0.00191691
 2.26 2.14789 -0.09399830000000001 -1.79244 0.00033289 -0.114789 0.00195037
 2.265 2.1484 -0.0942105 -1.79253 0.000318437 -0.114815 0.00194239
 2.27 2.14884 -0.0944261 -1.79254 0.000303547 -0.114837 0.00193344
 2.275 2.14918 -0.0946148 -1.79247 0.000290284 -0.114856 0.00192501
 2.28 2.14949 -0.0947882 -1.79241 0.000278051 -0.114873 0.00191719
 2.285 2.14979 -0.0949474 -1.79234 0.000266772 -0.114889 0.00190995
 2.29 2.15006 -0.0950935 -1.79226 0.000256375 -0.114904 0.00190324
 2.295 2.15032 -0.0952274 -1.79219 0.000246795 -0.114918 0.00189702
 2.3 2.15057 -0.09535009999999999 -1.79212 0.00023797 -0.114931 0.00189126
 2.305 2.15079 -0.09546250000000001 -1.79204 0.000229846 -0.114944 0.00188592
 2.31 2.14913 -0.09486269999999999 -1.79439 0.000297662 -0.114958 0.00192313
 2.315 2.14961 -0.0950524 -1.79451 0.000284818 -0.114981 0.00191629
 2.32 2.15001 -0.09524820000000001 -1.79454 0.000271339 -0.115002 0.00190829
 2.325 2.15031 -0.0954183 -1.79448 0.000259403 -0.115018 0.00190072
 2.33 2.15059 -0.0955747 -1.79443 0.000248389 -0.115033 0.0018937
 2.335 2.15085 -0.0957185 -1.79437 0.000238227 -0.115047 0.0018872
 2.34 2.15109 -0.09585050000000001 -1.79431 0.000228855 -0.11506 0.00188118
 2.345 2.15132 -0.0959718 -1.79426 0.000220213 -0.115072 0.0018756
 2.35 2.15153 -0.0960831 -1.7942 0.000212247 -0.115084 0.00187043
 2.355 2.15173 -0.0961851 -1.79414 0.000204906 -0.115095 0.00186564
 2.36 2.15192 -0.09627860000000001 -1.79407 0.000198143 -0.115105 0.0018612
 2.365 2.15209 -0.0963643 -1.79401 0.000191914 -0.115115 0.00185709
 2.37 2.15225 -0.09644270000000001 -1.79395 0.00018618 -0.115124 0.00185328
 2.375 2.15055 -0.0958271 -1.79629 0.000255354 -0.115135 0.00189194
 2.38 2.15097 -0.0959874 -1.79642 0.000244583 -0.115155 0.0018864
 2.385 2.15131 -0.09615609999999999 -1.79646 0.00023302 -0.115172 0.00187963
 2.39 2.15156 -0.0963019 -1.79642 0.00022284 -0.115186 0.00187321
 2.395 2.15179 -0.0964361 -1.79638 0.000213436 -0.115198 0.00186726
 2.4 2.15201 -0.0965597 -1.79635 0.000204752 -0.11521 0.00186175
 2.405 2.15221 -0.0966735 -1.79631 0.000196733 -0.11522 0.00185664
 2.41 2.1524 -0.0967783 -1.79627 0.000189329 -0.11523 0.00185191
 2.415 2.15257 -0.09687469999999999 -1.79623 0.000182493 -0.11524 0.00184752
 2.42 2.15274 -0.09696340000000001 -1.79619 0.000176185 -0.115249 0.00184346
 2.425 2.15289 -0.09704500000000001 -1.79615 0.000170361 -0.115257 0.0018397
 2.43 2.15303 -0.09712 -1.79611 0.000164987 -0.115265 0.00183621
 2.435 2.15316 -0.09718889999999999 -1.79607 0.000160029 -0.115272 0.00183298
 2.44 2.15329 -0.0972523 -1.79603 0.000155454 -0.115279 0.00182998
 2.445 2.1534 -0.09731049999999999 -1.796 0.000151234 -0.115285 0.00182721
 2.45 2.15351 -0.09736400000000001 -1.79596 0.000147342 -0.115291 0.00182464
 2.455 2.15361 -0.0974131 -1.79592 0.000143752 -0.115297 0.00182226
 2.46 2.15371 -0.09745819999999999 -1.79589 0.00014044 -0.115302 0.00182005
 2.465 2.1538 -0.09749969999999999 -1.79585 0.000137386 -0.115307 0.00181801
 2.47 2.15388 -0.0975377 -1.79582 0.000134568 -0.115311 0.00181612
 2.475 2.15395 -0.0975727 -1.79578 0.000131969 -0.115316 0.00181436
 2.48 2.15403 -0.09760480000000001 -1.79575 0.000129571 -0.11532 0.00181274
 2.485 2.15409 -0.0976344 -1.79572 0.000127358 -0.115323 0.00181123
 2.49 2.15416 -0.0976615 -1.79569 0.000125315 -0.115327 0.00180983
 2.495 2.15421 -0.0976865 -1.79566 0.000123429 -0.11533 0.00180854
 2.5 2.15427 -0.0977095 -1.79564 0.000121687 -0.115333 0.00180734
 2.505 2.15432 -0.0977307 -1.79561 0.000120076 -0.115336 0.00180623
 2.51 2.15436 -0.0977503 -1.79559 0.000118587 -0.115339 0.00180521
 2.515 2.15441 -0.09776849999999999 -1.79557 0.000117206 -0.115341 0.00180425
 2.52 2.15445 -0.09778530000000001 -1.79554 0.000115929 -0.115343 0.00180337
 2.525 2.15449 -0.09780079999999999 -1.79553 0.000114747 -0.115345 0.00180255
 2.53 2.15452 -0.097815 -1.79551 0.000113662 -0.115347 0.0018018
 2.535 2.15455 -0.0978279 -1.79549 0.000112673 -0.115349 0.00180111
 2.54 2.15459 -0.09783940000000001 -1.79548 0.000111779 -0.115351 0.00180047
 2.545 2.15462 -0.0978497 -1.79546 0.000110978 -0.115353 0.0017999
 2.55 2.15465 -0.0978586 -1.79545 0.000110272 -0.115354 0.00179939
 2.555 2.15468 -0.0978661 -1.79544 0.00010966 -0.115356 0.00179893
 2.56 2.15471 -0.0978723 -1.79543 0.000109142 -0.115357 0.00179852
 2.565 2.15474 -0.09787709999999999 -1.79542 0.000108717 -0.115359 0.00179818
 2.57 2.15477 -0.0978805 -1.79541 0.000108385 -0.11536 0.00179788
 2.575 2.1548 -0.0978825 -1.79541 0.000108146 -0.115362 0.00179763
 2.58 2.15484 -0.0978831 -1.7954 0.000108 -0.115363 0.00179744
 2.585 2.15487 -0.09788230000000001 -1.7954 0.000107946 -0.115365 0.00179729
 2.59 2.15491 -0.09787999999999999 -1.79539 0.000107985 -0.115366 0.0017972
 2.595 2.15495 -0.0978764 -1.79539 0.000108117 -0.115367 0.00179715
 2.6 2.15499 -0.09787129999999999 -1.79539 0.00010834 -0.115369 0.00179716
 2.605 2.15503 -0.0978647 -1.79539 0.000108658 -0.11537 0.00179721
 2.61 2.15507 -0.0978566 -1.79539 0.000109072 -0.115372 0.00179731
 2.615 2.15512 -0.09784710000000001 -1.79539 0.000109576 -0.115374 0.00179745
 2.62 2.15517 -0.0978361 -1.79539 0.000110176 -0.115375 0.00179764
 2.625 2.15522 -0.0978236 -1.7954 0.00011087 -0.115377 0.00179788
 2.63 2.15527 -0.0978096 -1.7954 0.000111655 -0.115379 0.00179817
 2.635 2.15533 -0.09779409999999999 -1.7954 0.000112532 -0.115381 0.0017985
 2.64 2.15539 -0.09777719999999999 -1.79541 0.000113499 -0.115383 0.00179887
 2.645 2.15545 -0.09775880000000001 -1.79542 0.000114557 -0.115385 0.00179929
 2.65 2.15551 -0.09773900000000001 -1.79542 0.000115705 -0.115387 0.00179975
 2.655 2.15558 -0.0977177 -1.79543 0.000116944 -0.115389 0.00180025
 2.66 2.15565 -0.0976949 -1.79544 0.000118274 -0.115391 0.00180079
 2.665 2.15573 -0.0976706 -1.79545 0.000119694 -0.115394 0.00180138
 2.67 2.1558 -0.09764490000000001 -1.79546 0.000121203 -0.115396 0.00180201
 2.675 2.15588 -0.0976177 -1.79547 0.000122803 -0.115399 0.00180268
 2.68 2.15597 -0.0975891 -1.79548 0.000124493 -0.115401 0.0018034
 2.685 2.15605 -0.0975589 -1.79549 0.000126273 -0.115404 0.00180415
 2.69 2.15615 -0.0975273 -1.79551 0.000128142 -0.115407 0.00180495
 2.695 2.15624 -0.0974942 -1.79552 0.0001301 -0.11541 0.00180579
 2.7 2.15634 -0.0974597 -1.79554 0.000132148 -0.115413 0.00180667
 2.705 2.15644 -0.0974237 -1.79555 0.000134285 -0.115416 0.00180759
 2.71 2.15654 -0.09738620000000001 -1.79557 0.000136511 -0.115419 0.00180855
 2.715 2.15665 -0.09734719999999999 -1.79558 0.000138826 -0.115422 0.00180955
 2.72 2.15676 -0.0973068 -1.7956 0.000141229 -0.115426 0.00181059
 2.725 2.15687 -0.0972649 -1.79562 0.000143722 -0.115429 0.00181167
 2.73 2.15699 -0.0972215 -1.79564 0.000146302 -0.115433 0.00181279
 2.735 2.15711 -0.0971767 -1.79566 0.000148971 -0.115436 0.00181395
 2.74 2.15724 -0.09713040000000001 -1.79568 0.000151727 -0.11544 0.00181514
 2.745 2.15737 -0.09708269999999999 -1.7957 0.000154572 -0.115444 0.00181638
 2.75 2.1575 -0.09703349999999999 -1.79572 0.000157504 -0.115448 0.00181766
 2.755 2.15764 -0.09698279999999999 -1.79574 0.000160523 -0.115452 0.00181898
 2.76 2.15777 -0.09693069999999999 -1.79577 0.00016363 -0.115456 0.00182033
 2.765 2.15792 -0.0968772 -1.79579 0.000166824 -0.115461 0.00182173
 2.77 2.15806 -0.0968222 -1.79581 0.000170104 -0.115465 0.00182316
 2.775 2.15822 -0.0967657 -1.79584 0.000173472 -0.115469 0.00182463
 2.78 2.15837 -0.0967078 -1.79586 0.000176925 -0.115474 0.00182614
 2.785 2.15853 -0.0966485 -1.79589 0.000180465 -0.115479 0.00182769
 2.79 2.16073 -0.0959791 -1.79352 0.000246661 -0.115483 0.00186731
 2.795 2.16087 -0.09600309999999999 -1.79363 0.000244739 -0.115486 0.00186459
 2.8 2.16091 -0.0960326 -1.79367 0.000242397 -0.115486 0.00186209
 2.805 2.16093 -0.0960416 -1.79368 0.000241388 -0.115485 0.00186073
 2.81 2.16097 -0.0960439 -1.79369 0.000240822 -0.115485 0.00185963
 2.815 2.16102 -0.09603970000000001 -1.79371 0.00024067 -0.115485 0.00185877
 2.82 2.16109 -0.0960294 -1.79373 0.00024091 -0.115485 0.00185815
 2.825 2.16116 -0.0960134 -1.79375 0.000241519 -0.115487 0.00185774
 2.83 2.16125 -0.09599199999999999 -1.79377 0.000242475 -0.115488 0.00185753
 2.835 2.16135 -0.0959655 -1.79379 0.000243758 -0.11549 0.00185751
 2.84 2.16146 -0.0959342 -1.79381 0.000245351 -0.115492 0.00185767
 2.845 2.16158 -0.09589830000000001 -1.79384 0.000247237 -0.115495 0.001858
 2.85 2.16171 -0.0958581 -1.79387 0.0002494 -0.115498 0.00185848
 2.855 2.16185 -0.0958138 -1.79389 0.000251826 -0.115502 0.00185912
 2.86 2.1643 -0.09570969999999999 -1.79118 0.000258304 -0.115505 0.00186388
 2.865 2.16444 -0.095683 -1.79129 0.000259957 -0.115507 0.00186413
 2.87 2.16446 -0.0956403 -1.79132 0.000262389 -0.115505 0.00186462
 2.875 2.16445 -0.09558319999999999 -1.79131 0.000265588 -0.115502 0.00186543
 2.88 2.16447 -0.0955228 -1.79131 0.000269 -0.115499 0.00186638
 2.885 2.1645 -0.09545910000000001 -1.79132 0.000272616 -0.115498 0.00186746
 2.89 2.16456 -0.09539250000000001 -1.79132 0.000276426 -0.115497 0.00186866
 2.895 2.16463 -0.0953229 -1.79133 0.000280422 -0.115497 0.00186998
 2.9 2.16471 -0.0952505 -1.79135 0.000284595 -0.115497 0.0018714
 2.905 2.16481 -0.09517539999999999 -1.79136 0.000288939 -0.115498 0.00187294
 2.91 2.16493 -0.0950978 -1.79138 0.000293445 -0.1155 0.00187457
 2.915 2.16505 -0.09501759999999999 -1.7914 0.000298108 -0.115502 0.00187629
 2.92 2.16756 -0.09493509999999999 -1.7886 0.000300823 -0.115505 0.0018788
 2.925 2.1677 -0.0948712 -1.78871 0.000304862 -0.115506 0.00188039
 2.93 2.16772 -0.09478979999999999 -1.78874 0.000309739 -0.115503 0.00188218
 2.935 2.16771 -0.0946953 -1.78873 0.00031528 -0.115499 0.00188415
 2.94 2.16773 -0.09459910000000001 -1.78872 0.000320926 -0.115496 0.0018862
 2.945 2.16777 -0.0945013 -1.78873 0.000326675 -0.115494 0.00188833
 2.95 2.16782 -0.0944019 -1.78873 0.000332525 -0.115492 0.00189053
 2.955 2.1679 -0.09430089999999999 -1.78874 0.000338473 -0.115492 0.0018928
 2.96 2.168 -0.0941984 -1.78875 0.000344517 -0.115492 0.00189514
 2.965 2.16811 -0.09409430000000001 -1.78877 0.000350656 -0.115493 0.00189754
 2.97 2.16824 -0.09398869999999999 -1.78879 0.000356888 -0.115495 0.00190001
 2.975 2.17083 -0.09388779999999999 -1.78588 0.000360388 -0.115497 0.00190298
 2.98 2.17099 -0.093802 -1.786 0.00036581 -0.115498 0.00190527
 2.985 2.17101 -0.09369810000000001 -1.78603 0.000372083 -0.115494 0.00190772
 2.99 2.17101 -0.09358080000000001 -1.78602 0.00037902 -0.11549 0.00191034
 2.995 2.17103 -0.09346260000000001 -1.78602 0.000386013 -0.115487 0.00191301
 3 2.17107 -0.09334340000000001 -1.78602 0.000393063 -0.115484 0.00191573
 3.005 2.17114 -0.0932233 -1.78602 0.000400171 -0.115483 0.00191851
 3.01 2.17123 -0.0931023 -1.78603 0.000407338 -0.115482 0.00192134
 3.015 2.17133 -0.0929802 -1.78605 0.000414564 -0.115482 0.00192421
 3.02 2.17146 -0.0928572 -1.78607 0.000421849 -0.115483 0.00192714
 3.025 2.17406 -0.09274019999999999 -1.78315 0.000426259 -0.115485 0.00193062
 3.03 2.17422 -0.09263879999999999 -1.78327 0.00043262 -0.115486 0.00193332
 3.035 2.17425 -0.09251959999999999 -1.7833 0.00043982 -0.115482 0.00193618
 3.04 2.17425 -0.09238680000000001 -1.7833 0.000447682 -0.115477 0.0019392
 3.045 2.17428 -0.0922535 -1.7833 0.000455579 -0.115474 0.00194225
 3.05 2.17433 -0.0921196 -1.7833 0.00046351 -0.115471 0.00194536
 3.055 2.17441 -0.0919851 -1.78331 0.000471478 -0.11547 0.00194851
 3.06 2.17451 -0.0918499 -1.78332 0.000479485 -0.115469 0.00195169
 3.065 2.17463 -0.09171410000000001 -1.78334 0.000487532 -0.115469 0.00195492
 3.07 2.17715 -0.0915844 -1.78051 0.000492723 -0.115471 0.00195878
 3.075 2.17731 -0.0914705 -1.78062 0.0004998099999999999 -0.115471 0.00196178
 3.08 2.17735 -0.0913395 -1.78065 0.000507695 -0.115467 0.00196491
 3.085 2.17736 -0.0911955 -1.78065 0.000516224 -0.115462 0.0019682
 3.09 2.1774 -0.0910511 -1.78065 0.000524774 -0.115459 0.00197153
 3.095 2.17746 -0.0909063 -1.78066 0.000533347 -0.115456 0.00197489
 3.1 2.17755 -0.0907611 -1.78068 0.000541946 -0.115455 0.0019783
 3.105 2.17767 -0.0906154 -1.78069 0.000550572 -0.115454 0.00198175
 3.11 2.1778 -0.0904692 -1.78072 0.000559229 -0.115455 0.00198523
 3.115 2.18046 -0.0903301 -1.77774 0.000564803 -0.115456 0.00198945
 3.12 2.18064 -0.09020880000000001 -1.77787 0.000572355 -0.115457 0.00199266
 3.125 2.18069 -0.0900691 -1.77791 0.000580758 -0.115453 0.001996
 3.13 2.18071 -0.0899153 -1.77791 0.0005898569999999999 -0.115448 0.00199951
 3.135 2.18075 -0.0897612 -1.77792 0.0005989670000000001 -0.115445 0.00200305
 3.14 2.18083 -0.0896069 -1.77793 0.0006080909999999999 -0.115442 0.00200664
 3.145 2.18093 -0.0894523 -1.77795 0.000617233 -0.115441 0.00201026
 3.15 2.18105 -0.0892974 -1.77797 0.000626394 -0.11544 0.00201392
 3.155 2.18355 -0.0891492 -1.77515 0.000632603 -0.115441 0.00201836
 3.16 2.18372 -0.0890179 -1.77527 0.000640696 -0.115441 0.00202175
 3.165 2.18377 -0.0888698 -1.77531 0.00064957 -0.115437 0.00202527
 3.17 2.1838 -0.0887085 -1.77532 0.000659098 -0.115432 0.00202894
 3.175 2.18385 -0.0885471 -1.77533 0.000668631 -0.115428 0.00203264
 3.18 2.18394 -0.08838559999999999 -1.77535 0.000678173 -0.115426 0.00203639
 3.185 1.9 -0.226713 -1.10884 0.0141512 -0.0886459 0.00671766
 3.19 1.06878 -0.6318820000000001 0.8419450000000001 0.0535657 -0.0102686 0.0204116
 3.195 0.557652 -0.733252 1.47733 0.0637515 0.0228835 0.0308266
 3.2 -1.09901 -1.10986 3.71568 0.101361 0.135305 0.0637882
 3.205 -1.14804 -1.16445 3.96251 0.106822 0.143427 0.0639467
 3.21 -1.78688 -1.48585 5.53576 0.138434 0.205613 0.07374890000000001
 3.215 -1.8391 -1.5498 5.80681 0.144168 0.214517 0.0742515
 3.22 -2.44638 -1.84287 7.25179 0.172756 0.27231 0.08386150000000001
 3.225 -2.16749 -1.79798 6.70493 0.158702 0.249468 0.0846364
 3.23 -2.29462 -1.99688 7.01133 0.156618 0.262984 0.09923319999999999
 3.235 -2.82731 -2.24194 8.330959999999999 0.184287 0.314564 0.105014
 3.24 -2.61409 -2.15644 8.037839999999999 0.181362 0.299983 0.0976205
 3.245 -2.76044 -2.24263 8.767799999999999 0.202058 0.324323 0.0912772
 3.25 -2.66801 -2.243 8.8284 0.205759 0.323277 0.0865969
 3.255 -2.83968 -2.39455 9.678419999999999 0.22672 0.352017 0.0840386
 3.26 -2.74407 -2.38501 9.68061 0.228715 0.349268 0.07992059999999999
 3.265 -2.88515 -2.51041 10.3904 0.246138 0.373228 0.077684
 3.27 -2.85757 -2.3999 9.75271 0.228537 0.355304 0.0834409
 3.275 -3.48345 -2.43174 9.67623 0.213185 0.374369 0.110468
 3.28 -3.06807 -2.25987 8.83874 0.197654 0.338536 0.102546
 3.285 -2.68441 -2.10087 8.06359 0.183261 0.305398 0.0952524
 3.29 -2.33246 -1.95436 7.34802 0.16992 0.274883 0.0886256
 3.295 -2.00975 -1.8194 6.68755 0.157554 0.246791 0.0826103
 3.3 -1.71434 -1.69517 6.07829 0.146093 0.220956 0.07716870000000001
 3.305 -1.44644 -1.57974 5.51077 0.135378 0.196946 0.07225860000000001
 3.31 -1.24937 -1.52804 5.34159 0.134696 0.186153 0.0653803
 3.315 -1.34001 -1.63909 6.02385 0.151914 0.207841 0.0611672
 3.32 -1.48185 -1.65462 5.78897 0.139528 0.206849 0.073842
 3.325 -1.21254 -1.53947 5.23606 0.129396 0.18327 0.0685989
 3.33 -0.962906 -1.43273 4.7236 0.120006 0.161415 0.0637399
 3.335 -0.733297 -1.34303 4.25803 0.111089 0.141541 0.0599106
 3.34 -0.628005 -1.34685 3.9458 0.100639 0.130247 0.0648884
 3.345 -0.693466 -1.4624 3.85237 0.0893106 0.131157 0.08033120000000001
 3.35 -0.362904 -1.3756 3.54347 0.0876639 0.112086 0.06931710000000001
 3.355 0.0335721 -1.30839 3.33214 0.0895387 0.0935897 0.0553973
 3.36 0.398089 -1.2878 3.18179 0.0904727 0.07809670000000001 0.0453188
 3.365 0.507776 -1.32282 2.94512 0.0810366 0.0689975 0.0511707
 3.37 0.624202 -1.27457 2.643 0.074349 0.057219 0.0506118
 3.375 0.704582 -1.32809 2.46333 0.0660454 0.0505091 0.057348
 3.38 0.7691210000000001 -1.3076 2.23375 0.0594574 0.0425246 0.0593661
 3.385 0.818495 -1.32754 2.0629 0.052493 0.0368985 0.0641311
 3.39 0.907321 -1.30505 1.85277 0.0471532 0.0285999 0.06463960000000001
 3.395 0.98216 -1.32512 1.6995 0.041258 0.0225979 0.06810769999999999
 3.4 1.06299 -1.3066 1.51825 0.0366238 0.0153039 0.06850100000000001
 3.405 1.14109 -1.33325 1.39073 0.0312584 0.00986793 0.0718114
 3.41 1.19601 -1.31473 1.23584 0.0270621 0.00396783 0.07240389999999999
 3.415 1.2061 -1.34 1.13974 0.0219122 0.0015251 0.0770338
 3.42 1.26222 -1.32421 1.00471 0.018466 -0.00379104 0.0772983
 3.425 1.32895 -1.35365 0.917034 0.0142867 -0.007830780000000001 0.0802093
 3.43 1.38943 -1.33796 0.796009 0.011522 -0.0129177 0.07996640000000001
 3.435 1.44325 -1.37126 0.729873 0.00783916 -0.0159265 0.0831041
 3.44 1.4953 -1.35676 0.624997 0.00548093 -0.0203306 0.08283160000000001
 3.445 1.53354 -1.39081 0.576902 0.00200003 -0.0224613 0.0861175
 3.45 1.56061 -1.33337 0.447144 0.000856123 -0.0271178 0.0832826
 3.455 1.64128 -1.24445 0.294985 0.00154055 -0.0343573 0.0763427
 3.46 1.78214 -1.1697 0.173697 0.00343582 -0.0425887 0.067993
 3.465 1.81241 -1.14893 0.088508 0.00186134 -0.0458708 0.06733160000000001
 3.47 1.8385 -1.23568 0.109827 -0.00214503 -0.0452709 0.07413599999999999
 3.475 1.86463 -1.21169 0.0309048 -0.00335536 -0.0482982 0.0731458
 3.48 1.65498 -1.17255 0.567364 -0.020161 -0.0279557 0.07933510000000001
 3.485 0.542892 -0.723784 2.34441 -0.0572659 0.0482285 0.07316839999999999
 3.49 -0.815516 -0.620472 3.75597 -0.0616065 0.123037 0.07285320000000001
 3.495 -1.35089 -0.223069 5.41978 -0.108758 0.181913 0.0889643
 3.5 -2.39997 0.261861 7.30895 -0.170966 0.261334 0.11978
 3.505 -2.18067 0.200347 6.84785 -0.164794 0.242757 0.116583
 3.51 -2.53963 0.249536 7.3403 -0.178296 0.264595 0.122944
 3.515 -3.77014 0.597177 9.322329999999999 -0.209005 0.347874 0.139873
 3.52 -5.31779 0.727755 11.1256 -0.215337 0.438349 0.145967
 3.525 -5.39388 0.7433149999999999 11.1514 -0.183094 0.418937 0.0924576
 3.53 -7.69479 0.864664 11.9084 -0.192428 0.291696 0.099049
 3.535 -10.3784 1.10678 10.3817 -0.186157 -0.149321 0.0462925
 3.54 -14.2575 1.05593 10.3621 -0.163999 -0.493986 0.0323118
 3.545 -27.8485 3.10786 4.75661 -0.383119 -2.29728 0.0529111
 3.55 -46.8235 4.88308 -1.16498 -0.590634 -4.54829 0.124945
 3.555 -63.5115 6.44146 -7.4666 -0.715357 -6.64473 0.102147
 3.56 -74.87820000000001 7.30797 -10.7083 -0.832251 -7.97342 0.170301
 3.565 -69.41 6.4077 -9.316229999999999 -0.779439 -7.40146 0.241251
 3.57 -65.9367 5.69961 -7.68759 -0.816951 -6.98669 0.427903
 3.575 -65.15779999999999 6.99693 -7.14305 -1.03325 -6.89374 0.55231
 3.58 -63.8487 7.87914 -5.14962 -1.18718 -6.57409 0.6398200000000001
 3.585 -60.3209 7.09919 -4.56164 -1.19273 -6.23281 0.788007
 3.59 -58.4487 6.5393 -1.58382 -1.11736 -5.6494 0.770929
 3.595 -54.4686 6.06152 -0.424578 -1.04005 -5.20473 0.732613
 3.6 -51.8915 5.37076 1.54585 -0.9622540000000001 -4.7407 0.716755
 3.605 -48.463 4.87809 2.62109 -0.885117 -4.35875 0.674619
 3.61 -45.7424 4.30743 3.94042 -0.812565 -3.98465 0.650439
 3.615 -43.1291 3.83407 5.03328 -0.7494420000000001 -3.64985 0.62954
 3.62 -40.9239 3.35636 6.15942 -0.698193 -3.33186 0.622837
 3.625 -39.3569 3.12665 7.47533 -0.637208 -3.00433 0.576555
 3.63 -38.0673 2.29973 8.98908 -0.519337 -2.67446 0.557355
 3.635 -35.8376 1.86723 9.58262 -0.443758 -2.42545 0.528857
 3.64 -34.0918 1.89829 10.5334 -0.42841 -2.1878 0.50266
 3.645 -32.0403 1.82704 11.1587 -0.395335 -1.96091 0.457886
 3.65 -29.6834 1.57385 12.2844 -0.340266 -1.65069 0.393972
 3.655 -27.2616 1.39162 13.0907 -0.289786 -1.33912 0.342047
 3.66 -26.6152 1.39082 14.1038 -0.267264 -1.12905 0.301873
 3.665 -24.6512 1.09961 14.501 -0.219023 -0.937049 0.266001


