# Created by Octave 3.8.2, Mon May 25 09:47:53 2015 CST <waldronluo@Debian>
# name: approachSig
# type: matrix
# rows: 738
# columns: 7
 0 0.0375657 -0.00170152 -0.0284831 4.31391e-06 -0.00180521 8.30314e-05
 0.005 0.185079 -0.00838305 -0.140331 2.12538e-05 -0.00889393 0.00040908
 0.01 0.321796 -0.0145756 -0.243993 3.69539e-05 -0.0154638 0.000711265
 0.015 0.448506 -0.0203148 -0.340067 5.15049e-05 -0.0215529 0.000991334
 0.02 0.5659419999999999 -0.0256341 -0.42911 6.49904e-05 -0.0271963 0.0012509
 0.025 0.6747840000000001 -0.030564 -0.511636 7.74867e-05 -0.0324266 0.00149147
 0.03 0.77566 -0.0351331 -0.588121 8.90656e-05 -0.0372742 0.00171443
 0.035 0.869153 -0.0393677 -0.659007 9.979389999999999e-05 -0.0417671 0.00192107
 0.04 0.955805 -0.0432925 -0.724705 0.000109733 -0.0459311 0.00211258
 0.045 1.03611 -0.04693 -0.785594 0.000118941 -0.0497904 0.00229006
 0.05 1.11055 -0.0503013 -0.842025 0.000127469 -0.0533674 0.00245456
 0.055 1.17953 -0.0534259 -0.894326 0.000135367 -0.0566825 0.002607
 0.06 1.24347 -0.0563218 -0.942797 0.000142681 -0.0597551 0.00274828
 0.065 1.30273 -0.0590058 -0.98772 0.000149451 -0.06260300000000001 0.00287922
 0.07000000000000001 1.35765 -0.0614933 -1.02935 0.000155719 -0.06524240000000001 0.00300056
 0.075 1.40856 -0.06379890000000001 -1.06794 0.000161519 -0.06768879999999999 0.00311301
 0.08 1.45574 -0.0659357 -1.1037 0.000166885 -0.0699562 0.00321722
 0.08500000000000001 1.49947 -0.06791609999999999 -1.13684 0.000171848 -0.07205780000000001 0.00331379
 0.09 1.54 -0.0697516 -1.16755 0.000176437 -0.0740056 0.00340328
 0.095 1.57756 -0.0714528 -1.19602 0.000180679 -0.07581110000000001 0.00348621
 0.1 1.61238 -0.0730296 -1.2224 0.000184598 -0.0774845 0.00356306
 0.105 1.64465 -0.0744909 -1.24684 0.000188217 -0.0790356 0.00363427
 0.11 1.67457 -0.07584539999999999 -1.2695 0.000191558 -0.0804733 0.00370025
 0.115 1.70229 -0.07710069999999999 -1.29049 0.000194641 -0.0818059 0.00376139
 0.12 1.72799 -0.07826429999999999 -1.30995 0.000197481 -0.0830412 0.00381804
 0.125 1.75181 -0.0793427 -1.32798 0.000200098 -0.0841862 0.00387052
 0.13 1.77389 -0.0803422 -1.34468 0.000202507 -0.08524760000000001 0.00391914
 0.135 1.79436 -0.0812686 -1.36016 0.000204723 -0.0862315 0.00396419
 0.14 1.81333 -0.0821273 -1.37451 0.000206759 -0.0871436 0.00400592
 0.145 1.83091 -0.0829231 -1.3878 0.000208627 -0.0879891 0.00404458
 0.15 1.84721 -0.08366079999999999 -1.40012 0.00021034 -0.0887729 0.00408039
 0.155 1.86232 -0.08434460000000001 -1.41153 0.000211908 -0.0894996 0.00411355
 0.16 1.87633 -0.08497830000000001 -1.42211 0.000213341 -0.0901733 0.00414427
 0.165 1.88781 -0.0842658 -1.43413 0.000275298 -0.0908013 0.00416352
 0.17 1.90015 -0.0848715 -1.44338 0.00027335 -0.0913929 0.00418885
 0.175 1.91154 -0.0854466 -1.45187 0.000270666 -0.09194049999999999 0.00421184
 0.18 1.92202 -0.0859718 -1.45969 0.000268485 -0.0924456 0.0042331
 0.185 1.93173 -0.0864587 -1.46692 0.00026644 -0.09291389999999999 0.00425277
 0.19 1.94074 -0.08691 -1.47363 0.000264521 -0.09334820000000001 0.00427098
 0.195 1.94909 -0.0873283 -1.47984 0.000262717 -0.093751 0.00428783
 0.2 1.95683 -0.08771610000000001 -1.48559 0.00026102 -0.0941246 0.00430342
 0.205 1.96401 -0.0880756 -1.49091 0.000259421 -0.09447120000000001 0.00431784
 0.21 1.97067 -0.0884088 -1.49585 0.000257912 -0.0947926 0.00433117
 0.215 1.97685 -0.0887177 -1.50041 0.000256486 -0.09509090000000001 0.0043435
 0.22 1.98258 -0.0890041 -1.50464 0.000255137 -0.0953676 0.0043549
 0.225 1.98632 -0.08792750000000001 -1.51086 0.000316811 -0.0956277 0.00435629
 0.23 1.99156 -0.0882389 -1.51464 0.000312261 -0.0958782 0.00436505
 0.235 1.99636 -0.0885412 -1.51808 0.000307165 -0.0961099 0.00437267
 0.24 2.00074 -0.0888138 -1.52119 0.000302738 -0.0963222 0.00437967
 0.245 2.0048 -0.0890664 -1.52408 0.000298603 -0.0965193 0.00438612
 0.25 2.00857 -0.0893007 -1.52675 0.00029474 -0.09670239999999999 0.00439207
 0.255 2.01206 -0.0895179 -1.52922 0.000291127 -0.0968724 0.00439754
 0.26 2.01531 -0.0897193 -1.5315 0.000287746 -0.0970303 0.00440258
 0.265 2.01833 -0.089906 -1.53361 0.00028458 -0.0971771 0.00440721
 0.27 2.02113 -0.0900791 -1.53556 0.000281611 -0.09731339999999999 0.00441147
 0.275 2.02203 -0.0887985 -1.53985 0.00034678 -0.0974438 0.00440593
 0.28 2.02478 -0.08901920000000001 -1.54169 0.000340501 -0.097575 0.0044085
 0.285 2.02727 -0.0892379 -1.54331 0.000333755 -0.0976958 0.00441032
 0.29 2.0295 -0.0894322 -1.54475 0.000327825 -0.0978053 0.00441194
 0.295 2.03157 -0.08961239999999999 -1.54607 0.000322292 -0.0979071 0.00441339
 0.3 2.03349 -0.0897795 -1.54729 0.000317126 -0.0980018 0.0044147
 0.305 2.03528 -0.0899344 -1.54841 0.000312301 -0.0980901 0.00441587
 0.31 2.03695 -0.09007809999999999 -1.54945 0.000307791 -0.0981723 0.00441691
 0.315 2.03686 -0.088835 -1.55279 0.000368813 -0.0982523 0.00440918
 0.32 2.03862 -0.08902740000000001 -1.55382 0.000361343 -0.0983363 0.00440902
 0.325 2.0402 -0.0892196 -1.55471 0.000353517 -0.09841370000000001 0.00440832
 0.33 2.04159 -0.08938980000000001 -1.55546 0.000346559 -0.098483 0.0044076
 0.335 2.04288 -0.08954769999999999 -1.55615 0.00034007 -0.0985477 0.00440688
 0.34 2.04409 -0.0896941 -1.55679 0.000334014 -0.09860819999999999 0.00440616
 0.345 2.04521 -0.0898299 -1.55737 0.00032836 -0.09866469999999999 0.00440545
 0.35 2.04465 -0.0886091 -1.56024 0.00038724 -0.0987208 0.00439663
 0.355 2.04593 -0.0887935 -1.56088 0.00037883 -0.09878240000000001 0.00439497
 0.36 2.04708 -0.08897819999999999 -1.5614 0.000370137 -0.0988392 0.00439287
 0.365 2.04807 -0.0891417 -1.56182 0.000362366 -0.09888959999999999 0.00439085
 0.37 2.04899 -0.08929339999999999 -1.56219 0.000355119 -0.09893680000000001 0.00438892
 0.375 2.04986 -0.089434 -1.56254 0.000348357 -0.098981 0.00438708
 0.38 2.05066 -0.0895644 -1.56285 0.000342046 -0.0990226 0.00438532
 0.385 2.04966 -0.0882241 -1.56568 0.000406139 -0.09906520000000001 0.00437522
 0.39 2.05072 -0.08841110000000001 -1.56611 0.000396795 -0.0991156 0.00437257
 0.395 2.05164 -0.08859889999999999 -1.56642 0.000387172 -0.0991616 0.00436949
 0.4 2.05241 -0.0887642 -1.56664 0.00037858 -0.0992017 0.00436653
 0.405 2.05313 -0.0889175 -1.56682 0.000370569 -0.09923940000000001 0.00436374
 0.41 2.05381 -0.0890596 -1.56699 0.000363097 -0.0992748 0.00436109
 0.415 2.05278 -0.0878184 -1.56955 0.000422251 -0.0993116 0.00435106
 0.42 2.05369 -0.0880108 -1.56984 0.000412124 -0.09935579999999999 0.00434768
 0.425 2.05449 -0.0882032 -1.57003 0.000401808 -0.0993964 0.00434395
 0.43 2.05516 -0.0883736 -1.57014 0.000392542 -0.0994317 0.00434039
 0.435 2.05578 -0.0885315 -1.57022 0.000383904 -0.0994651 0.00433703
 0.44 2.05637 -0.08867800000000001 -1.5703 0.000375849 -0.0994965 0.00433386
 0.445 2.05517 -0.08736960000000001 -1.57291 0.000438258 -0.0995299 0.00432335
 0.45 2.05604 -0.08757040000000001 -1.57314 0.000427384 -0.0995717 0.00431945
 0.455 2.05678 -0.0877711 -1.57325 0.000416331 -0.0996099 0.00431519
 0.46 2.05739 -0.08794829999999999 -1.57329 0.000406408 -0.0996428 0.00431112
 0.465 2.05797 -0.0881127 -1.57331 0.000397161 -0.0996739 0.00430729
 0.47 2.05851 -0.0882651 -1.57332 0.000388539 -0.09970329999999999 0.00430368
 0.475 2.05715 -0.0868785 -1.57604 0.000454903 -0.09973509999999999 0.00429278
 0.48 2.05801 -0.0870899 -1.57623 0.00044325 -0.0997765 0.00428843
 0.485 2.05875 -0.0873009 -1.57631 0.000431423 -0.099814 0.00428369
 0.49 2.05933 -0.087487 -1.5763 0.000420818 -0.0998459 0.00427917
 0.495 2.05989 -0.0876595 -1.57627 0.000410936 -0.0998761 0.00427491
 0.5 2.05872 -0.0864574 -1.57868 0.000468437 -0.099908 0.00426463
 0.505 2.05954 -0.0866768 -1.5788 0.000456156 -0.0999481 0.00425982
 0.51 2.06025 -0.08689429999999999 -1.57884 0.000443818 -0.0999849 0.00425471
 0.515 2.06083 -0.08708780000000001 -1.5788 0.000432679 -0.100017 0.00424985
 0.52 2.06138 -0.0872672 -1.57875 0.000422301 -0.100047 0.00424528
 0.525 2.06016 -0.0860389 -1.5812 0.000481308 -0.100079 0.00423496
 0.53 2.06099 -0.08626639999999999 -1.58131 0.000468467 -0.10012 0.00422983
 0.535 2.0617 -0.086492 -1.58133 0.000455584 -0.100157 0.0042244
 0.54 2.06228 -0.08669250000000001 -1.58127 0.000443954 -0.100189 0.00421923
 0.545 2.06284 -0.08687839999999999 -1.58121 0.00043312 -0.100219 0.00421437
 0.55 2.06155 -0.08560570000000001 -1.58375 0.000494589 -0.100252 0.004204
 0.555 2.0624 -0.0858424 -1.58385 0.000481165 -0.100293 0.00419859
 0.5600000000000001 2.06313 -0.08607670000000001 -1.58386 0.000467705 -0.100331 0.00419283
 0.5649999999999999 2.06372 -0.0862849 -1.58378 0.000455563 -0.100364 0.00418735
 0.57 2.06428 -0.0864779 -1.5837 0.000444253 -0.100395 0.0041822
 0.575 2.06293 -0.0851616 -1.58634 0.000508205 -0.100428 0.00417185
 0.58 2.0638 -0.085408 -1.58644 0.000494176 -0.100471 0.00416613
 0.585 2.06455 -0.0856517 -1.58644 0.00048012 -0.10051 0.00416004
 0.59 2.06516 -0.0858681 -1.58636 0.000467447 -0.100543 0.00415425
 0.595 2.06573 -0.08606850000000001 -1.58626 0.000455645 -0.100575 0.00414881
 0.6 2.06432 -0.0847112 -1.58899 0.000522012 -0.100609 0.00413853
 0.605 2.06523 -0.0849675 -1.5891 0.000507366 -0.100654 0.0041325
 0.61 2.066 -0.08522100000000001 -1.58909 0.000492701 -0.100694 0.00412609
 0.615 2.06662 -0.0854457 -1.58899 0.000479487 -0.100728 0.00411998
 0.62 2.06554 -0.0843551 -1.59127 0.000532694 -0.100764 0.00411031
 0.625 2.0664 -0.0846179 -1.59133 0.000517557 -0.100807 0.00410386
 0.63 2.06716 -0.0848758 -1.5913 0.000502552 -0.100847 0.00409717
 0.635 2.0678 -0.0851069 -1.5912 0.000488934 -0.100882 0.00409082
 0.64 2.06672 -0.08402129999999999 -1.59348 0.000542157 -0.100919 0.00408131
 0.645 2.0676 -0.08429 -1.59354 0.000526637 -0.100963 0.00407464
 0.65 2.06838 -0.0845535 -1.5935 0.000511269 -0.101004 0.00406773
 0.655 2.06903 -0.08478960000000001 -1.59339 0.000497317 -0.10104 0.00406117
 0.66 2.06792 -0.0836847 -1.59574 0.000551823 -0.101077 0.00405181
 0.665 2.06882 -0.0839596 -1.59579 0.000535907 -0.101122 0.00404493
 0.67 2.06962 -0.0842291 -1.59575 0.000520149 -0.101164 0.00403778
 0.675 2.07028 -0.08447060000000001 -1.59564 0.000505847 -0.1012 0.00403101
 0.68 2.06914 -0.0833453 -1.59804 0.00056171 -0.101238 0.00402181
 0.6850000000000001 2.07007 -0.0836268 -1.5981 0.000545379 -0.101285 0.00401471
 0.6899999999999999 2.07088 -0.0839027 -1.59806 0.000529212 -0.101327 0.00400733
 0.695 2.07155 -0.0841498 -1.59794 0.000514544 -0.101364 0.00400032
 0.7 2.07039 -0.0830055 -1.6004 0.000571725 -0.101403 0.00399132
 0.705 2.07134 -0.0832938 -1.60046 0.000554964 -0.101451 0.00398398
 0.71 2.07217 -0.08357630000000001 -1.60042 0.000538376 -0.101494 0.00397635
 0.715 2.07285 -0.08382920000000001 -1.6003 0.00052333 -0.101532 0.00396911
 0.72 2.07166 -0.0826674 -1.60281 0.000581782 -0.101571 0.00396032
 0.725 2.07263 -0.0829626 -1.60287 0.000564584 -0.10162 0.00395275
 0.73 2.07348 -0.0832518 -1.60283 0.000547566 -0.101665 0.00394487
 0.735 2.07418 -0.0835106 -1.60271 0.000532136 -0.101703 0.00393738
 0.74 2.07296 -0.08233260000000001 -1.60527 0.000591813 -0.101744 0.00392884
 0.745 2.07396 -0.08263479999999999 -1.60534 0.000574172 -0.101793 0.00392103
 0.75 2.07482 -0.0829308 -1.6053 0.000556721 -0.101839 0.00391289
 0.755 2.07554 -0.08319550000000001 -1.60517 0.000540902 -0.101878 0.00390515
 0.76 2.07429 -0.0820027 -1.60778 0.000601762 -0.101919 0.00389689
 0.765 2.07531 -0.08231189999999999 -1.60785 0.000583678 -0.10197 0.00388884
 0.77 2.07619 -0.0826146 -1.60781 0.000565792 -0.102017 0.00388043
 0.775 2.07692 -0.08288520000000001 -1.60768 0.000549583 -0.102057 0.00387244
 0.78 2.07565 -0.081679 -1.61034 0.000611584 -0.102099 0.00386449
 0.785 2.07669 -0.0819951 -1.61041 0.000593057 -0.102151 0.00385619
 0.79 2.07758 -0.0823045 -1.61037 0.000574737 -0.102198 0.00384751
 0.795 2.07833 -0.082581 -1.61024 0.000558139 -0.102239 0.00383927
 0.8 2.07703 -0.08136259999999999 -1.61295 0.000621241 -0.102281 0.00383165
 0.805 2.07809 -0.08168549999999999 -1.61302 0.000602273 -0.102334 0.0038231
 0.8100000000000001 2.07901 -0.0820015 -1.61298 0.0005835219999999999 -0.102382 0.00381416
 0.8149999999999999 2.07976 -0.082284 -1.61284 0.000566537 -0.102424 0.00380566
 0.82 2.07844 -0.0810546 -1.6156 0.000630699 -0.102467 0.00379841
 0.825 2.07952 -0.08138430000000001 -1.61568 0.000611294 -0.102521 0.00378962
 0.83 2.08045 -0.0817068 -1.61563 0.000592115 -0.10257 0.0037804
 0.835 2.08122 -0.0819949 -1.61549 0.000574747 -0.102612 0.00377164
 0.84 2.07988 -0.08075599999999999 -1.61829 0.00063993 -0.102656 0.0037648
 0.845 2.08098 -0.0810922 -1.61838 0.000620092 -0.102712 0.00375575
 0.85 2.08193 -0.0814211 -1.61833 0.000600491 -0.102761 0.00374627
 0.855 2.08271 -0.08171489999999999 -1.61819 0.000582743 -0.102804 0.00373725
 0.86 2.08134 -0.0804675 -1.62103 0.000648907 -0.102849 0.00373083
 0.865 2.08246 -0.0808103 -1.62112 0.000628642 -0.102905 0.00372153
 0.87 2.08342 -0.08114540000000001 -1.62107 0.000608624 -0.102955 0.00371178
 0.875 2.08421 -0.0814448 -1.62092 0.000590501 -0.102999 0.0037025
 0.88 2.08282 -0.0801902 -1.62381 0.000657605 -0.103044 0.00369654
 0.885 2.08396 -0.08053929999999999 -1.6239 0.000636921 -0.103101 0.003687
 0.89 2.08494 -0.0808806 -1.62385 0.000616492 -0.103152 0.00367698
 0.895 2.08405 -0.0799909 -1.62608 0.000663924 -0.103199 0.00367004
 0.9 2.08511 -0.0803439 -1.62609 0.000642861 -0.103254 0.00365992
 0.905 2.08606 -0.0806861 -1.62601 0.000622287 -0.103304 0.00364963
 0.91 2.08688 -0.08099480000000001 -1.62586 0.000603525 -0.103349 0.00363991
 0.915 2.0855 -0.079765 -1.62875 0.000670266 -0.103395 0.00363475
 0.92 2.08666 -0.08012229999999999 -1.62884 0.000648994 -0.103453 0.00362481
 0.925 2.08766 -0.0804715 -1.62879 0.000628003 -0.103505 0.00361438
 0.93 2.08675 -0.07957980000000001 -1.63106 0.0006763300000000001 -0.103553 0.00360808
 0.9350000000000001 2.08783 -0.0799412 -1.63107 0.000654677 -0.103609 0.00359756
 0.9399999999999999 2.0888 -0.0802915 -1.63099 0.000633527 -0.10366 0.00358687
 0.945 2.08793 -0.0794311 -1.63322 0.000680445 -0.103708 0.00358073
 0.95 2.08902 -0.0797949 -1.63323 0.000658602 -0.103764 0.00357005
 0.955 2.08999 -0.0801472 -1.63315 0.0006372870000000001 -0.103816 0.00355921
 0.96 2.08912 -0.07928830000000001 -1.63539 0.000684475 -0.103864 0.00355338
 0.965 2.09022 -0.0796544 -1.63541 0.000662445 -0.103921 0.00354257
 0.97 2.0912 -0.0800091 -1.63533 0.000640948 -0.103973 0.00353159
 0.975 2.09031 -0.07914939999999999 -1.63759 0.000688542 -0.104021 0.0035261
 0.98 2.09142 -0.0795182 -1.6376 0.000666314 -0.104078 0.00351514
 0.985 2.09241 -0.0798754 -1.63752 0.000644622 -0.10413 0.00350401
 0.99 2.09152 -0.0790154 -1.6398 0.000692605 -0.10418 0.00349885
 0.995 2.09263 -0.079387 -1.63982 0.000670168 -0.104237 0.00348774
 1 2.09363 -0.0797469 -1.63974 0.000648271 -0.104289 0.00347646
 1.005 2.09273 -0.07888729999999999 -1.64204 0.000696615 -0.104339 0.00347164
 1.01 2.09385 -0.0792617 -1.64205 0.000673961 -0.104396 0.00346038
 1.015 2.09485 -0.0796244 -1.64197 0.000651852 -0.104449 0.00344892
 1.02 2.09395 -0.0787658 -1.64429 0.000700528 -0.104499 0.00344444
 1.025 2.09508 -0.07914309999999999 -1.64431 0.000677654 -0.104557 0.00343303
 1.03 2.09609 -0.0795087 -1.64423 0.0006553280000000001 -0.10461 0.00342141
 1.035 2.09517 -0.0786517 -1.64656 0.000704311 -0.10466 0.00341728
 1.04 2.09631 -0.07903200000000001 -1.64658 0.000681213 -0.104718 0.0034057
 1.045 2.09733 -0.0794004 -1.6465 0.000658669 -0.104772 0.00339391
 1.05 2.09641 -0.07854559999999999 -1.64884 0.000707935 -0.104822 0.00339013
 1.055 2.09755 -0.0789289 -1.64886 0.000684612 -0.104881 0.00337839
 1.06 2.09857 -0.0793001 -1.64878 0.0006618490000000001 -0.104934 0.00336643
 1.065 2.09764 -0.078448 -1.65114 0.000711374 -0.104985 0.00336301
 1.07 2.0988 -0.07883419999999999 -1.65116 0.000687828 -0.105044 0.0033511
 1.075 2.09982 -0.0792083 -1.65108 0.000664848 -0.105098 0.00333898
 1.08 2.09889 -0.07835930000000001 -1.65345 0.0007146089999999999 -0.105149 0.00333591
 1.085 2.10005 -0.0787484 -1.65347 0.000690841 -0.105208 0.00332384
 1.09 2.10108 -0.0791253 -1.6534 0.000667645 -0.105262 0.00331155
 1.095 2.10014 -0.07828 -1.65578 0.000717623 -0.105313 0.00330886
 1.1 2.1013 -0.0786719 -1.6558 0.000693636 -0.105373 0.00329662
 1.105 2.10234 -0.0790515 -1.65572 0.000670227 -0.105427 0.00328416
 1.11 2.10139 -0.0782103 -1.65811 0.0007203999999999999 -0.105479 0.00328184
 1.115 2.10256 -0.07860499999999999 -1.65814 0.000696198 -0.105538 0.00326945
 1.12 2.10361 -0.07898719999999999 -1.65806 0.000672581 -0.105593 0.00325682
 1.125 2.10265 -0.0781506 -1.66046 0.000722928 -0.105644 0.00325488
 1.13 2.10383 -0.07854800000000001 -1.66048 0.000698515 -0.105704 0.00324232
 1.135 2.10488 -0.0789328 -1.6604 0.000674693 -0.105759 0.00322953
 1.14 2.10392 -0.07810110000000001 -1.66281 0.000725196 -0.105811 0.00322797
 1.145 2.1051 -0.078501 -1.66284 0.000700577 -0.105871 0.00321526
 1.15 2.10615 -0.07888829999999999 -1.66276 0.000676555 -0.105926 0.00320231
 1.155 2.10518 -0.07806200000000001 -1.66518 0.000727194 -0.105978 0.00320114
 1.16 2.10637 -0.0784644 -1.6652 0.000702375 -0.106038 0.00318828
 1.165 2.10742 -0.0788541 -1.66512 0.000678158 -0.106094 0.00317516
 1.17 2.10645 -0.07803359999999999 -1.66755 0.000728913 -0.106146 0.00317439
 1.175 2.10764 -0.0784383 -1.66757 0.000703899 -0.106206 0.00316137
 1.18 2.1087 -0.0788302 -1.66749 0.000679494 -0.106262 0.0031481
 1.185 2.10772 -0.0780159 -1.66992 0.000730346 -0.106313 0.00314772
 1.19 2.10892 -0.0784229 -1.66995 0.000705144 -0.106374 0.00313456
 1.195 2.10998 -0.078817 -1.66987 0.000680556 -0.10643 0.00312113
 1.2 2.109 -0.0780092 -1.6723 0.0007314860000000001 -0.106482 0.00312116
 1.205 2.11019 -0.0784183 -1.67233 0.000706102 -0.106543 0.00310784
 1.21 2.11125 -0.07881440000000001 -1.67225 0.000681338 -0.106598 0.00309427
 1.215 2.11027 -0.0780136 -1.67469 0.000732327 -0.10665 0.0030947
 1.22 2.11147 -0.0784247 -1.67472 0.000706769 -0.106711 0.00308125
 1.225 2.11253 -0.0788227 -1.67464 0.000681835 -0.106767 0.00306752
 1.23 2.11155 -0.0780291 -1.67708 0.000732863 -0.106819 0.00306837
 1.235 2.11275 -0.0784421 -1.67711 0.000707138 -0.10688 0.00305477
 1.24 2.11381 -0.07884190000000001 -1.67703 0.000682041 -0.106936 0.00304091
 1.245 2.11283 -0.0780559 -1.67947 0.00073309 -0.106988 0.00304217
 1.25 2.11402 -0.0784706 -1.6795 0.000707205 -0.107049 0.00302843
 1.255 2.11509 -0.0788721 -1.67942 0.000681953 -0.107105 0.00301443
 1.26 2.1141 -0.078094 -1.68187 0.000733004 -0.107157 0.0030161
 1.265 2.1153 -0.07851039999999999 -1.68189 0.000706966 -0.107219 0.00300224
 1.27 2.11637 -0.07891339999999999 -1.68181 0.000681566 -0.107274 0.0029881
 1.275 2.11538 -0.0781435 -1.68426 0.000732601 -0.107327 0.00299019
 1.28 2.11658 -0.0785613 -1.68429 0.000706417 -0.107388 0.0029762
 1.285 2.11764 -0.0789658 -1.68421 0.000680877 -0.107444 0.00296193
 1.29 2.11665 -0.07820439999999999 -1.68665 0.000731877 -0.107496 0.00296443
 1.295 2.11785 -0.0786236 -1.68668 0.000705557 -0.107557 0.00295032
 1.3 2.11892 -0.0790293 -1.6866 0.000679883 -0.107613 0.00293593
 1.305 2.11792 -0.07827679999999999 -1.68905 0.000730829 -0.107665 0.00293885
 1.31 2.11912 -0.07869719999999999 -1.68907 0.00070438 -0.107726 0.00292462
 1.315 2.12019 -0.07910399999999999 -1.68899 0.0006785819999999999 -0.107782 0.0029101
 1.32 2.11919 -0.0783605 -1.69144 0.0007294549999999999 -0.107834 0.00291344
 1.325 2.12039 -0.078782 -1.69146 0.000702886 -0.107895 0.00289909
 1.33 2.12146 -0.07918989999999999 -1.69138 0.000676971 -0.107951 0.00288447
 1.335 2.12046 -0.07845580000000001 -1.69383 0.000727753 -0.108002 0.00288822
 1.34 2.12166 -0.0788782 -1.69385 0.000701072 -0.108063 0.00287376
 1.345 2.12272 -0.079287 -1.69377 0.000675049 -0.108119 0.00285903
 1.35 2.12173 -0.0785624 -1.69621 0.000725721 -0.108171 0.00286319
 1.355 2.12292 -0.0789856 -1.69623 0.000698937 -0.108232 0.00284863
 1.36 2.12399 -0.0793951 -1.69615 0.000672815 -0.108287 0.00283379
 1.365 2.12299 -0.0786804 -1.69859 0.000723358 -0.108339 0.00283837
 1.37 2.12418 -0.0791042 -1.69861 0.00069648 -0.1084 0.00282371
 1.375 2.12524 -0.0795143 -1.69853 0.000670266 -0.108455 0.00280877
 1.38 2.12425 -0.0788097 -1.70096 0.000720662 -0.108507 0.00281375
 1.385 2.12544 -0.079234 -1.70098 0.000693699 -0.108567 0.00279901
 1.39 2.1265 -0.0796446 -1.7009 0.000667404 -0.108623 0.00278398
 1.395 2.1255 -0.0789502 -1.70333 0.000717633 -0.108674 0.00278936
 1.4 2.12669 -0.0793749 -1.70335 0.000690595 -0.108734 0.00277453
 1.405 2.12774 -0.0797858 -1.70327 0.000664226 -0.10879 0.00275941
 1.41 2.12675 -0.0791019 -1.70568 0.000714271 -0.108841 0.00276519
 1.415 2.12793 -0.07952679999999999 -1.70571 0.000687167 -0.108901 0.00275028
 1.42 2.12898 -0.07993790000000001 -1.70562 0.000660734 -0.108956 0.00273508
 1.425 2.12799 -0.0792646 -1.70803 0.000710577 -0.109007 0.00274126
 1.43 2.12917 -0.0796895 -1.70806 0.000683415 -0.109067 0.00272627
 1.435 2.13022 -0.0801007 -1.70797 0.000656928 -0.109122 0.002711
 1.44 2.12923 -0.0794383 -1.71037 0.000706549 -0.109173 0.00271757
 1.445 2.1304 -0.07986310000000001 -1.71039 0.000679341 -0.109232 0.00270251
 1.45 2.13145 -0.0802741 -1.71031 0.000652809 -0.109287 0.00268717
 1.455 2.13046 -0.0796227 -1.7127 0.00070219 -0.109337 0.00269412
 1.46 2.13163 -0.0800473 -1.71272 0.000674945 -0.109397 0.002679
 1.465 2.13267 -0.0804581 -1.71264 0.000648377 -0.109451 0.0026636
 1.47 2.13169 -0.07981779999999999 -1.71502 0.000697501 -0.109502 0.00267092
 1.475 2.13285 -0.08024199999999999 -1.71504 0.0006702290000000001 -0.109561 0.00265574
 1.48 2.13388 -0.0806524 -1.71496 0.000643635 -0.109615 0.00264029
 1.485 2.1329 -0.0800235 -1.71732 0.000692483 -0.109665 0.00264799
 1.49 2.13406 -0.08044709999999999 -1.71734 0.000665194 -0.109724 0.00263276
 1.495 2.13509 -0.0808569 -1.71726 0.000638585 -0.109777 0.00261725
 1.5 2.13412 -0.0802394 -1.71962 0.000687139 -0.109827 0.00262531
 1.505 2.13526 -0.08066230000000001 -1.71964 0.000659843 -0.109886 0.00261004
 1.51 2.13629 -0.0810714 -1.71955 0.000633228 -0.109939 0.00259449
 1.515 2.13532 -0.0804655 -1.72189 0.00068147 -0.109989 0.0026029
 1.52 2.13646 -0.0808875 -1.72191 0.0006541780000000001 -0.110047 0.00258759
 1.525 2.13748 -0.0812958 -1.72183 0.000627568 -0.1101 0.00257201
 1.53 2.13651 -0.0807015 -1.72416 0.00067548 -0.110149 0.00258077
 1.535 2.13765 -0.0811225 -1.72418 0.000648203 -0.110207 0.00256543
 1.54 2.13866 -0.0815297 -1.72409 0.000621606 -0.11026 0.00254982
 1.545 2.1377 -0.0809472 -1.7264 0.000669171 -0.110309 0.00255891
 1.55 2.13883 -0.08136699999999999 -1.72642 0.000641919 -0.110366 0.00254354
 1.555 2.13984 -0.0817732 -1.72634 0.000615348 -0.110419 0.00252792
 1.56 2.13888 -0.0812025 -1.72863 0.000662548 -0.110467 0.00253733
 1.565 2.14 -0.0816209 -1.72865 0.000635331 -0.110524 0.00252195
 1.57 2.141 -0.08202569999999999 -1.72857 0.000608796 -0.110576 0.00250631
 1.575 2.14005 -0.081467 -1.73085 0.000655613 -0.110625 0.00251604
 1.58 2.14116 -0.0818839 -1.73086 0.000628444 -0.110681 0.00250064
 1.585 2.14215 -0.08228729999999999 -1.73078 0.000601954 -0.110733 0.002485
 1.59 2.14121 -0.08174049999999999 -1.73304 0.000648372 -0.110781 0.00249503
 1.595 2.14231 -0.0821558 -1.73306 0.00062126 -0.110837 0.00247963
 1.6 2.1433 -0.08255750000000001 -1.73298 0.000594828 -0.110888 0.00246399
 1.605 2.14236 -0.0820227 -1.73522 0.000640828 -0.110936 0.00247431
 1.61 2.14345 -0.0824362 -1.73523 0.000613785 -0.110991 0.00245892
 1.615 2.14443 -0.0828362 -1.73515 0.000587421 -0.111042 0.00244329
 1.62 2.1435 -0.0823135 -1.73737 0.000632987 -0.111089 0.00245389
 1.625 2.14458 -0.08272500000000001 -1.73739 0.000606024 -0.111144 0.0024385
 1.63 2.14555 -0.083123 -1.73731 0.000579739 -0.111195 0.00242289
 1.635 2.14639 -0.083481 -1.73715 0.000555834 -0.111239 0.00240823
 1.64 2.14491 -0.0826847 -1.74006 0.000623285 -0.111285 0.00242789
 1.645 2.14607 -0.0830938 -1.74016 0.000596573 -0.111342 0.00241322
 1.65 2.14706 -0.0834936 -1.74011 0.000570182 -0.111394 0.00239773
 1.655 2.1461 -0.0829737 -1.74235 0.000616722 -0.11144 0.00240966
 1.66 2.14716 -0.08338329999999999 -1.74237 0.000589784 -0.111494 0.00239424
 1.665 2.14812 -0.0837799 -1.74229 0.000563498 -0.111544 0.00237855
 1.67 2.14894 -0.0841364 -1.74213 0.000539604 -0.111588 0.00236382
 1.675 2.14749 -0.0833786 -1.74498 0.000605549 -0.111632 0.00238412
 1.68 2.14862 -0.0837847 -1.74507 0.000578923 -0.111689 0.00236939
 1.685 2.14959 -0.0841816 -1.74502 0.000552624 -0.111739 0.00235387
 1.69 2.1504 -0.08453529999999999 -1.74486 0.000528853 -0.111782 0.00233916
 1.695 2.14892 -0.08377709999999999 -1.74773 0.000595714 -0.111826 0.00236052
 1.7 2.15004 -0.0841821 -1.74782 0.000569112 -0.111882 0.00234579
 1.705 2.15101 -0.0845781 -1.74777 0.000542815 -0.111932 0.00233024
 1.71 2.15181 -0.08493100000000001 -1.74761 0.000519055 -0.111974 0.00231549
 1.715 2.15034 -0.0841952 -1.75044 0.000584959 -0.112018 0.00233714
 1.72 2.15144 -0.0845984 -1.75053 0.00055842 -0.112073 0.00232237
 1.725 2.1524 -0.0849926 -1.75048 0.000532188 -0.112122 0.00230681
 1.73 2.15319 -0.0853438 -1.75032 0.000508484 -0.112164 0.00229207
 1.735 2.15174 -0.0846324 -1.7531 0.000573237 -0.112207 0.0023139
 1.74 2.15283 -0.08503280000000001 -1.75318 0.000546816 -0.112261 0.00229914
 1.745 2.15377 -0.08542429999999999 -1.75313 0.000520707 -0.11231 0.00228361
 1.75 2.15455 -0.0857733 -1.75298 0.000497111 -0.112351 0.0022689
 1.755 2.15313 -0.08508590000000001 -1.75571 0.000560681 -0.112393 0.00229091
 1.76 2.15419 -0.0854828 -1.75579 0.000534429 -0.112447 0.00227618
 1.765 2.15511 -0.0858709 -1.75574 0.000508491 -0.112494 0.00226071
 1.77 2.15588 -0.0862169 -1.75558 0.000485046 -0.112535 0.00224608
 1.775 2.15449 -0.0855532 -1.75826 0.00054741 -0.112577 0.00226821
 1.78 2.15553 -0.08594599999999999 -1.75834 0.0005213699999999999 -0.112629 0.00225355
 1.785 2.15644 -0.08633010000000001 -1.75829 0.000495645 -0.112676 0.00223817
 1.79 2.1572 -0.0866726 -1.75813 0.000472388 -0.112716 0.00222364
 1.795 2.15583 -0.0860322 -1.76076 0.000533521 -0.112757 0.00224588
 1.8 2.15685 -0.08642039999999999 -1.76083 0.000507731 -0.112808 0.00223131
 1.805 2.15774 -0.0867999 -1.76078 0.000482255 -0.112854 0.00221605
 1.81 2.15849 -0.08713849999999999 -1.76063 0.00045922 -0.112893 0.00220164
 1.815 2.15714 -0.0865211 -1.76321 0.000519092 -0.112934 0.00222395
 1.82 2.15814 -0.0869042 -1.76327 0.0004935850000000001 -0.112984 0.00220949
 1.825 2.15902 -0.0872788 -1.76322 0.00046839 -0.113029 0.00219437
 1.83 2.15976 -0.0876131 -1.76308 0.000445607 -0.113068 0.0021801
 1.835 2.15844 -0.0870184 -1.7656 0.000504186 -0.113107 0.00220244
 1.84 2.15942 -0.087396 -1.76566 0.000478993 -0.113156 0.00218811
 1.845 2.16028 -0.0877652 -1.76561 0.000454109 -0.1132 0.00217315
 1.85 2.161 -0.0880947 -1.76547 0.000431604 -0.113238 0.00215905
 1.855 2.15971 -0.08752260000000001 -1.76793 0.000488857 -0.113277 0.00218138
 1.86 2.16066 -0.08789429999999999 -1.76799 0.000464005 -0.113325 0.0021672
 1.865 2.16151 -0.08825769999999999 -1.76794 0.000439459 -0.113368 0.00215242
 1.87 2.16221 -0.0885823 -1.7678 0.000417258 -0.113406 0.00213849
 1.875 2.16096 -0.08803229999999999 -1.77021 0.000473151 -0.113443 0.00216076
 1.88 2.16189 -0.0883978 -1.77026 0.000448667 -0.11349 0.00214676
 1.885 2.16271 -0.08875520000000001 -1.77021 0.000424485 -0.113533 0.00213217
 1.89 2.16341 -0.0890743 -1.77008 0.000402609 -0.113569 0.00211844
 1.895 2.16218 -0.0885464 -1.77243 0.000457107 -0.113606 0.00214061
 1.9 2.16309 -0.08890530000000001 -1.77247 0.000433016 -0.113652 0.00212679
 1.905 2.16389 -0.0892563 -1.77243 0.000409222 -0.113693 0.00211242
 1.91 2.16457 -0.0895698 -1.77229 0.000387696 -0.113729 0.0020989
 1.915 2.16338 -0.0890637 -1.77458 0.000440764 -0.113765 0.00212092
 1.92 2.16426 -0.0894156 -1.77463 0.000417089 -0.11381 0.0021073
 1.925 2.16505 -0.0897599 -1.77458 0.000393707 -0.11385 0.00209316
 1.93 2.16571 -0.09006749999999999 -1.77445 0.000372551 -0.113885 0.00207987
 1.935 2.16455 -0.089583 -1.77668 0.000424154 -0.11392 0.0021017
 1.94 2.16541 -0.0899277 -1.77672 0.000400918 -0.113964 0.00208829
 1.945 2.16618 -0.0902649 -1.77667 0.000377972 -0.114003 0.00207439
 1.95 2.16683 -0.09056640000000001 -1.77655 0.000357206 -0.114037 0.00206135
 1.955 2.16744 -0.0908432 -1.77642 0.000338047 -0.114069 0.00204925
 1.96 2.1659 -0.0901955 -1.7791 0.000404859 -0.114103 0.00207923
 1.965 2.16679 -0.0905319 -1.77919 0.000382269 -0.114147 0.00206664
 1.97 2.16756 -0.0908643 -1.77917 0.00035967 -0.114186 0.0020531
 1.975 2.16819 -0.091159 -1.77905 0.00033933 -0.11422 0.0020403
 1.98 2.16878 -0.0914296 -1.77892 0.000320564 -0.114251 0.00202842
 1.985 2.16726 -0.09080050000000001 -1.78155 0.000386394 -0.114283 0.00205858
 1.99 2.16812 -0.09113010000000001 -1.78164 0.000364223 -0.114326 0.00204618
 1.995 2.16887 -0.091456 -1.78162 0.000342028 -0.114364 0.00203286
 2 2.16948 -0.0917449 -1.7815 0.000322051 -0.114396 0.00202027
 2.005 2.17006 -0.0920102 -1.78138 0.000303622 -0.114427 0.0020086
 2.01 2.16859 -0.0914166 -1.78391 0.00036683 -0.114458 0.00203805
 2.015 2.16942 -0.091738 -1.78399 0.000345154 -0.114499 0.00202585
 2.02 2.17014 -0.0920559 -1.78397 0.000323463 -0.114536 0.0020128
 2.025 2.17073 -0.092338 -1.78385 0.000303932 -0.114567 0.00200049
 2.03 2.17129 -0.092597 -1.78373 0.000285913 -0.114596 0.00198907
 2.035 2.16989 -0.09203939999999999 -1.78615 0.00034632 -0.114627 0.00201768
 2.04 2.17068 -0.0923514 -1.78623 0.000325224 -0.114666 0.00200573
 2.045 2.17137 -0.0926601 -1.7862 0.000304122 -0.114701 0.00199301
 2.05 2.17195 -0.09293419999999999 -1.78609 0.000285111 -0.114731 0.00198102
 2.055 2.17249 -0.093186 -1.78598 0.000267572 -0.11476 0.00196991
 2.06 2.17115 -0.09266340000000001 -1.78829 0.000325134 -0.114789 0.00199761
 2.065 2.17191 -0.09296509999999999 -1.78836 0.000304688 -0.114827 0.00198596
 2.07 2.17257 -0.0932637 -1.78833 0.000284241 -0.114861 0.00197361
 2.075 2.17312 -0.0935291 -1.78823 0.000265812 -0.114889 0.00196199
 2.08 2.17364 -0.0937728 -1.78812 0.000248811 -0.114917 0.00195122
 2.085 2.17413 -0.0939965 -1.78801 0.000233132 -0.114942 0.00194123
 2.09 2.17254 -0.09336700000000001 -1.79061 0.000301219 -0.11497 0.00197512
 2.095 2.1733 -0.0936569 -1.79072 0.000281639 -0.115007 0.0019643
 2.1 2.17395 -0.0939464 -1.79071 0.000261823 -0.11504 0.00195245
 2.105 2.17447 -0.09420199999999999 -1.79061 0.000244047 -0.115068 0.00194123
 2.11 2.17497 -0.0944368 -1.79051 0.000227648 -0.115094 0.00193083
 2.115 2.17544 -0.09465229999999999 -1.79041 0.000212525 -0.115118 0.00192118
 2.12 2.17391 -0.0940607 -1.79289 0.000277511 -0.115144 0.00195406
 2.125 2.17463 -0.0943391 -1.79298 0.000258669 -0.11518 0.00194357
 2.13 2.17524 -0.0946173 -1.79298 0.000239594 -0.115211 0.00193213
 2.135 2.17575 -0.09486319999999999 -1.79288 0.000222474 -0.115237 0.00192133
 2.14 2.17622 -0.0950891 -1.79279 0.00020668 -0.115262 0.00191131
 2.145 2.17666 -0.09529650000000001 -1.79269 0.000192113 -0.115285 0.00190203
 2.15 2.17524 -0.0947553 -1.795 0.00025261 -0.11531 0.00193306
 2.155 2.17591 -0.0950203 -1.79509 0.000234619 -0.115343 0.00192295
 2.16 2.17649 -0.0952853 -1.79508 0.000216418 -0.115372 0.001912
 2.165 2.17696 -0.0955199 -1.79499 0.000200068 -0.115397 0.00190169
 2.17 2.17741 -0.0957355 -1.7949 0.000184983 -0.11542 0.00189214
 2.175 2.17783 -0.0959334 -1.79481 0.000171069 -0.115443 0.00188327
 2.18 2.17823 -0.09611500000000001 -1.79472 0.000158241 -0.115463 0.00187506
 2.185 2.17665 -0.09551419999999999 -1.79718 0.000224793 -0.115486 0.00191003
 2.19 2.1773 -0.0957636 -1.79729 0.000207907 -0.115518 0.00190075
 2.195 2.17786 -0.09601519999999999 -1.79729 0.000190635 -0.115546 0.00189044
 2.2 2.1783 -0.0962368 -1.79721 0.000175178 -0.115569 0.00188069
 2.205 2.17872 -0.0964404 -1.79713 0.000160916 -0.115591 0.00187166
 2.21 2.17911 -0.09662750000000001 -1.79705 0.000147759 -0.115611 0.00186329
 2.215 2.17948 -0.0967991 -1.79696 0.000135628 -0.115631 0.00185552
 2.22 2.17803 -0.0962571 -1.79922 0.000196642 -0.115651 0.00188801
 2.225 2.17862 -0.0964901 -1.79931 0.000180821 -0.11568 0.0018792
 2.23 2.17913 -0.0967254 -1.79931 0.000164644 -0.115706 0.00186952
 2.235 2.17955 -0.09693309999999999 -1.79924 0.000150151 -0.115728 0.00186039
 2.24 2.17993 -0.097124 -1.79917 0.000136776 -0.115748 0.00185194
 2.245 2.1803 -0.09729939999999999 -1.7991 0.000124437 -0.115767 0.0018441
 2.25 2.18064 -0.09746050000000001 -1.79902 0.000113056 -0.115785 0.00183683
 2.255 2.18097 -0.09760820000000001 -1.79894 0.000102564 -0.115802 0.00183009
 2.26 2.17947 -0.0970492 -1.80121 0.000165304 -0.11582 0.00186412
 2.265 2.18002 -0.0972625 -1.80131 0.00015084 -0.115847 0.00185618
 2.27 2.18049 -0.09747980000000001 -1.80132 0.000135907 -0.115871 0.00184728
 2.275 2.18086 -0.09767099999999999 -1.80126 0.000122563 -0.11589 0.00183889
 2.28 2.18122 -0.0978468 -1.8012 0.000110247 -0.115909 0.00183112
 2.285 2.18155 -0.0980085 -1.80113 9.88812e-05 -0.115926 0.00182392
 2.29 2.18186 -0.09815690000000001 -1.80107 8.839630000000001e-05 -0.115942 0.00181724
 2.295 2.18215 -0.0982932 -1.801 7.87267e-05 -0.115957 0.00181104
 2.3 2.18243 -0.0984183 -1.80093 6.981149999999999e-05 -0.115972 0.0018053
 2.305 2.18269 -0.098533 -1.80086 6.15948e-05 -0.115986 0.00179998
 2.31 2.18105 -0.09791759999999999 -1.80325 0.000129926 -0.116001 0.00183779
 2.315 2.18156 -0.0981079 -1.80338 0.000117095 -0.116026 0.00183099
 2.32 2.18199 -0.0983049 -1.8034 0.000103593 -0.116047 0.00182304
 2.325 2.18232 -0.098477 -1.80335 9.159770000000001e-05 -0.116064 0.00181552
 2.33 2.18263 -0.0986354 -1.8033 8.05215e-05 -0.11608 0.00180855
 2.335 2.18292 -0.0987811 -1.80325 7.02961e-05 -0.116095 0.00180209
 2.34 2.18319 -0.098915 -1.80319 6.08583e-05 -0.11611 0.0017961
 2.345 2.18345 -0.09903820000000001 -1.80314 5.21493e-05 -0.116123 0.00179055
 2.35 2.18369 -0.0991513 -1.80308 4.41148e-05 -0.116136 0.0017854
 2.355 2.18391 -0.0992552 -1.80303 3.67044e-05 -0.116147 0.00178063
 2.36 2.18413 -0.0993506 -1.80297 2.98715e-05 -0.116159 0.00177621
 2.365 2.18433 -0.0994381 -1.80292 2.35727e-05 -0.116169 0.00177211
 2.37 2.18452 -0.0995182 -1.80286 1.7768e-05 -0.116179 0.00176831
 2.375 2.18284 -0.09888660000000001 -1.80524 8.74802e-05 -0.116191 0.00180756
 2.38 2.18327 -0.09904689999999999 -1.80537 7.67402e-05 -0.116212 0.00180206
 2.385 2.18364 -0.0992164 -1.80541 6.51766e-05 -0.11623 0.00179535
 2.39 2.18391 -0.09936349999999999 -1.80537 5.49618e-05 -0.116244 0.00178898
 2.395 2.18416 -0.09949909999999999 -1.80534 4.55224e-05 -0.116257 0.00178308
 2.4 2.1844 -0.099624 -1.8053 3.68007e-05 -0.11627 0.00177761
 2.405 2.18462 -0.0997391 -1.80526 2.8743e-05 -0.116281 0.00177254
 2.41 2.18483 -0.0998452 -1.80523 2.12994e-05 -0.116292 0.00176784
 2.415 2.18502 -0.0999428 -1.80519 1.44232e-05 -0.116302 0.00176348
 2.42 2.18521 -0.100033 -1.80515 8.07314e-06 -0.116312 0.00175944
 2.425 2.18538 -0.100116 -1.80512 2.20874e-06 -0.116321 0.0017557
 2.43 2.18554 -0.100192 -1.80508 -3.20676e-06 -0.116329 0.00175223
 2.435 2.18569 -0.100262 -1.80505 -8.20647e-06 -0.116337 0.00174901
 2.44 2.18583 -0.100326 -1.80501 -1.2822e-05 -0.116344 0.00174603
 2.445 2.18597 -0.100386 -1.80498 -1.70824e-05 -0.116351 0.00174327
 2.45 2.18609 -0.10044 -1.80494 -2.1015e-05 -0.116358 0.00174071
 2.455 2.18621 -0.10049 -1.80491 -2.46447e-05 -0.116364 0.00173833
 2.46 2.18632 -0.100536 -1.80487 -2.79949e-05 -0.11637 0.00173613
 2.465 2.18642 -0.100579 -1.80484 -3.10871e-05 -0.116375 0.0017341
 2.47 2.18652 -0.100618 -1.80481 -3.39412e-05 -0.11638 0.00173221
 2.475 2.18661 -0.100654 -1.80478 -3.65758e-05 -0.116385 0.00173045
 2.48 2.18669 -0.100687 -1.80475 -3.90081e-05 -0.116389 0.00172883
 2.485 2.18677 -0.100717 -1.80473 -4.1254e-05 -0.116393 0.00172733
 2.49 2.18684 -0.100745 -1.8047 -4.33283e-05 -0.116397 0.00172593
 2.495 2.18691 -0.100771 -1.80467 -4.52445e-05 -0.116401 0.00172464
 2.5 2.18698 -0.100794 -1.80465 -4.70154e-05 -0.116404 0.00172344
 2.505 2.18704 -0.100816 -1.80463 -4.86528e-05 -0.116407 0.00172233
 2.51 2.18709 -0.100836 -1.8046 -5.01678e-05 -0.11641 0.0017213
 2.515 2.18715 -0.100855 -1.80458 -5.1571e-05 -0.116413 0.00172035
 2.52 2.18719 -0.100872 -1.80457 -5.28702e-05 -0.116416 0.00171947
 2.525 2.18724 -0.100888 -1.80455 -5.40738e-05 -0.116418 0.00171865
 2.53 2.18728 -0.100903 -1.80453 -5.51974e-05 -0.11642 0.00171789
 2.535 2.18732 -0.100918 -1.80452 -5.6273e-05 -0.116422 0.00171716
 2.54 2.18736 -0.100932 -1.8045 -5.7312e-05 -0.116424 0.00171647
 2.545 2.18739 -0.100946 -1.80449 -5.832e-05 -0.116426 0.00171581
 2.55 2.18585 -0.0995785 -1.80657 4.09033e-05 -0.11643 0.0017452
 2.555 2.1861 -0.0997117 -1.8067 3.24836e-05 -0.116443 0.00174169
 2.56 2.1863 -0.0998685 -1.80677 2.25395e-05 -0.116453 0.00173677
 2.565 2.18643 -0.100005 -1.80677 1.38747e-05 -0.11646 0.00173213
 2.57 2.18655 -0.100133 -1.80678 5.74709e-06 -0.116467 0.00172779
 2.575 2.18667 -0.100253 -1.80679 -1.89261e-06 -0.116473 0.00172371
 2.58 2.18677 -0.100366 -1.80679 -9.09028e-06 -0.116479 0.00171988
 2.585 2.18688 -0.100474 -1.8068 -1.58884e-05 -0.116484 0.00171627
 2.59 2.18697 -0.100575 -1.80681 -2.23263e-05 -0.11649 0.00171286
 2.595 2.18729 -0.0973378 -1.80673 0.000122286 -0.116496 0.00167657
 2.6 2.18739 -0.0976018 -1.80675 0.00010661 -0.116504 0.00166978
 2.605 2.18746 -0.09790169999999999 -1.80675 8.89954e-05 -0.11651 0.00166226
 2.61 2.18751 -0.0981691 -1.80674 7.33106e-05 -0.116515 0.0016555
 2.615 2.18757 -0.0984201 -1.80673 5.85861e-05 -0.11652 0.00164915
 2.62 2.18762 -0.0986561 -1.80673 4.47413e-05 -0.116524 0.00164316
 2.625 2.18811 -0.09503200000000001 -1.8064 0.000201401 -0.11653 0.00159454
 2.63 2.18817 -0.09543550000000001 -1.80641 0.000178114 -0.116537 0.00158512
 2.635 2.18819 -0.0958717 -1.8064 0.000153033 -0.116543 0.00157506
 2.64 2.1882 -0.09626460000000001 -1.80638 0.000130459 -0.116547 0.00156595
 2.645 2.1886 -0.09329610000000001 -1.80606 0.000256227 -0.116552 0.00151976
 2.65 2.18862 -0.0938097 -1.80605 0.000226849 -0.116558 0.00150817
 2.655 2.1886 -0.09434090000000001 -1.80603 0.000196521 -0.116563 0.00149625
 2.66 2.18858 -0.0948248 -1.806 0.000168904 -0.116567 0.00148534
 2.665 2.18902 -0.0915078 -1.80564 0.000309054 -0.116572 0.00143257
 2.67 2.18902 -0.0921227 -1.80562 0.000274043 -0.116579 0.00141893
 2.675 2.18898 -0.092755 -1.80559 0.000238088 -0.116584 0.00140496
 2.68 2.18932 -0.0900605 -1.80526 0.000349397 -0.116588 0.00135531
 2.685 2.18929 -0.0907644 -1.80523 0.000309427 -0.116594 0.00133985
 2.69 2.18923 -0.0914722 -1.80519 0.000269264 -0.116599 0.00132433
 2.695 2.18959 -0.0886314 -1.80483 0.000386208 -0.116604 0.00127073
 2.7 2.18954 -0.0894142 -1.8048 0.00034183 -0.11661 0.00125363
 2.705 2.18947 -0.090199 -1.80476 0.000297369 -0.116615 0.0012365
 2.71 2.18984 -0.0871402 -1.80437 0.000423138 -0.11662 0.0011782
 2.715 2.18979 -0.0880039 -1.80434 0.000374237 -0.116627 0.00115939
 2.72 2.18971 -0.0888684 -1.80428 0.000325313 -0.116632 0.00114059
 2.725 2.1901 -0.08558880000000001 -1.80386 0.000460008 -0.116637 0.00107745
 2.73 2.19004 -0.0865359 -1.80383 0.000406444 -0.116645 0.00105687
 2.735 2.18995 -0.0874825 -1.80377 0.000352925 -0.11665 0.00103633
 2.74 2.19036 -0.0839859 -1.80332 0.0004963670000000001 -0.116655 0.000968336
 2.745 2.1903 -0.0850182 -1.80328 0.000438032 -0.116664 0.000945933
 2.75 2.19056 -0.08282829999999999 -1.80293 0.000521896 -0.11667 0.000887407
 2.755 2.19045 -0.0839353 -1.80287 0.000459391 -0.116677 0.000863444
 2.76 2.1907 -0.08179740000000001 -1.80251 0.000540394 -0.116683 0.00080382
 2.765 2.19058 -0.0829585 -1.80244 0.000474872 -0.116689 0.000778697
 2.77 2.19083 -0.08075649999999999 -1.80207 0.000558156 -0.116695 0.000716721
 2.775 2.19071 -0.0819704 -1.802 0.000489683 -0.116703 0.000690456
 2.78 2.19097 -0.0796945 -1.80161 0.0005756859999999999 -0.116709 0.000625992
 2.785 2.19084 -0.0809618 -1.80154 0.000504225 -0.116717 0.000598568
 2.79 2.19111 -0.0786123 -1.80113 0.000592923 -0.116723 0.000531597
 2.795 2.19098 -0.0799339 -1.80106 0.000518439 -0.116731 0.000502996
 2.8 2.19125 -0.07751230000000001 -1.80064 0.000609768 -0.116738 0.000433512
 2.805 2.19112 -0.0788885 -1.80057 0.000532232 -0.116746 0.000403721
 2.81 2.1914 -0.0763962 -1.80014 0.00062613 -0.116753 0.000331724
 2.815 2.19126 -0.0778276 -1.80006 0.000545522 -0.116762 0.000300731
 2.82 2.19155 -0.075266 -1.79962 0.0006419350000000001 -0.116769 0.000226225
 2.825 2.1914 -0.07675269999999999 -1.79954 0.000558239 -0.116778 0.000194021
 2.83 2.1917 -0.07412299999999999 -1.79908 0.000657116 -0.116785 0.000117011
 2.835 2.19155 -0.0756653 -1.799 0.000570325 -0.116795 8.359060000000001e-05
 2.84 2.19185 -0.0729688 -1.79852 0.0006716200000000001 -0.116802 4.08492e-06
 2.845 2.1917 -0.0745668 -1.79844 0.000581731 -0.116812 -3.05563e-05
 2.85 2.192 -0.0718046 -1.79795 0.0006854 -0.11682 -0.000112547
 2.855 2.19185 -0.0734583 -1.79786 0.000592416 -0.11683 -0.000148411
 2.86 2.19215 -0.0706315 -1.79736 0.0006984200000000001 -0.116838 -0.000232874
 2.865 2.192 -0.0723408 -1.79727 0.000602346 -0.116848 -0.000269963
 2.87 2.19231 -0.0694505 -1.79675 0.000710649 -0.116856 -0.000356882
 2.875 2.19215 -0.0712153 -1.79667 0.000611493 -0.116867 -0.000395196
 2.88 2.19247 -0.06826260000000001 -1.79613 0.000722059 -0.116875 -0.000484556
 2.885 2.1923 -0.0700827 -1.79604 0.000619835 -0.116886 -0.000524092
 2.89 2.19262 -0.06706860000000001 -1.79549 0.000732632 -0.116895 -0.000615876
 2.895 2.19245 -0.0689438 -1.7954 0.000627355 -0.116906 -0.000656632
 2.9 2.19278 -0.0658692 -1.79484 0.00074235 -0.116914 -0.00075082
 2.905 2.1926 -0.06779930000000001 -1.79475 0.000634038 -0.116926 -0.000792791
 2.91 2.19294 -0.0646653 -1.79417 0.000751202 -0.116935 -0.000889363
 2.915 2.19275 -0.06665 -1.79407 0.000639875 -0.116947 -0.000932546
 2.92 2.19309 -0.0634575 -1.79348 0.000759177 -0.116956 -0.00103148
 2.925 2.19291 -0.0654964 -1.79338 0.000644859 -0.116968 -0.00107587
 2.93 2.19325 -0.0622465 -1.79278 0.000766271 -0.116977 -0.00117714
 2.935 2.19306 -0.0643391 -1.79268 0.000648984 -0.11699 -0.00122273
 2.94 2.1934 -0.0610327 -1.79206 0.0007724780000000001 -0.116999 -0.00132632
 2.945 2.19321 -0.06317879999999999 -1.79196 0.0006522500000000001 -0.117012 -0.0013731
 2.95 2.19356 -0.059817 -1.79133 0.000777797 -0.117021 -0.00147898
 2.955 2.19336 -0.062016 -1.79122 0.000654654 -0.117034 -0.00152694
 2.96 2.19371 -0.0585997 -1.79058 0.000782228 -0.117043 -0.00163509
 2.965 2.19351 -0.0608512 -1.79047 0.0006562 -0.117057 -0.00168423
 2.97 2.19387 -0.0573813 -1.78982 0.000785772 -0.117066 -0.00179461
 2.975 2.19366 -0.059685 -1.78971 0.000656889 -0.11708 -0.00184492
 2.98 2.19402 -0.0561625 -1.78904 0.000788434 -0.11709 -0.00195752
 2.985 2.19417 -0.0553116 -1.78864 0.000799625 -0.117104 -0.00204463
 2.99 2.19398 -0.0577607 -1.78855 0.000662715 -0.11712 -0.00209822
 2.995 2.19428 -0.0544203 -1.78786 0.000785683 -0.117128 -0.00221103
 3 2.19441 -0.0535856 -1.78745 0.000795563 -0.117142 -0.00230032
 3.005 2.19421 -0.0561034 -1.78735 0.000654903 -0.117158 -0.00235545
 3.01 2.1945 -0.0526903 -1.78664 0.000780704 -0.117165 -0.00247118
 3.015 2.19464 -0.0518442 -1.78622 0.000790555 -0.117179 -0.00256286
 3.02 2.19443 -0.0544318 -1.78611 0.000646098 -0.117196 -0.00261957
 3.025 2.19473 -0.0509469 -1.78539 0.000774718 -0.117203 -0.00273822
 3.03 2.19487 -0.050091 -1.78495 0.00078449 -0.117218 -0.00283226
 3.035 2.19499 -0.0495578 -1.78455 0.000778913 -0.117234 -0.00292585
 3.04 2.19504 -0.0490369 -1.78411 0.000772801 -0.117246 -0.00301935
 3.045 2.19508 -0.0485128 -1.78366 0.000766725 -0.117258 -0.00311345
 3.05 2.19512 -0.0479846 -1.7832 0.000760723 -0.11727 -0.0032082
 3.055 2.19516 -0.0474523 -1.78274 0.000754783 -0.117282 -0.00330361
 3.06 2.19521 -0.0469164 -1.78228 0.0007488869999999999 -0.117294 -0.00339969
 3.065 2.19525 -0.0463772 -1.78182 0.000743019 -0.117307 -0.00349642
 3.07 2.1953 -0.0458351 -1.78136 0.000737163 -0.117319 -0.00359383
 3.075 2.19535 -0.0452904 -1.78089 0.000731306 -0.117331 -0.00369189
 3.08 2.1954 -0.0447435 -1.78042 0.000725433 -0.117344 -0.00379062
 3.085 2.19545 -0.0441945 -1.77995 0.000719535 -0.117357 -0.00389001
 3.09 2.1955 -0.0436438 -1.77948 0.000713598 -0.117369 -0.00399006
 3.095 2.19555 -0.0430916 -1.779 0.000707615 -0.117382 -0.00409077
 3.1 2.1956 -0.0425382 -1.77852 0.000701575 -0.117395 -0.00419213
 3.105 2.19565 -0.0419838 -1.77804 0.000695469 -0.117408 -0.00429415
 3.11 2.1957 -0.0414285 -1.77755 0.000689292 -0.11742 -0.00439681
 3.115 2.19575 -0.0408726 -1.77707 0.000683034 -0.117433 -0.00450012
 3.12 2.1958 -0.0403163 -1.77658 0.000676691 -0.117446 -0.00460407
 3.125 2.19585 -0.0397598 -1.77608 0.000670256 -0.117459 -0.00470866
 3.13 2.19591 -0.0392032 -1.77559 0.000663724 -0.117472 -0.00481389
 3.135 2.19596 -0.0386466 -1.77509 0.00065709 -0.117485 -0.00491974
 3.14 2.19601 -0.0380903 -1.77459 0.000650349 -0.117499 -0.00502622
 3.145 2.19606 -0.0375343 -1.77409 0.000643499 -0.117512 -0.00513332
 3.15 2.19611 -0.0369788 -1.77358 0.000636536 -0.117525 -0.00524104
 3.155 2.19616 -0.036424 -1.77308 0.000629455 -0.117538 -0.00534936
 3.16 2.19621 -0.0358699 -1.77257 0.0006222550000000001 -0.117551 -0.00545829
 3.165 2.19626 -0.0353167 -1.77205 0.000614933 -0.117564 -0.00556782
 3.17 2.19631 -0.0347644 -1.77154 0.000607487 -0.117577 -0.00567794
 3.175 2.19636 -0.0342132 -1.77102 0.000599914 -0.117591 -0.00578865
 3.18 2.19641 -0.0336632 -1.7705 0.000592214 -0.117604 -0.00589994
 3.185 2.19646 -0.0331145 -1.76998 0.000584384 -0.117617 -0.0060118
 3.19 2.19651 -0.0325672 -1.76945 0.000576423 -0.11763 -0.00612424
 3.195 2.19655 -0.0320213 -1.76893 0.00056833 -0.117643 -0.00623723
 3.2 2.1966 -0.031477 -1.7684 0.000560105 -0.117657 -0.00635078
 3.205 2.19664 -0.0309343 -1.76787 0.000551746 -0.11767 -0.00646488
 3.21 2.19669 -0.0303933 -1.76733 0.000543252 -0.117683 -0.00657953
 3.215 2.19673 -0.0298541 -1.7668 0.0005346250000000001 -0.117696 -0.0066947
 3.22 2.19678 -0.0293168 -1.76626 0.000525861 -0.117709 -0.00681041
 3.225 2.19682 -0.0287813 -1.76572 0.0005169629999999999 -0.117722 -0.00692664
 3.23 2.19498 -0.0278721 -1.76381 0.000513674 -0.117642 -0.00708083
 3.235 1.65344 0.146393 -1.01595 -0.00719508 -0.0834337 -0.013592
 3.24 0.0560019 0.653371 1.17987 -0.0299074 0.0172179 -0.0325936
 3.245 -0.0339413 0.649015 1.14446 -0.0271057 0.0195198 -0.0357051
 3.25 -0.391978 0.699037 1.31122 -0.0236061 0.0353318 -0.0441031
 3.255 -0.469264 0.694634 1.28019 -0.0211829 0.0373376 -0.0468032
 3.26 -0.826653 0.746811 1.45996 -0.0180057 0.0534849 -0.0550212
 3.265 -0.889022 0.735225 1.4311 -0.0163469 0.0550976 -0.056737
 3.27 -1.22512 0.766552 1.60892 -0.0146857 0.0706416 -0.0628309
 3.275 -1.27785 0.763086 1.58282 -0.0128122 0.0719701 -0.0649044
 3.28 -1.60017 0.813638 1.75839 -0.0101478 0.086949 -0.0722921
 3.285 -1.64907 0.8111120000000001 1.73875 -0.00853811 0.08832950000000001 -0.0742075
 3.29 -1.97612 0.8648670000000001 1.92663 -0.00608995 0.103845 -0.08173619999999999
 3.295 -1.98725 0.870274 1.89074 -0.00411236 0.103529 -0.0838662
 3.3 -2.22666 0.95717 2.03396 0.000363947 0.11485 -0.093221
 3.305 -2.31581 0.988897 2.0683 0.00277588 0.118743 -0.0974409
 3.31 -2.54148 1.03409 2.21269 0.00447208 0.12985 -0.103009
 3.315 -2.67047 1.058 2.28524 0.00576163 0.136057 -0.106482
 3.32 -2.91133 1.10881 2.44562 0.00751683 0.148054 -0.112443
 3.325 -2.7616 1.08575 2.32191 0.00799339 0.140246 -0.110762
 3.33 -2.47977 1.0692 2.12852 0.00883742 0.126167 -0.108279
 3.335 -2.18866 1.02698 1.90982 0.00896664 0.111318 -0.104141
 3.34 -1.96077 1.02716 1.76354 0.0100565 0.100125 -0.102942
 3.345 -1.76862 0.99163 1.59635 0.0105737 0.08987290000000001 -0.100271
 3.35 -1.7949 1.03671 1.59718 0.0137401 0.090707 -0.10486
 3.355 -1.63109 1.00364 1.45099 0.0141515 0.0819 -0.102455
 3.36 -1.68596 1.05572 1.47699 0.0173183 0.084261 -0.10757
 3.365 -1.54152 1.02595 1.34861 0.017644 0.0765253 -0.105383
 3.37 -1.83012 1.16398 1.89265 0.00953526 0.0969708 -0.107841
 3.375 -2.20807 1.32747 3.14814 -0.0249317 0.133529 -0.0930078
 3.38 -2.07393 1.30284 3.21391 -0.0323706 0.129628 -0.0854887
 3.385 -2.32113 1.44181 4.12277 -0.057128 0.155034 -0.07544820000000001
 3.39 -2.36736 1.40404 4.28067 -0.0563314 0.158427 -0.0713095
 3.395 -3.17576 1.52441 5.62876 -0.0618221 0.209568 -0.06856370000000001
 3.4 -3.0878 1.50641 5.65916 -0.06596490000000001 0.20655 -0.0638809
 3.405 -3.45709 1.66727 6.59061 -0.0850712 0.236339 -0.0582856
 3.41 -3.33507 1.60047 6.50541 -0.0832194 0.229924 -0.054518
 3.415 -3.78066 1.66218 7.43172 -0.08778320000000001 0.261791 -0.0506684
 3.42 -3.5894 1.62033 7.28285 -0.0912197 0.252261 -0.0462331
 3.425 -3.70958 1.72829 7.87516 -0.111196 0.267965 -0.039026
 3.43 -3.45971 1.67326 7.63721 -0.112212 0.254777 -0.035395
 3.435 -3.5135 1.74164 8.01061 -0.126907 0.263932 -0.0296658
 3.44 -3.2838 1.68248 7.71785 -0.126998 0.250339 -0.0267964
 3.445 -3.43908 1.78826 8.288209999999999 -0.144698 0.266848 -0.020918
 3.45 -3.03111 1.64498 7.55439 -0.134717 0.238431 -0.020322
 3.455 -2.68308 1.5308 7.01896 -0.126877 0.216038 -0.0192225
 3.46 -2.45213 1.47855 6.9585 -0.123952 0.207132 -0.0165178
 3.465 -2.59366 1.45665 7.10175 -0.119094 0.214073 -0.0164281
 3.47 -3.5637 1.52754 7.87681 -0.111438 0.259896 -0.0216867
 3.475 -3.64093 1.58353 8.4102 -0.11141 0.272988 -0.0209177
 3.48 -3.78267 1.55818 8.393359999999999 -0.105035 0.276774 -0.0225738
 3.485 -4.9324 1.69692 9.549329999999999 -0.09988950000000001 0.336229 -0.0285319
 3.49 -4.51599 1.62833 8.91136 -0.0921685 0.309761 -0.0307186
 3.495 -4.32941 1.70443 8.69191 -0.0827547 0.298996 -0.0392632
 3.5 -3.95858 1.63724 8.118779999999999 -0.0762263 0.275388 -0.0407228
 3.505 -3.81986 1.71759 7.96775 -0.0678869 0.267651 -0.04873
 3.51 -3.48861 1.65176 7.4512 -0.0623858 0.246524 -0.0495795
 3.515 -3.39142 1.73575 7.35941 -0.0549771 0.241409 -0.0571305
 3.52 -2.97285 1.60531 6.86855 -0.0547205 0.218124 -0.0517295
 3.525 -2.55708 1.50173 6.76258 -0.0608313 0.202769 -0.0421721
 3.53 -2.21298 1.38167 6.14118 -0.056908 0.179171 -0.0401843
 3.535 -1.89376 1.27117 5.56534 -0.053237 0.157305 -0.0383593
 3.54 -1.59762 1.16948 5.0317 -0.0498022 0.137043 -0.0366845
 3.545 -1.32291 1.0759 4.53719 -0.0465888 0.118269 -0.0351484
 3.55 -1.02996 0.99461 4.18721 -0.045812 0.101913 -0.0321088
 3.555 -0.682149 0.929579 4.0795 -0.049533 0.0888186 -0.0260441
 3.56 -0.580718 0.87759 3.87398 -0.0474911 0.0813477 -0.0248075
 3.565 -0.845494 0.903467 4.41907 -0.0497326 0.100546 -0.0218961
 3.57 -1.30463 0.948551 5.0782 -0.0506592 0.128246 -0.0203462
 3.575 -2.0444 0.986446 5.62408 -0.046288 0.162989 -0.0221483
 3.58 -2.70796 1.03648 6.65407 -0.049889 0.205613 -0.0179182
 3.585 -2.99424 1.07926 7.33846 -0.0539178 0.228559 -0.0146132
 3.59 -2.81729 1.05042 7.22509 -0.0534345 0.221549 -0.0136891
 3.595 -2.54853 1.02127 7.10278 -0.0541019 0.211385 -0.0121726
 3.6 -2.87708 0.974421 7.1126 -0.0508636 0.221658 -0.0117228
 3.605 -2.64211 0.934662 6.87158 -0.0501352 0.209867 -0.0109806
 3.61 -2.26229 0.86425 6.32617 -0.0481989 0.186809 -0.0107635
 3.615 -1.97689 0.786345 5.81087 -0.0460416 0.167216 -0.0101652
 3.62 -2.08441 0.778176 5.87964 -0.0444167 0.172625 -0.009910469999999999
 3.625 -3.01885 0.885181 7.20311 -0.04558 0.231291 -0.00803455
 3.63 -2.67998 0.815246 6.61043 -0.0429512 0.208189 -0.008636939999999999
 3.635 -2.32578 0.745879 6.00083 -0.0403715 0.184204 -0.00930367
 3.64 -2.04655 0.698505 5.53087 -0.0378879 0.165623 -0.0102939
 3.645 -2.35221 0.752032 5.9169 -0.0353205 0.183865 -0.0118852
 3.65 -3.86705 0.92164 7.85312 -0.0295767 0.273927 -0.0113963
 3.655 -4.76755 0.963351 9.01018 -0.0182298 0.329832 -0.009112790000000001
 3.66 -4.47336 0.87312 8.69617 -0.0199405 0.31414 -0.00406842
 3.665 -4.68255 0.79798 8.934670000000001 -0.0238068 0.325499 0.00858913
 3.67 -4.66623 0.770821 8.97175 -0.0195537 0.327195 0.008317929999999999
 3.675 -5.13465 0.787909 9.82124 -0.0124672 0.36298 0.00983852
 3.68 -4.94322 0.732308 9.53571 -0.0129101 0.35088 0.0124364
 3.685 -5.16763 0.708398 10.0046 -0.0155935 0.368298 0.0219652


