# Created by Octave 3.8.2, Mon May 25 09:46:06 2015 CST <waldronluo@Debian>
# name: approachSig
# type: matrix
# rows: 788
# columns: 7
 0 0.0375657 -0.00170152 -0.0284831 4.31391e-06 -0.00180521 8.30314e-05
 0.005 0.185079 -0.00838305 -0.140331 2.12538e-05 -0.00889393 0.00040908
 0.01 0.321796 -0.0145756 -0.243993 3.69539e-05 -0.0154638 0.000711265
 0.015 0.448506 -0.0203148 -0.340067 5.15049e-05 -0.0215529 0.000991334
 0.02 0.5659419999999999 -0.0256341 -0.42911 6.49904e-05 -0.0271963 0.0012509
 0.025 0.6747840000000001 -0.030564 -0.511636 7.74867e-05 -0.0324266 0.00149147
 0.03 0.77566 -0.0351331 -0.588121 8.90656e-05 -0.0372742 0.00171443
 0.035 0.869153 -0.0393677 -0.659007 9.979389999999999e-05 -0.0417671 0.00192107
 0.04 0.955805 -0.0432925 -0.724705 0.000109733 -0.0459311 0.00211258
 0.045 1.03611 -0.04693 -0.785594 0.000118941 -0.0497904 0.00229006
 0.05 1.11055 -0.0503013 -0.842025 0.000127469 -0.0533674 0.00245456
 0.055 1.17953 -0.0534259 -0.894326 0.000135367 -0.0566825 0.002607
 0.06 1.24347 -0.0563218 -0.942797 0.000142681 -0.0597551 0.00274828
 0.065 1.30273 -0.0590058 -0.98772 0.000149451 -0.06260300000000001 0.00287922
 0.07000000000000001 1.35765 -0.0614933 -1.02935 0.000155719 -0.06524240000000001 0.00300056
 0.075 1.40856 -0.06379890000000001 -1.06794 0.000161519 -0.06768879999999999 0.00311301
 0.08 1.45574 -0.0659357 -1.1037 0.000166885 -0.0699562 0.00321722
 0.08500000000000001 1.49947 -0.06791609999999999 -1.13684 0.000171848 -0.07205780000000001 0.00331379
 0.09 1.54 -0.0697516 -1.16755 0.000176437 -0.0740056 0.00340328
 0.095 1.57756 -0.0714528 -1.19602 0.000180679 -0.07581110000000001 0.00348621
 0.1 1.61238 -0.0730296 -1.2224 0.000184598 -0.0774845 0.00356306
 0.105 1.64465 -0.0744909 -1.24684 0.000188217 -0.0790356 0.00363427
 0.11 1.67457 -0.07584539999999999 -1.2695 0.000191558 -0.0804733 0.00370025
 0.115 1.70229 -0.07710069999999999 -1.29049 0.000194641 -0.0818059 0.00376139
 0.12 1.72799 -0.07826429999999999 -1.30995 0.000197481 -0.0830412 0.00381804
 0.125 1.75181 -0.0793427 -1.32798 0.000200098 -0.0841862 0.00387052
 0.13 1.77389 -0.0803422 -1.34468 0.000202507 -0.08524760000000001 0.00391914
 0.135 1.79436 -0.0812686 -1.36016 0.000204723 -0.0862315 0.00396419
 0.14 1.81333 -0.0821273 -1.37451 0.000206759 -0.0871436 0.00400592
 0.145 1.83091 -0.0829231 -1.3878 0.000208627 -0.0879891 0.00404458
 0.15 1.84721 -0.08366079999999999 -1.40012 0.00021034 -0.0887729 0.00408039
 0.155 1.86232 -0.08434460000000001 -1.41153 0.000211908 -0.0894996 0.00411355
 0.16 1.87633 -0.08497830000000001 -1.42211 0.000213341 -0.0901733 0.00414427
 0.165 1.88781 -0.0842658 -1.43413 0.000275298 -0.0908013 0.00416352
 0.17 1.90015 -0.0848715 -1.44338 0.00027335 -0.0913929 0.00418885
 0.175 1.91154 -0.0854466 -1.45187 0.000270666 -0.09194049999999999 0.00421184
 0.18 1.92202 -0.0859718 -1.45969 0.000268485 -0.0924456 0.0042331
 0.185 1.93173 -0.0864587 -1.46692 0.00026644 -0.09291389999999999 0.00425277
 0.19 1.94074 -0.08691 -1.47363 0.000264521 -0.09334820000000001 0.00427098
 0.195 1.94909 -0.0873283 -1.47984 0.000262717 -0.093751 0.00428783
 0.2 1.95683 -0.08771610000000001 -1.48559 0.00026102 -0.0941246 0.00430342
 0.205 1.96401 -0.0880756 -1.49091 0.000259421 -0.09447120000000001 0.00431784
 0.21 1.97067 -0.0884088 -1.49585 0.000257912 -0.0947926 0.00433117
 0.215 1.97685 -0.0887177 -1.50041 0.000256486 -0.09509090000000001 0.0043435
 0.22 1.98258 -0.0890041 -1.50464 0.000255137 -0.0953676 0.0043549
 0.225 1.98632 -0.08792750000000001 -1.51086 0.000316811 -0.0956277 0.00435629
 0.23 1.99156 -0.0882389 -1.51464 0.000312261 -0.0958782 0.00436505
 0.235 1.99636 -0.0885412 -1.51808 0.000307165 -0.0961099 0.00437267
 0.24 2.00074 -0.0888138 -1.52119 0.000302738 -0.0963222 0.00437967
 0.245 2.0048 -0.0890664 -1.52408 0.000298603 -0.0965193 0.00438612
 0.25 2.00857 -0.0893007 -1.52675 0.00029474 -0.09670239999999999 0.00439207
 0.255 2.01206 -0.0895179 -1.52922 0.000291127 -0.0968724 0.00439754
 0.26 2.01531 -0.0897193 -1.5315 0.000287746 -0.0970303 0.00440258
 0.265 2.01833 -0.089906 -1.53361 0.00028458 -0.0971771 0.00440721
 0.27 2.02113 -0.0900791 -1.53556 0.000281611 -0.09731339999999999 0.00441147
 0.275 2.02203 -0.0887985 -1.53985 0.00034678 -0.0974438 0.00440593
 0.28 2.02478 -0.08901920000000001 -1.54169 0.000340501 -0.097575 0.0044085
 0.285 2.02727 -0.0892379 -1.54331 0.000333755 -0.0976958 0.00441032
 0.29 2.0295 -0.0894322 -1.54475 0.000327825 -0.0978053 0.00441194
 0.295 2.03157 -0.08961239999999999 -1.54607 0.000322292 -0.0979071 0.00441339
 0.3 2.03349 -0.0897795 -1.54729 0.000317126 -0.0980018 0.0044147
 0.305 2.03528 -0.0899344 -1.54841 0.000312301 -0.0980901 0.00441587
 0.31 2.03695 -0.09007809999999999 -1.54945 0.000307791 -0.0981723 0.00441691
 0.315 2.03686 -0.088835 -1.55279 0.000368813 -0.0982523 0.00440918
 0.32 2.03862 -0.08902740000000001 -1.55382 0.000361343 -0.0983363 0.00440902
 0.325 2.0402 -0.0892196 -1.55471 0.000353517 -0.09841370000000001 0.00440832
 0.33 2.04159 -0.08938980000000001 -1.55546 0.000346559 -0.098483 0.0044076
 0.335 2.04288 -0.08954769999999999 -1.55615 0.00034007 -0.0985477 0.00440688
 0.34 2.04409 -0.0896941 -1.55679 0.000334014 -0.09860819999999999 0.00440616
 0.345 2.04521 -0.0898299 -1.55737 0.00032836 -0.09866469999999999 0.00440545
 0.35 2.04465 -0.0886091 -1.56024 0.00038724 -0.0987208 0.00439663
 0.355 2.04593 -0.0887935 -1.56088 0.00037883 -0.09878240000000001 0.00439497
 0.36 2.04708 -0.08897819999999999 -1.5614 0.000370137 -0.0988392 0.00439287
 0.365 2.04807 -0.0891417 -1.56182 0.000362366 -0.09888959999999999 0.00439085
 0.37 2.04899 -0.08929339999999999 -1.56219 0.000355119 -0.09893680000000001 0.00438892
 0.375 2.04986 -0.089434 -1.56254 0.000348357 -0.098981 0.00438708
 0.38 2.05066 -0.0895644 -1.56285 0.000342046 -0.0990226 0.00438532
 0.385 2.04966 -0.0882241 -1.56568 0.000406139 -0.09906520000000001 0.00437522
 0.39 2.05072 -0.08841110000000001 -1.56611 0.000396795 -0.0991156 0.00437257
 0.395 2.05164 -0.08859889999999999 -1.56642 0.000387172 -0.0991616 0.00436949
 0.4 2.05241 -0.0887642 -1.56664 0.00037858 -0.0992017 0.00436653
 0.405 2.05313 -0.0889175 -1.56682 0.000370569 -0.09923940000000001 0.00436374
 0.41 2.05381 -0.0890596 -1.56699 0.000363097 -0.0992748 0.00436109
 0.415 2.05278 -0.0878184 -1.56955 0.000422251 -0.0993116 0.00435106
 0.42 2.05369 -0.0880108 -1.56984 0.000412124 -0.09935579999999999 0.00434768
 0.425 2.05449 -0.0882032 -1.57003 0.000401808 -0.0993964 0.00434395
 0.43 2.05516 -0.0883736 -1.57014 0.000392542 -0.0994317 0.00434039
 0.435 2.05578 -0.0885315 -1.57022 0.000383904 -0.0994651 0.00433703
 0.44 2.05637 -0.08867800000000001 -1.5703 0.000375849 -0.0994965 0.00433386
 0.445 2.05517 -0.08736960000000001 -1.57291 0.000438258 -0.0995299 0.00432335
 0.45 2.05604 -0.08757040000000001 -1.57314 0.000427384 -0.0995717 0.00431945
 0.455 2.05678 -0.0877711 -1.57325 0.000416331 -0.0996099 0.00431519
 0.46 2.05739 -0.08794829999999999 -1.57329 0.000406408 -0.0996428 0.00431112
 0.465 2.05797 -0.0881127 -1.57331 0.000397161 -0.0996739 0.00430729
 0.47 2.05851 -0.0882651 -1.57332 0.000388539 -0.09970329999999999 0.00430368
 0.475 2.05715 -0.0868785 -1.57604 0.000454903 -0.09973509999999999 0.00429278
 0.48 2.05801 -0.0870899 -1.57623 0.00044325 -0.0997765 0.00428843
 0.485 2.05875 -0.0873009 -1.57631 0.000431423 -0.099814 0.00428369
 0.49 2.05933 -0.087487 -1.5763 0.000420818 -0.0998459 0.00427917
 0.495 2.05989 -0.0876595 -1.57627 0.000410936 -0.0998761 0.00427491
 0.5 2.05872 -0.0864574 -1.57868 0.000468437 -0.099908 0.00426463
 0.505 2.05954 -0.0866768 -1.5788 0.000456156 -0.0999481 0.00425982
 0.51 2.06025 -0.08689429999999999 -1.57884 0.000443818 -0.0999849 0.00425471
 0.515 2.06083 -0.08708780000000001 -1.5788 0.000432679 -0.100017 0.00424985
 0.52 2.06138 -0.0872672 -1.57875 0.000422301 -0.100047 0.00424528
 0.525 2.06016 -0.0860389 -1.5812 0.000481308 -0.100079 0.00423496
 0.53 2.06099 -0.08626639999999999 -1.58131 0.000468467 -0.10012 0.00422983
 0.535 2.0617 -0.086492 -1.58133 0.000455584 -0.100157 0.0042244
 0.54 2.06228 -0.08669250000000001 -1.58127 0.000443954 -0.100189 0.00421923
 0.545 2.06284 -0.08687839999999999 -1.58121 0.00043312 -0.100219 0.00421437
 0.55 2.06155 -0.08560570000000001 -1.58375 0.000494589 -0.100252 0.004204
 0.555 2.0624 -0.0858424 -1.58385 0.000481165 -0.100293 0.00419859
 0.5600000000000001 2.06313 -0.08607670000000001 -1.58386 0.000467705 -0.100331 0.00419283
 0.5649999999999999 2.06372 -0.0862849 -1.58378 0.000455563 -0.100364 0.00418735
 0.57 2.06428 -0.0864779 -1.5837 0.000444253 -0.100395 0.0041822
 0.575 2.06293 -0.0851616 -1.58634 0.000508205 -0.100428 0.00417185
 0.58 2.0638 -0.085408 -1.58644 0.000494176 -0.100471 0.00416613
 0.585 2.06455 -0.0856517 -1.58644 0.00048012 -0.10051 0.00416004
 0.59 2.06516 -0.0858681 -1.58636 0.000467447 -0.100543 0.00415425
 0.595 2.06573 -0.08606850000000001 -1.58626 0.000455645 -0.100575 0.00414881
 0.6 2.06432 -0.0847112 -1.58899 0.000522012 -0.100609 0.00413853
 0.605 2.06523 -0.0849675 -1.5891 0.000507366 -0.100654 0.0041325
 0.61 2.066 -0.08522100000000001 -1.58909 0.000492701 -0.100694 0.00412609
 0.615 2.06662 -0.0854457 -1.58899 0.000479487 -0.100728 0.00411998
 0.62 2.06554 -0.0843551 -1.59127 0.000532694 -0.100764 0.00411031
 0.625 2.0664 -0.0846179 -1.59133 0.000517557 -0.100807 0.00410386
 0.63 2.06716 -0.0848758 -1.5913 0.000502552 -0.100847 0.00409717
 0.635 2.0678 -0.0851069 -1.5912 0.000488934 -0.100882 0.00409082
 0.64 2.06672 -0.08402129999999999 -1.59348 0.000542157 -0.100919 0.00408131
 0.645 2.0676 -0.08429 -1.59354 0.000526637 -0.100963 0.00407464
 0.65 2.06838 -0.0845535 -1.5935 0.000511269 -0.101004 0.00406773
 0.655 2.06903 -0.08478960000000001 -1.59339 0.000497317 -0.10104 0.00406117
 0.66 2.06792 -0.0836847 -1.59574 0.000551823 -0.101077 0.00405181
 0.665 2.06882 -0.0839596 -1.59579 0.000535907 -0.101122 0.00404493
 0.67 2.06962 -0.0842291 -1.59575 0.000520149 -0.101164 0.00403778
 0.675 2.07028 -0.08447060000000001 -1.59564 0.000505847 -0.1012 0.00403101
 0.68 2.06914 -0.0833453 -1.59804 0.00056171 -0.101238 0.00402181
 0.6850000000000001 2.07007 -0.0836268 -1.5981 0.000545379 -0.101285 0.00401471
 0.6899999999999999 2.07088 -0.0839027 -1.59806 0.000529212 -0.101327 0.00400733
 0.695 2.07155 -0.0841498 -1.59794 0.000514544 -0.101364 0.00400032
 0.7 2.07039 -0.0830055 -1.6004 0.000571725 -0.101403 0.00399132
 0.705 2.07134 -0.0832938 -1.60046 0.000554964 -0.101451 0.00398398
 0.71 2.07217 -0.08357630000000001 -1.60042 0.000538376 -0.101494 0.00397635
 0.715 2.07285 -0.08382920000000001 -1.6003 0.00052333 -0.101532 0.00396911
 0.72 2.07166 -0.0826674 -1.60281 0.000581782 -0.101571 0.00396032
 0.725 2.07263 -0.0829626 -1.60287 0.000564584 -0.10162 0.00395275
 0.73 2.07348 -0.0832518 -1.60283 0.000547566 -0.101665 0.00394487
 0.735 2.07418 -0.0835106 -1.60271 0.000532136 -0.101703 0.00393738
 0.74 2.07296 -0.08233260000000001 -1.60527 0.000591813 -0.101744 0.00392884
 0.745 2.07396 -0.08263479999999999 -1.60534 0.000574172 -0.101793 0.00392103
 0.75 2.07482 -0.0829308 -1.6053 0.000556721 -0.101839 0.00391289
 0.755 2.07554 -0.08319550000000001 -1.60517 0.000540902 -0.101878 0.00390515
 0.76 2.07429 -0.0820027 -1.60778 0.000601762 -0.101919 0.00389689
 0.765 2.07531 -0.08231189999999999 -1.60785 0.000583678 -0.10197 0.00388884
 0.77 2.07619 -0.0826146 -1.60781 0.000565792 -0.102017 0.00388043
 0.775 2.07692 -0.08288520000000001 -1.60768 0.000549583 -0.102057 0.00387244
 0.78 2.07565 -0.081679 -1.61034 0.000611584 -0.102099 0.00386449
 0.785 2.07669 -0.0819951 -1.61041 0.000593057 -0.102151 0.00385619
 0.79 2.07758 -0.0823045 -1.61037 0.000574737 -0.102198 0.00384751
 0.795 2.07833 -0.082581 -1.61024 0.000558139 -0.102239 0.00383927
 0.8 2.07703 -0.08136259999999999 -1.61295 0.000621241 -0.102281 0.00383165
 0.805 2.07809 -0.08168549999999999 -1.61302 0.000602273 -0.102334 0.0038231
 0.8100000000000001 2.07901 -0.0820015 -1.61298 0.0005835219999999999 -0.102382 0.00381416
 0.8149999999999999 2.07976 -0.082284 -1.61284 0.000566537 -0.102424 0.00380566
 0.82 2.07844 -0.0810546 -1.6156 0.000630699 -0.102467 0.00379841
 0.825 2.07952 -0.08138430000000001 -1.61568 0.000611294 -0.102521 0.00378962
 0.83 2.08045 -0.0817068 -1.61563 0.000592115 -0.10257 0.0037804
 0.835 2.08122 -0.0819949 -1.61549 0.000574747 -0.102612 0.00377164
 0.84 2.07988 -0.08075599999999999 -1.61829 0.00063993 -0.102656 0.0037648
 0.845 2.08098 -0.0810922 -1.61838 0.000620092 -0.102712 0.00375575
 0.85 2.08193 -0.0814211 -1.61833 0.000600491 -0.102761 0.00374627
 0.855 2.08271 -0.08171489999999999 -1.61819 0.000582743 -0.102804 0.00373725
 0.86 2.08134 -0.0804675 -1.62103 0.000648907 -0.102849 0.00373083
 0.865 2.08246 -0.0808103 -1.62112 0.000628642 -0.102905 0.00372153
 0.87 2.08342 -0.08114540000000001 -1.62107 0.000608624 -0.102955 0.00371178
 0.875 2.08421 -0.0814448 -1.62092 0.000590501 -0.102999 0.0037025
 0.88 2.08282 -0.0801902 -1.62381 0.000657605 -0.103044 0.00369654
 0.885 2.08396 -0.08053929999999999 -1.6239 0.000636921 -0.103101 0.003687
 0.89 2.08494 -0.0808806 -1.62385 0.000616492 -0.103152 0.00367698
 0.895 2.08405 -0.0799909 -1.62608 0.000663924 -0.103199 0.00367004
 0.9 2.08511 -0.0803439 -1.62609 0.000642861 -0.103254 0.00365992
 0.905 2.08606 -0.0806861 -1.62601 0.000622287 -0.103304 0.00364963
 0.91 2.08688 -0.08099480000000001 -1.62586 0.000603525 -0.103349 0.00363991
 0.915 2.0855 -0.079765 -1.62875 0.000670266 -0.103395 0.00363475
 0.92 2.08666 -0.08012229999999999 -1.62884 0.000648994 -0.103453 0.00362481
 0.925 2.08766 -0.0804715 -1.62879 0.000628003 -0.103505 0.00361438
 0.93 2.08675 -0.07957980000000001 -1.63106 0.0006763300000000001 -0.103553 0.00360808
 0.9350000000000001 2.08783 -0.0799412 -1.63107 0.000654677 -0.103609 0.00359756
 0.9399999999999999 2.0888 -0.0802915 -1.63099 0.000633527 -0.10366 0.00358687
 0.945 2.08793 -0.0794311 -1.63322 0.000680445 -0.103708 0.00358073
 0.95 2.08902 -0.0797949 -1.63323 0.000658602 -0.103764 0.00357005
 0.955 2.08999 -0.0801472 -1.63315 0.0006372870000000001 -0.103816 0.00355921
 0.96 2.08912 -0.07928830000000001 -1.63539 0.000684475 -0.103864 0.00355338
 0.965 2.09022 -0.0796544 -1.63541 0.000662445 -0.103921 0.00354257
 0.97 2.0912 -0.0800091 -1.63533 0.000640948 -0.103973 0.00353159
 0.975 2.09031 -0.07914939999999999 -1.63759 0.000688542 -0.104021 0.0035261
 0.98 2.09142 -0.0795182 -1.6376 0.000666314 -0.104078 0.00351514
 0.985 2.09241 -0.0798754 -1.63752 0.000644622 -0.10413 0.00350401
 0.99 2.09152 -0.0790154 -1.6398 0.000692605 -0.10418 0.00349885
 0.995 2.09263 -0.079387 -1.63982 0.000670168 -0.104237 0.00348774
 1 2.09363 -0.0797469 -1.63974 0.000648271 -0.104289 0.00347646
 1.005 2.09273 -0.07888729999999999 -1.64204 0.000696615 -0.104339 0.00347164
 1.01 2.09385 -0.0792617 -1.64205 0.000673961 -0.104396 0.00346038
 1.015 2.09485 -0.0796244 -1.64197 0.000651852 -0.104449 0.00344892
 1.02 2.09395 -0.0787658 -1.64429 0.000700528 -0.104499 0.00344444
 1.025 2.09508 -0.07914309999999999 -1.64431 0.000677654 -0.104557 0.00343303
 1.03 2.09609 -0.0795087 -1.64423 0.0006553280000000001 -0.10461 0.00342141
 1.035 2.09517 -0.0786517 -1.64656 0.000704311 -0.10466 0.00341728
 1.04 2.09631 -0.07903200000000001 -1.64658 0.000681213 -0.104718 0.0034057
 1.045 2.09733 -0.0794004 -1.6465 0.000658669 -0.104772 0.00339391
 1.05 2.09641 -0.07854559999999999 -1.64884 0.000707935 -0.104822 0.00339013
 1.055 2.09755 -0.0789289 -1.64886 0.000684612 -0.104881 0.00337839
 1.06 2.09857 -0.0793001 -1.64878 0.0006618490000000001 -0.104934 0.00336643
 1.065 2.09764 -0.078448 -1.65114 0.000711374 -0.104985 0.00336301
 1.07 2.0988 -0.07883419999999999 -1.65116 0.000687828 -0.105044 0.0033511
 1.075 2.09982 -0.0792083 -1.65108 0.000664848 -0.105098 0.00333898
 1.08 2.09889 -0.07835930000000001 -1.65345 0.0007146089999999999 -0.105149 0.00333591
 1.085 2.10005 -0.0787484 -1.65347 0.000690841 -0.105208 0.00332384
 1.09 2.10108 -0.0791253 -1.6534 0.000667645 -0.105262 0.00331155
 1.095 2.10014 -0.07828 -1.65578 0.000717623 -0.105313 0.00330886
 1.1 2.1013 -0.0786719 -1.6558 0.000693636 -0.105373 0.00329662
 1.105 2.10234 -0.0790515 -1.65572 0.000670227 -0.105427 0.00328416
 1.11 2.10139 -0.0782103 -1.65811 0.0007203999999999999 -0.105479 0.00328184
 1.115 2.10256 -0.07860499999999999 -1.65814 0.000696198 -0.105538 0.00326945
 1.12 2.10361 -0.07898719999999999 -1.65806 0.000672581 -0.105593 0.00325682
 1.125 2.10265 -0.0781506 -1.66046 0.000722928 -0.105644 0.00325488
 1.13 2.10383 -0.07854800000000001 -1.66048 0.000698515 -0.105704 0.00324232
 1.135 2.10488 -0.0789328 -1.6604 0.000674693 -0.105759 0.00322953
 1.14 2.10392 -0.07810110000000001 -1.66281 0.000725196 -0.105811 0.00322797
 1.145 2.1051 -0.078501 -1.66284 0.000700577 -0.105871 0.00321526
 1.15 2.10615 -0.07888829999999999 -1.66276 0.000676555 -0.105926 0.00320231
 1.155 2.10518 -0.07806200000000001 -1.66518 0.000727194 -0.105978 0.00320114
 1.16 2.10637 -0.0784644 -1.6652 0.000702375 -0.106038 0.00318828
 1.165 2.10742 -0.0788541 -1.66512 0.000678158 -0.106094 0.00317516
 1.17 2.10645 -0.07803359999999999 -1.66755 0.000728913 -0.106146 0.00317439
 1.175 2.10764 -0.0784383 -1.66757 0.000703899 -0.106206 0.00316137
 1.18 2.1087 -0.0788302 -1.66749 0.000679494 -0.106262 0.0031481
 1.185 2.10772 -0.0780159 -1.66992 0.000730346 -0.106313 0.00314772
 1.19 2.10892 -0.0784229 -1.66995 0.000705144 -0.106374 0.00313456
 1.195 2.10998 -0.078817 -1.66987 0.000680556 -0.10643 0.00312113
 1.2 2.109 -0.0780092 -1.6723 0.0007314860000000001 -0.106482 0.00312116
 1.205 2.11019 -0.0784183 -1.67233 0.000706102 -0.106543 0.00310784
 1.21 2.11125 -0.07881440000000001 -1.67225 0.000681338 -0.106598 0.00309427
 1.215 2.11027 -0.0780136 -1.67469 0.000732327 -0.10665 0.0030947
 1.22 2.11147 -0.0784247 -1.67472 0.000706769 -0.106711 0.00308125
 1.225 2.11253 -0.0788227 -1.67464 0.000681835 -0.106767 0.00306752
 1.23 2.11155 -0.0780291 -1.67708 0.000732863 -0.106819 0.00306837
 1.235 2.11275 -0.0784421 -1.67711 0.000707138 -0.10688 0.00305477
 1.24 2.11381 -0.07884190000000001 -1.67703 0.000682041 -0.106936 0.00304091
 1.245 2.11283 -0.0780559 -1.67947 0.00073309 -0.106988 0.00304217
 1.25 2.11402 -0.0784706 -1.6795 0.000707205 -0.107049 0.00302843
 1.255 2.11509 -0.0788721 -1.67942 0.000681953 -0.107105 0.00301443
 1.26 2.1141 -0.078094 -1.68187 0.000733004 -0.107157 0.0030161
 1.265 2.1153 -0.07851039999999999 -1.68189 0.000706966 -0.107219 0.00300224
 1.27 2.11637 -0.07891339999999999 -1.68181 0.000681566 -0.107274 0.0029881
 1.275 2.11538 -0.0781435 -1.68426 0.000732601 -0.107327 0.00299019
 1.28 2.11658 -0.0785613 -1.68429 0.000706417 -0.107388 0.0029762
 1.285 2.11764 -0.0789658 -1.68421 0.000680877 -0.107444 0.00296193
 1.29 2.11665 -0.07820439999999999 -1.68665 0.000731877 -0.107496 0.00296443
 1.295 2.11785 -0.0786236 -1.68668 0.000705557 -0.107557 0.00295032
 1.3 2.11892 -0.0790293 -1.6866 0.000679883 -0.107613 0.00293593
 1.305 2.11792 -0.07827679999999999 -1.68905 0.000730829 -0.107665 0.00293885
 1.31 2.11912 -0.07869719999999999 -1.68907 0.00070438 -0.107726 0.00292462
 1.315 2.12019 -0.07910399999999999 -1.68899 0.0006785819999999999 -0.107782 0.0029101
 1.32 2.11919 -0.0783605 -1.69144 0.0007294549999999999 -0.107834 0.00291344
 1.325 2.12039 -0.078782 -1.69146 0.000702886 -0.107895 0.00289909
 1.33 2.12146 -0.07918989999999999 -1.69138 0.000676971 -0.107951 0.00288447
 1.335 2.12046 -0.07845580000000001 -1.69383 0.000727753 -0.108002 0.00288822
 1.34 2.12166 -0.0788782 -1.69385 0.000701072 -0.108063 0.00287376
 1.345 2.12272 -0.079287 -1.69377 0.000675049 -0.108119 0.00285903
 1.35 2.12173 -0.0785624 -1.69621 0.000725721 -0.108171 0.00286319
 1.355 2.12292 -0.0789856 -1.69623 0.000698937 -0.108232 0.00284863
 1.36 2.12399 -0.0793951 -1.69615 0.000672815 -0.108287 0.00283379
 1.365 2.12299 -0.0786804 -1.69859 0.000723358 -0.108339 0.00283837
 1.37 2.12418 -0.0791042 -1.69861 0.00069648 -0.1084 0.00282371
 1.375 2.12524 -0.0795143 -1.69853 0.000670266 -0.108455 0.00280877
 1.38 2.12425 -0.0788097 -1.70096 0.000720662 -0.108507 0.00281375
 1.385 2.12544 -0.079234 -1.70098 0.000693699 -0.108567 0.00279901
 1.39 2.1265 -0.0796446 -1.7009 0.000667404 -0.108623 0.00278398
 1.395 2.1255 -0.0789502 -1.70333 0.000717633 -0.108674 0.00278936
 1.4 2.12669 -0.0793749 -1.70335 0.000690595 -0.108734 0.00277453
 1.405 2.12774 -0.0797858 -1.70327 0.000664226 -0.10879 0.00275941
 1.41 2.12675 -0.0791019 -1.70568 0.000714271 -0.108841 0.00276519
 1.415 2.12793 -0.07952679999999999 -1.70571 0.000687167 -0.108901 0.00275028
 1.42 2.12898 -0.07993790000000001 -1.70562 0.000660734 -0.108956 0.00273508
 1.425 2.12799 -0.0792646 -1.70803 0.000710577 -0.109007 0.00274126
 1.43 2.12917 -0.0796895 -1.70806 0.000683415 -0.109067 0.00272627
 1.435 2.13022 -0.0801007 -1.70797 0.000656928 -0.109122 0.002711
 1.44 2.12923 -0.0794383 -1.71037 0.000706549 -0.109173 0.00271757
 1.445 2.1304 -0.07986310000000001 -1.71039 0.000679341 -0.109232 0.00270251
 1.45 2.13145 -0.0802741 -1.71031 0.000652809 -0.109287 0.00268717
 1.455 2.13046 -0.0796227 -1.7127 0.00070219 -0.109337 0.00269412
 1.46 2.13163 -0.0800473 -1.71272 0.000674945 -0.109397 0.002679
 1.465 2.13267 -0.0804581 -1.71264 0.000648377 -0.109451 0.0026636
 1.47 2.13169 -0.07981779999999999 -1.71502 0.000697501 -0.109502 0.00267092
 1.475 2.13285 -0.08024199999999999 -1.71504 0.0006702290000000001 -0.109561 0.00265574
 1.48 2.13388 -0.0806524 -1.71496 0.000643635 -0.109615 0.00264029
 1.485 2.1329 -0.0800235 -1.71732 0.000692483 -0.109665 0.00264799
 1.49 2.13406 -0.08044709999999999 -1.71734 0.000665194 -0.109724 0.00263276
 1.495 2.13509 -0.0808569 -1.71726 0.000638585 -0.109777 0.00261725
 1.5 2.13412 -0.0802394 -1.71962 0.000687139 -0.109827 0.00262531
 1.505 2.13526 -0.08066230000000001 -1.71964 0.000659843 -0.109886 0.00261004
 1.51 2.13629 -0.0810714 -1.71955 0.000633228 -0.109939 0.00259449
 1.515 2.13532 -0.0804655 -1.72189 0.00068147 -0.109989 0.0026029
 1.52 2.13646 -0.0808875 -1.72191 0.0006541780000000001 -0.110047 0.00258759
 1.525 2.13748 -0.0812958 -1.72183 0.000627568 -0.1101 0.00257201
 1.53 2.13651 -0.0807015 -1.72416 0.00067548 -0.110149 0.00258077
 1.535 2.13765 -0.0811225 -1.72418 0.000648203 -0.110207 0.00256543
 1.54 2.13866 -0.0815297 -1.72409 0.000621606 -0.11026 0.00254982
 1.545 2.1377 -0.0809472 -1.7264 0.000669171 -0.110309 0.00255891
 1.55 2.13883 -0.08136699999999999 -1.72642 0.000641919 -0.110366 0.00254354
 1.555 2.13984 -0.0817732 -1.72634 0.000615348 -0.110419 0.00252792
 1.56 2.13888 -0.0812025 -1.72863 0.000662548 -0.110467 0.00253733
 1.565 2.14 -0.0816209 -1.72865 0.000635331 -0.110524 0.00252195
 1.57 2.141 -0.08202569999999999 -1.72857 0.000608796 -0.110576 0.00250631
 1.575 2.14005 -0.081467 -1.73085 0.000655613 -0.110625 0.00251604
 1.58 2.14116 -0.0818839 -1.73086 0.000628444 -0.110681 0.00250064
 1.585 2.14215 -0.08228729999999999 -1.73078 0.000601954 -0.110733 0.002485
 1.59 2.14121 -0.08174049999999999 -1.73304 0.000648372 -0.110781 0.00249503
 1.595 2.14231 -0.0821558 -1.73306 0.00062126 -0.110837 0.00247963
 1.6 2.1433 -0.08255750000000001 -1.73298 0.000594828 -0.110888 0.00246399
 1.605 2.14236 -0.0820227 -1.73522 0.000640828 -0.110936 0.00247431
 1.61 2.14345 -0.0824362 -1.73523 0.000613785 -0.110991 0.00245892
 1.615 2.14443 -0.0828362 -1.73515 0.000587421 -0.111042 0.00244329
 1.62 2.1435 -0.0823135 -1.73737 0.000632987 -0.111089 0.00245389
 1.625 2.14458 -0.08272500000000001 -1.73739 0.000606024 -0.111144 0.0024385
 1.63 2.14555 -0.083123 -1.73731 0.000579739 -0.111195 0.00242289
 1.635 2.14639 -0.083481 -1.73715 0.000555834 -0.111239 0.00240823
 1.64 2.14491 -0.0826847 -1.74006 0.000623285 -0.111285 0.00242789
 1.645 2.14607 -0.0830938 -1.74016 0.000596573 -0.111342 0.00241322
 1.65 2.14706 -0.0834936 -1.74011 0.000570182 -0.111394 0.00239773
 1.655 2.1461 -0.0829737 -1.74235 0.000616722 -0.11144 0.00240966
 1.66 2.14716 -0.08338329999999999 -1.74237 0.000589784 -0.111494 0.00239424
 1.665 2.14812 -0.0837799 -1.74229 0.000563498 -0.111544 0.00237855
 1.67 2.14894 -0.0841364 -1.74213 0.000539604 -0.111588 0.00236382
 1.675 2.14749 -0.0833786 -1.74498 0.000605549 -0.111632 0.00238412
 1.68 2.14862 -0.0837847 -1.74507 0.000578923 -0.111689 0.00236939
 1.685 2.14959 -0.0841816 -1.74502 0.000552624 -0.111739 0.00235387
 1.69 2.1504 -0.08453529999999999 -1.74486 0.000528853 -0.111782 0.00233916
 1.695 2.14892 -0.08377709999999999 -1.74773 0.000595714 -0.111826 0.00236052
 1.7 2.15004 -0.0841821 -1.74782 0.000569112 -0.111882 0.00234579
 1.705 2.15101 -0.0845781 -1.74777 0.000542815 -0.111932 0.00233024
 1.71 2.15181 -0.08493100000000001 -1.74761 0.000519055 -0.111974 0.00231549
 1.715 2.15034 -0.0841952 -1.75044 0.000584959 -0.112018 0.00233714
 1.72 2.15144 -0.0845984 -1.75053 0.00055842 -0.112073 0.00232237
 1.725 2.1524 -0.0849926 -1.75048 0.000532188 -0.112122 0.00230681
 1.73 2.15319 -0.0853438 -1.75032 0.000508484 -0.112164 0.00229207
 1.735 2.15174 -0.0846324 -1.7531 0.000573237 -0.112207 0.0023139
 1.74 2.15283 -0.08503280000000001 -1.75318 0.000546816 -0.112261 0.00229914
 1.745 2.15377 -0.08542429999999999 -1.75313 0.000520707 -0.11231 0.00228361
 1.75 2.15455 -0.0857733 -1.75298 0.000497111 -0.112351 0.0022689
 1.755 2.15313 -0.08508590000000001 -1.75571 0.000560681 -0.112393 0.00229091
 1.76 2.15419 -0.0854828 -1.75579 0.000534429 -0.112447 0.00227618
 1.765 2.15511 -0.0858709 -1.75574 0.000508491 -0.112494 0.00226071
 1.77 2.15588 -0.0862169 -1.75558 0.000485046 -0.112535 0.00224608
 1.775 2.15449 -0.0855532 -1.75826 0.00054741 -0.112577 0.00226821
 1.78 2.15553 -0.08594599999999999 -1.75834 0.0005213699999999999 -0.112629 0.00225355
 1.785 2.15644 -0.08633010000000001 -1.75829 0.000495645 -0.112676 0.00223817
 1.79 2.1572 -0.0866726 -1.75813 0.000472388 -0.112716 0.00222364
 1.795 2.15583 -0.0860322 -1.76076 0.000533521 -0.112757 0.00224588
 1.8 2.15685 -0.08642039999999999 -1.76083 0.000507731 -0.112808 0.00223131
 1.805 2.15774 -0.0867999 -1.76078 0.000482255 -0.112854 0.00221605
 1.81 2.15849 -0.08713849999999999 -1.76063 0.00045922 -0.112893 0.00220164
 1.815 2.15714 -0.0865211 -1.76321 0.000519092 -0.112934 0.00222395
 1.82 2.15814 -0.0869042 -1.76327 0.0004935850000000001 -0.112984 0.00220949
 1.825 2.15902 -0.0872788 -1.76322 0.00046839 -0.113029 0.00219437
 1.83 2.15976 -0.0876131 -1.76308 0.000445607 -0.113068 0.0021801
 1.835 2.15844 -0.0870184 -1.7656 0.000504186 -0.113107 0.00220244
 1.84 2.15942 -0.087396 -1.76566 0.000478993 -0.113156 0.00218811
 1.845 2.16028 -0.0877652 -1.76561 0.000454109 -0.1132 0.00217315
 1.85 2.161 -0.0880947 -1.76547 0.000431604 -0.113238 0.00215905
 1.855 2.15971 -0.08752260000000001 -1.76793 0.000488857 -0.113277 0.00218138
 1.86 2.16066 -0.08789429999999999 -1.76799 0.000464005 -0.113325 0.0021672
 1.865 2.16151 -0.08825769999999999 -1.76794 0.000439459 -0.113368 0.00215242
 1.87 2.16221 -0.0885823 -1.7678 0.000417258 -0.113406 0.00213849
 1.875 2.16096 -0.08803229999999999 -1.77021 0.000473151 -0.113443 0.00216076
 1.88 2.16189 -0.0883978 -1.77026 0.000448667 -0.11349 0.00214676
 1.885 2.16271 -0.08875520000000001 -1.77021 0.000424485 -0.113533 0.00213217
 1.89 2.16341 -0.0890743 -1.77008 0.000402609 -0.113569 0.00211844
 1.895 2.16218 -0.0885464 -1.77243 0.000457107 -0.113606 0.00214061
 1.9 2.16309 -0.08890530000000001 -1.77247 0.000433016 -0.113652 0.00212679
 1.905 2.16389 -0.0892563 -1.77243 0.000409222 -0.113693 0.00211242
 1.91 2.16457 -0.0895698 -1.77229 0.000387696 -0.113729 0.0020989
 1.915 2.16338 -0.0890637 -1.77458 0.000440764 -0.113765 0.00212092
 1.92 2.16426 -0.0894156 -1.77463 0.000417089 -0.11381 0.0021073
 1.925 2.16505 -0.0897599 -1.77458 0.000393707 -0.11385 0.00209316
 1.93 2.16571 -0.09006749999999999 -1.77445 0.000372551 -0.113885 0.00207987
 1.935 2.16455 -0.089583 -1.77668 0.000424154 -0.11392 0.0021017
 1.94 2.16541 -0.0899277 -1.77672 0.000400918 -0.113964 0.00208829
 1.945 2.16618 -0.0902649 -1.77667 0.000377972 -0.114003 0.00207439
 1.95 2.16683 -0.09056640000000001 -1.77655 0.000357206 -0.114037 0.00206135
 1.955 2.16744 -0.0908432 -1.77642 0.000338047 -0.114069 0.00204925
 1.96 2.1659 -0.0901955 -1.7791 0.000404859 -0.114103 0.00207923
 1.965 2.16679 -0.0905319 -1.77919 0.000382269 -0.114147 0.00206664
 1.97 2.16756 -0.0908643 -1.77917 0.00035967 -0.114186 0.0020531
 1.975 2.16819 -0.091159 -1.77905 0.00033933 -0.11422 0.0020403
 1.98 2.16878 -0.0914296 -1.77892 0.000320564 -0.114251 0.00202842
 1.985 2.16726 -0.09080050000000001 -1.78155 0.000386394 -0.114283 0.00205858
 1.99 2.16812 -0.09113010000000001 -1.78164 0.000364223 -0.114326 0.00204618
 1.995 2.16887 -0.091456 -1.78162 0.000342028 -0.114364 0.00203286
 2 2.16948 -0.0917449 -1.7815 0.000322051 -0.114396 0.00202027
 2.005 2.17006 -0.0920102 -1.78138 0.000303622 -0.114427 0.0020086
 2.01 2.16859 -0.0914166 -1.78391 0.00036683 -0.114458 0.00203805
 2.015 2.16942 -0.091738 -1.78399 0.000345154 -0.114499 0.00202585
 2.02 2.17014 -0.0920559 -1.78397 0.000323463 -0.114536 0.0020128
 2.025 2.17073 -0.092338 -1.78385 0.000303932 -0.114567 0.00200049
 2.03 2.17129 -0.092597 -1.78373 0.000285913 -0.114596 0.00198907
 2.035 2.16989 -0.09203939999999999 -1.78615 0.00034632 -0.114627 0.00201768
 2.04 2.17068 -0.0923514 -1.78623 0.000325224 -0.114666 0.00200573
 2.045 2.17137 -0.0926601 -1.7862 0.000304122 -0.114701 0.00199301
 2.05 2.17195 -0.09293419999999999 -1.78609 0.000285111 -0.114731 0.00198102
 2.055 2.17249 -0.093186 -1.78598 0.000267572 -0.11476 0.00196991
 2.06 2.17115 -0.09266340000000001 -1.78829 0.000325134 -0.114789 0.00199761
 2.065 2.17191 -0.09296509999999999 -1.78836 0.000304688 -0.114827 0.00198596
 2.07 2.17257 -0.0932637 -1.78833 0.000284241 -0.114861 0.00197361
 2.075 2.17312 -0.0935291 -1.78823 0.000265812 -0.114889 0.00196199
 2.08 2.17364 -0.0937728 -1.78812 0.000248811 -0.114917 0.00195122
 2.085 2.17413 -0.0939965 -1.78801 0.000233132 -0.114942 0.00194123
 2.09 2.17254 -0.09336700000000001 -1.79061 0.000301219 -0.11497 0.00197512
 2.095 2.1733 -0.0936569 -1.79072 0.000281639 -0.115007 0.0019643
 2.1 2.17395 -0.0939464 -1.79071 0.000261823 -0.11504 0.00195245
 2.105 2.17447 -0.09420199999999999 -1.79061 0.000244047 -0.115068 0.00194123
 2.11 2.17497 -0.0944368 -1.79051 0.000227648 -0.115094 0.00193083
 2.115 2.17544 -0.09465229999999999 -1.79041 0.000212525 -0.115118 0.00192118
 2.12 2.17391 -0.0940607 -1.79289 0.000277511 -0.115144 0.00195406
 2.125 2.17463 -0.0943391 -1.79298 0.000258669 -0.11518 0.00194357
 2.13 2.17524 -0.0946173 -1.79298 0.000239594 -0.115211 0.00193213
 2.135 2.17575 -0.09486319999999999 -1.79288 0.000222474 -0.115237 0.00192133
 2.14 2.17622 -0.0950891 -1.79279 0.00020668 -0.115262 0.00191131
 2.145 2.17666 -0.09529650000000001 -1.79269 0.000192113 -0.115285 0.00190203
 2.15 2.17524 -0.0947553 -1.795 0.00025261 -0.11531 0.00193306
 2.155 2.17591 -0.0950203 -1.79509 0.000234619 -0.115343 0.00192295
 2.16 2.17649 -0.0952853 -1.79508 0.000216418 -0.115372 0.001912
 2.165 2.17696 -0.0955199 -1.79499 0.000200068 -0.115397 0.00190169
 2.17 2.17741 -0.0957355 -1.7949 0.000184983 -0.11542 0.00189214
 2.175 2.17783 -0.0959334 -1.79481 0.000171069 -0.115443 0.00188327
 2.18 2.17823 -0.09611500000000001 -1.79472 0.000158241 -0.115463 0.00187506
 2.185 2.17665 -0.09551419999999999 -1.79718 0.000224793 -0.115486 0.00191003
 2.19 2.1773 -0.0957636 -1.79729 0.000207907 -0.115518 0.00190075
 2.195 2.17786 -0.09601519999999999 -1.79729 0.000190635 -0.115546 0.00189044
 2.2 2.1783 -0.0962368 -1.79721 0.000175178 -0.115569 0.00188069
 2.205 2.17872 -0.0964404 -1.79713 0.000160916 -0.115591 0.00187166
 2.21 2.17911 -0.09662750000000001 -1.79705 0.000147759 -0.115611 0.00186329
 2.215 2.17948 -0.0967991 -1.79696 0.000135628 -0.115631 0.00185552
 2.22 2.17803 -0.0962571 -1.79922 0.000196642 -0.115651 0.00188801
 2.225 2.17862 -0.0964901 -1.79931 0.000180821 -0.11568 0.0018792
 2.23 2.17913 -0.0967254 -1.79931 0.000164644 -0.115706 0.00186952
 2.235 2.17955 -0.09693309999999999 -1.79924 0.000150151 -0.115728 0.00186039
 2.24 2.17993 -0.097124 -1.79917 0.000136776 -0.115748 0.00185194
 2.245 2.1803 -0.09729939999999999 -1.7991 0.000124437 -0.115767 0.0018441
 2.25 2.18064 -0.09746050000000001 -1.79902 0.000113056 -0.115785 0.00183683
 2.255 2.18097 -0.09760820000000001 -1.79894 0.000102564 -0.115802 0.00183009
 2.26 2.17947 -0.0970492 -1.80121 0.000165304 -0.11582 0.00186412
 2.265 2.18002 -0.0972625 -1.80131 0.00015084 -0.115847 0.00185618
 2.27 2.18049 -0.09747980000000001 -1.80132 0.000135907 -0.115871 0.00184728
 2.275 2.18086 -0.09767099999999999 -1.80126 0.000122563 -0.11589 0.00183889
 2.28 2.18122 -0.0978468 -1.8012 0.000110247 -0.115909 0.00183112
 2.285 2.18155 -0.0980085 -1.80113 9.88812e-05 -0.115926 0.00182392
 2.29 2.18186 -0.09815690000000001 -1.80107 8.839630000000001e-05 -0.115942 0.00181724
 2.295 2.18215 -0.0982932 -1.801 7.87267e-05 -0.115957 0.00181104
 2.3 2.18243 -0.0984183 -1.80093 6.981149999999999e-05 -0.115972 0.0018053
 2.305 2.18269 -0.098533 -1.80086 6.15948e-05 -0.115986 0.00179998
 2.31 2.18105 -0.09791759999999999 -1.80325 0.000129926 -0.116001 0.00183779
 2.315 2.18156 -0.0981079 -1.80338 0.000117095 -0.116026 0.00183099
 2.32 2.18199 -0.0983049 -1.8034 0.000103593 -0.116047 0.00182304
 2.325 2.18232 -0.098477 -1.80335 9.159770000000001e-05 -0.116064 0.00181552
 2.33 2.18263 -0.0986354 -1.8033 8.05215e-05 -0.11608 0.00180855
 2.335 2.18292 -0.0987811 -1.80325 7.02961e-05 -0.116095 0.00180209
 2.34 2.18319 -0.098915 -1.80319 6.08583e-05 -0.11611 0.0017961
 2.345 2.18345 -0.09903820000000001 -1.80314 5.21493e-05 -0.116123 0.00179055
 2.35 2.18369 -0.0991513 -1.80308 4.41148e-05 -0.116136 0.0017854
 2.355 2.18391 -0.0992552 -1.80303 3.67044e-05 -0.116147 0.00178063
 2.36 2.18413 -0.0993506 -1.80297 2.98715e-05 -0.116159 0.00177621
 2.365 2.18433 -0.0994381 -1.80292 2.35727e-05 -0.116169 0.00177211
 2.37 2.18452 -0.0995182 -1.80286 1.7768e-05 -0.116179 0.00176831
 2.375 2.18284 -0.09888660000000001 -1.80524 8.74802e-05 -0.116191 0.00180756
 2.38 2.18327 -0.09904689999999999 -1.80537 7.67402e-05 -0.116212 0.00180206
 2.385 2.18364 -0.0992164 -1.80541 6.51766e-05 -0.11623 0.00179535
 2.39 2.18391 -0.09936349999999999 -1.80537 5.49618e-05 -0.116244 0.00178898
 2.395 2.18416 -0.09949909999999999 -1.80534 4.55224e-05 -0.116257 0.00178308
 2.4 2.1844 -0.099624 -1.8053 3.68007e-05 -0.11627 0.00177761
 2.405 2.18462 -0.0997391 -1.80526 2.8743e-05 -0.116281 0.00177254
 2.41 2.18483 -0.0998452 -1.80523 2.12994e-05 -0.116292 0.00176784
 2.415 2.18502 -0.0999428 -1.80519 1.44232e-05 -0.116302 0.00176348
 2.42 2.18521 -0.100033 -1.80515 8.07314e-06 -0.116312 0.00175944
 2.425 2.18538 -0.100116 -1.80512 2.20874e-06 -0.116321 0.0017557
 2.43 2.18554 -0.100192 -1.80508 -3.20676e-06 -0.116329 0.00175223
 2.435 2.18569 -0.100262 -1.80505 -8.20647e-06 -0.116337 0.00174901
 2.44 2.18583 -0.100326 -1.80501 -1.2822e-05 -0.116344 0.00174603
 2.445 2.18597 -0.100386 -1.80498 -1.70824e-05 -0.116351 0.00174327
 2.45 2.18609 -0.10044 -1.80494 -2.1015e-05 -0.116358 0.00174071
 2.455 2.18621 -0.10049 -1.80491 -2.46447e-05 -0.116364 0.00173833
 2.46 2.18632 -0.100536 -1.80487 -2.79949e-05 -0.11637 0.00173613
 2.465 2.18642 -0.100579 -1.80484 -3.10871e-05 -0.116375 0.0017341
 2.47 2.18652 -0.100618 -1.80481 -3.39412e-05 -0.11638 0.00173221
 2.475 2.18661 -0.100654 -1.80478 -3.65758e-05 -0.116385 0.00173045
 2.48 2.18669 -0.100687 -1.80475 -3.90081e-05 -0.116389 0.00172883
 2.485 2.18677 -0.100717 -1.80473 -4.1254e-05 -0.116393 0.00172733
 2.49 2.18684 -0.100745 -1.8047 -4.33283e-05 -0.116397 0.00172593
 2.495 2.18691 -0.100771 -1.80467 -4.52445e-05 -0.116401 0.00172464
 2.5 2.18698 -0.100794 -1.80465 -4.70154e-05 -0.116404 0.00172344
 2.505 2.18704 -0.100816 -1.80463 -4.86528e-05 -0.116407 0.00172233
 2.51 2.18709 -0.100836 -1.8046 -5.01678e-05 -0.11641 0.0017213
 2.515 2.18715 -0.100855 -1.80458 -5.1571e-05 -0.116413 0.00172035
 2.52 2.18719 -0.100872 -1.80457 -5.28702e-05 -0.116416 0.00171947
 2.525 2.18724 -0.100888 -1.80455 -5.40738e-05 -0.116418 0.00171865
 2.53 2.18728 -0.100903 -1.80453 -5.51864e-05 -0.11642 0.00171789
 2.535 2.18732 -0.100917 -1.80452 -5.62069e-05 -0.116422 0.00171719
 2.54 2.18736 -0.100929 -1.8045 -5.71426e-05 -0.116424 0.00171655
 2.545 2.18739 -0.10094 -1.80449 -5.79867e-05 -0.116426 0.00171597
 2.55 2.18742 -0.10095 -1.80448 -5.87411e-05 -0.116428 0.00171544
 2.555 2.18745 -0.100959 -1.80447 -5.94135e-05 -0.116429 0.00171496
 2.56 2.18748 -0.100966 -1.80446 -6.00054e-05 -0.116431 0.00171453
 2.565 2.18751 -0.100972 -1.80445 -6.05186e-05 -0.116432 0.00171414
 2.57 2.18754 -0.100978 -1.80444 -6.09545e-05 -0.116433 0.0017138
 2.575 2.18757 -0.100982 -1.80444 -6.13146e-05 -0.116435 0.00171351
 2.58 2.18759 -0.100985 -1.80443 -6.160019999999999e-05 -0.116436 0.00171326
 2.585 2.18762 -0.100986 -1.80442 -6.18126e-05 -0.116437 0.00171305
 2.59 2.1861 -0.103922 -1.80622 -0.000184371 -0.116439 0.0017526
 2.595 2.18633 -0.103791 -1.80634 -0.00017668 -0.116446 0.00175515
 2.6 2.18652 -0.10362 -1.8064 -0.000167134 -0.116452 0.00175846
 2.605 2.18665 -0.103469 -1.80641 -0.000158874 -0.116457 0.00176138
 2.61 2.18677 -0.103327 -1.80642 -0.000151144 -0.116461 0.00176413
 2.615 2.18683 -0.106251 -1.80634 -0.000303327 -0.116464 0.00177164
 2.62 2.18698 -0.10595 -1.80637 -0.000286143 -0.116469 0.00177874
 2.625 2.1871 -0.105611 -1.80638 -0.00026665 -0.116472 0.00178681
 2.63 2.1872 -0.105307 -1.80639 -0.000249212 -0.116473 0.00179397
 2.635 2.18739 -0.108106 -1.80612 -0.000396678 -0.116474 0.00180217
 2.64 2.18751 -0.10766 -1.80613 -0.00037084 -0.116477 0.00181335
 2.645 2.18761 -0.107185 -1.80614 -0.000343173 -0.116476 0.00182523
 2.65 2.18768 -0.106756 -1.80613 -0.000318141 -0.116475 0.00183589
 2.655 2.18788 -0.10994 -1.80579 -0.000485524 -0.116474 0.00184721
 2.66 2.188 -0.109356 -1.80581 -0.000451437 -0.116475 0.00186227
 2.665 2.18807 -0.108743 -1.8058 -0.000415466 -0.116473 0.00187798
 2.67 2.18823 -0.111328 -1.80549 -0.000549907 -0.116469 0.00189332
 2.675 2.18832 -0.110625 -1.8055 -0.000508633 -0.116467 0.00191155
 2.68 2.18838 -0.109911 -1.80548 -0.000466544 -0.116462 0.00193
 2.685 2.18854 -0.112633 -1.80515 -0.000607599 -0.116457 0.00194806
 2.69 2.18863 -0.111827 -1.80515 -0.000560191 -0.116454 0.0019691
 2.695 2.18868 -0.111012 -1.80513 -0.00051211 -0.116448 0.00199027
 2.7 2.18883 -0.113942 -1.80476 -0.000663523 -0.116441 0.00201095
 2.705 2.18892 -0.113033 -1.80476 -0.00060999 -0.116437 0.00203481
 2.71 2.18905 -0.114861 -1.80448 -0.0007017 -0.11643 0.00205982
 2.715 2.18911 -0.113862 -1.80446 -0.000642636 -0.116422 0.00208598
 2.72 2.18923 -0.115652 -1.80417 -0.000731843 -0.116413 0.00211273
 2.725 2.18928 -0.114586 -1.80415 -0.000668819 -0.116405 0.00214067
 2.73 2.1894 -0.116438 -1.80385 -0.000760849 -0.116395 0.00216915
 2.735 2.18946 -0.115307 -1.80382 -0.00069396 -0.116386 0.00219884
 2.74 2.18958 -0.117229 -1.8035 -0.000789255 -0.116375 0.00222907
 2.745 2.18963 -0.116033 -1.80348 -0.0007184789999999999 -0.116366 0.00226052
 2.75 2.18976 -0.118024 -1.80315 -0.0008170090000000001 -0.116354 0.00229251
 2.755 2.18981 -0.116762 -1.80313 -0.000742308 -0.116344 0.00232573
 2.76 2.18994 -0.118822 -1.80278 -0.000843999 -0.116332 0.00235951
 2.765 2.19 -0.117493 -1.80275 -0.000765343 -0.116322 0.00239451
 2.77 2.19013 -0.11962 -1.80239 -0.0008701200000000001 -0.116309 0.00243007
 2.775 2.19019 -0.118225 -1.80237 -0.000787487 -0.116298 0.00246686
 2.78 2.19032 -0.120418 -1.80199 -0.000895282 -0.116284 0.00250423
 2.785 2.19039 -0.118955 -1.80196 -0.000808656 -0.116273 0.00254281
 2.79 2.19052 -0.121213 -1.80157 -0.000919404 -0.116258 0.00258199
 2.795 2.19059 -0.119683 -1.80154 -0.0008287770000000001 -0.116246 0.00262236
 2.8 2.19072 -0.122006 -1.80114 -0.000942418 -0.116231 0.00266335
 2.805 2.19079 -0.120408 -1.80111 -0.000847785 -0.116219 0.00270552
 2.81 2.19093 -0.122794 -1.80069 -0.000964262 -0.116203 0.00274832
 2.815 2.191 -0.121129 -1.80066 -0.000865625 -0.11619 0.00279228
 2.82 2.19115 -0.123577 -1.80022 -0.000984883 -0.116173 0.00283689
 2.825 2.19122 -0.121845 -1.80019 -0.0008822460000000001 -0.116159 0.00288264
 2.83 2.19137 -0.124355 -1.79974 -0.00100423 -0.116142 0.00292907
 2.835 2.19144 -0.122556 -1.79971 -0.000897606 -0.116128 0.00297659
 2.84 2.19159 -0.125126 -1.79925 -0.00102227 -0.11611 0.00302483
 2.845 2.19167 -0.12326 -1.79922 -0.000911664 -0.116095 0.00307413
 2.85 2.19182 -0.125891 -1.79874 -0.00103896 -0.116076 0.00312417
 2.855 2.1919 -0.123959 -1.7987 -0.0009243879999999999 -0.116061 0.00317524
 2.86 2.19206 -0.126648 -1.79821 -0.00105426 -0.116041 0.00322708
 2.865 2.19214 -0.12465 -1.79818 -0.000935748 -0.116026 0.0032799
 2.87 2.1923 -0.127398 -1.79767 -0.00106815 -0.116005 0.00333354
 2.875 2.19239 -0.125334 -1.79763 -0.000945715 -0.115989 0.00338811
 2.88 2.19254 -0.12814 -1.79711 -0.0010806 -0.115968 0.00344352
 2.885 2.19264 -0.12601 -1.79708 -0.000954267 -0.115951 0.00349983
 2.89 2.1928 -0.128874 -1.79654 -0.00109159 -0.115929 0.00355702
 2.895 2.19298 -0.129442 -1.79625 -0.00110724 -0.115913 0.00361667
 2.9 2.1931 -0.127147 -1.79622 -0.000971298 -0.115897 0.00367746
 2.905 2.19322 -0.12987 -1.79567 -0.00110011 -0.115871 0.00373701
 2.91 2.1934 -0.130419 -1.79536 -0.00111394 -0.115853 0.00379917
 2.915 2.19352 -0.128034 -1.79533 -0.0009725549999999999 -0.115836 0.00386231
 2.92 2.19364 -0.130837 -1.79476 -0.00110471 -0.115808 0.00392426
 2.925 2.19382 -0.131393 -1.79444 -0.00111813 -0.11579 0.00398886
 2.93 2.19395 -0.128918 -1.7944 -0.000971346 -0.115772 0.0040544
 2.935 2.19406 -0.1318 -1.79381 -0.00110679 -0.115743 0.00411874
 2.94 2.19425 -0.132361 -1.79348 -0.00111973 -0.115723 0.00418579
 2.945 2.18203 -0.155075 -1.76843 -0.00152711 -0.114509 0.00597096
 2.95 2.14564 -0.22096 -1.69565 -0.00271851 -0.110982 0.0110614
 2.955 2.0978 -0.281404 -1.57954 -0.00198954 -0.106139 0.0148283
 2.96 1.95005 -0.470736 -1.22593 -8.96906e-05 -0.0913259 0.0267205
 2.965 1.9313 -0.476304 -1.2252 -0.00072272 -0.09060989999999999 0.0280118
 2.97 1.84184 -0.541382 -1.14159 -0.00247217 -0.0850505 0.0348593
 2.975 1.82598 -0.5455410000000001 -1.14154 -0.00300139 -0.0844559 0.0359391
 2.98 1.73889 -0.609085 -1.05866 -0.00465685 -0.0789984 0.0425865
 2.985 1.75122 -0.5908910000000001 -1.08853 -0.00467994 -0.0802486 0.0414863
 2.99 1.6999 -0.625525 -1.04469 -0.00571508 -0.0771577 0.0453453
 2.995 1.66143 -0.659874 -1.00595 -0.00670524 -0.0746149 0.0488253
 3 1.65225 -0.689918 -0.982891 -0.00756073 -0.0734553 0.0512318
 3.005 1.61587 -0.710614 -0.955821 -0.008247060000000001 -0.0713815 0.0537757
 3.01 1.5885 -0.72519 -0.937398 -0.00878137 -0.06986970000000001 0.0556782
 3.015 1.53133 -0.76402 -0.884915 -0.009763300000000001 -0.0663445 0.0598622
 3.02 1.52009 -0.780979 -0.870707 -0.0102812 -0.0654457 0.061459
 3.025 1.52421 -0.816394 -0.846852 -0.0111149 -0.064646 0.06378739999999999
 3.03 1.55674 -0.795165 -0.883571 -0.0108634 -0.0667566 0.0618247
 3.035 1.5558 -0.8328449999999999 -0.855074 -0.0117225 -0.0656634 0.06439010000000001
 3.04 1.58407 -0.813688 -0.8876810000000001 -0.0114781 -0.0675187 0.06264110000000001
 3.045 1.57677 -0.857028 -0.851399 -0.0123973 -0.065982 0.0656902
 3.05 1.62119 -0.803758 -0.919446 -0.0114909 -0.0695332 0.0613878
 3.055 1.66244 -0.754463 -0.982475 -0.0106539 -0.0728226 0.0574072
 3.06 1.48382 -0.804779 -0.584272 0.000198312 -0.0578278 0.0564798
 3.065 0.883597 -1.04197 0.697858 0.0305214 -0.007910230000000001 0.0611424
 3.07 0.839212 -1.05096 0.8923140000000001 0.0375937 -0.00228421 0.0576953
 3.075 0.519415 -1.21213 1.82423 0.06265510000000001 0.0298381 0.0554906
 3.08 0.500989 -1.2082 1.93587 0.0674101 0.0326286 0.0524747
 3.085 0.204703 -1.35758 2.79025 0.0902679 0.0620665 0.0506684
 3.09 0.254144 -1.33382 2.7777 0.09212670000000001 0.0597483 0.0471435
 3.095 0.111223 -1.44776 3.40999 0.110422 0.07903590000000001 0.0431052
 3.1 0.226732 -1.4001 3.26649 0.109287 0.07143629999999999 0.038967
 3.105 0.264135 -1.45801 3.60616 0.121678 0.0778157 0.0319916
 3.11 0.368511 -1.40954 3.44614 0.119647 0.0702279 0.0287078
 3.115 0.374122 -1.49208 3.79422 0.130392 0.0780941 0.0247524
 3.12 0.437449 -1.47197 3.47495 0.119042 0.068816 0.030379
 3.125 0.538801 -1.41 3.13168 0.109734 0.0573326 0.0317002
 3.13 0.601621 -1.40005 2.86478 0.100054 0.0493242 0.0365632
 3.135 0.689918 -1.34513 2.56793 0.09207419999999999 0.039392 0.0375574
 3.14 0.304576 -1.43864 2.93894 0.0952271 0.0603353 0.0487898
 3.145 -0.881795 -1.64196 4.40008 0.123402 0.130946 0.06683989999999999
 3.15 -0.706325 -1.56988 4.01912 0.114486 0.116302 0.0658165
 3.155 -1.02186 -1.68093 4.32813 0.115309 0.134024 0.0778823
 3.16 -2.18801 -1.94559 5.79093 0.140402 0.204939 0.100307
 3.165 -2.38015 -1.95035 5.93218 0.142365 0.213992 0.103954
 3.17 -3.48739 -2.20207 7.33105 0.166504 0.281636 0.12507
 3.175 -3.54704 -2.17156 7.3021 0.165741 0.282152 0.125877
 3.18 -4.54583 -2.39952 8.55072 0.186832 0.34203 0.145138
 3.185 -4.52526 -2.35017 8.422549999999999 0.184424 0.337812 0.144441
 3.19 -5.45708 -2.56028 9.580730000000001 0.20383 0.393673 0.162466
 3.195 -5.29423 -2.49009 9.347099999999999 0.200928 0.381675 0.157616
 3.2 -5.83458 -2.63114 10.1872 0.218365 0.415188 0.163814
 3.205 -5.80225 -2.58115 10.0609 0.215816 0.410124 0.162463
 3.21 -6.6067 -2.73747 11.003 0.229998 0.455541 0.17734
 3.215 -6.45485 -2.59551 10.5562 0.221049 0.439795 0.173824
 3.22 -7.05958 -2.56246 10.8884 0.223081 0.465446 0.184233
 3.225 -6.93137 -2.46507 10.5918 0.216939 0.453828 0.180733
 3.23 -7.65461 -2.53432 11.3388 0.22659 0.492163 0.191469
 3.235 -7.49748 -2.47388 11.1104 0.222237 0.481098 0.187813
 3.24 -8.228109999999999 -2.63462 12.0655 0.235856 0.524042 0.199849
 3.245 -7.86824 -2.51393 11.5431 0.226053 0.500506 0.192728
 3.25 -8.1807 -2.5191 11.8566 0.226815 0.517015 0.196214
 3.255 -8.305020000000001 -2.48041 11.9722 0.226098 0.522929 0.195104
 3.26 -8.6569 -2.52134 12.4967 0.23119 0.545052 0.197333
 3.265 -8.88266 -2.60058 13.0617 0.238063 0.563849 0.197498
 3.27 -8.952780000000001 -2.57164 13.0814 0.234892 0.56636 0.197742
 3.275 -9.141260000000001 -2.58796 13.3983 0.237517 0.578839 0.197926
 3.28 -9.00841 -2.51753 13.1237 0.230733 0.568514 0.195604
 3.285 -9.63883 -2.6505 14.1495 0.243883 0.610572 0.201247
 3.29 -10.0258 -2.72787 14.8019 0.251902 0.6367660000000001 0.204002
 3.295 -10.5228 -2.81719 15.5128 0.25962 0.668005 0.209766
 3.3 -10.2456 -2.71437 15.0254 0.250885 0.648411 0.205527
 3.305 -10.7757 -2.8128 15.7779 0.259401 0.6817029999999999 0.211861
 3.31 -10.339 -2.67071 15.0273 0.247047 0.651335 0.206002
 3.315 -10.5412 -2.67707 15.1736 0.246126 0.661236 0.209629
 3.32 -10.6596 -2.68844 15.3753 0.248406 0.669245 0.209551
 3.325 -10.8688 -2.6973 15.524 0.247661 0.6794750000000001 0.213463
 3.33 -10.6899 -2.65522 15.3764 0.246468 0.670161 0.208462
 3.335 -9.8573 -2.47939 14.2262 0.229984 0.618375 0.197328
 3.34 -9.7171 -2.45871 13.9577 0.223196 0.608596 0.198056
 3.345 -10.2296 -2.53117 14.6729 0.233474 0.640397 0.201986
 3.35 -10.0547 -2.50593 14.3628 0.226356 0.628593 0.202317
 3.355 -10.4996 -2.5713 15.005 0.235981 0.656639 0.205312
 3.36 -10.3253 -2.5456 14.6888 0.228865 0.644734 0.205784
 3.365 -10.7904 -2.61351 15.3444 0.238688 0.673767 0.20921
 3.37 -10.1814 -2.50631 14.4263 0.223168 0.634806 0.204851
 3.375 -9.28167 -2.31036 13.2406 0.208263 0.57974 0.190899
 3.38 -8.44721 -2.13045 12.1419 0.194354 0.528736 0.177976
 3.385 -7.67328 -1.96528 11.1238 0.181374 0.481493 0.166008
 3.39 -6.95551 -1.81367 10.1803 0.169262 0.437735 0.154923
 3.395 -6.28983 -1.67451 9.30611 0.157961 0.397205 0.144658
 3.4 -5.67244 -1.54681 8.496029999999999 0.147417 0.359667 0.135152
 3.405 -5.09985 -1.42963 7.74538 0.13758 0.324898 0.12635
 3.41 -4.56881 -1.32213 7.04981 0.128403 0.292697 0.118201
 3.415 -4.07631 -1.22351 6.40529 0.119843 0.262872 0.110657
 3.42 -3.82251 -1.15427 5.94571 0.111942 0.244631 0.108109
 3.425 -3.99644 -1.13207 5.79722 0.104816 0.246653 0.114696
 3.43 -4.0548 -1.16405 5.95889 0.107534 0.252059 0.114008
 3.435 -5.10195 -1.41876 7.51865 0.1295 0.319355 0.125939
 3.44 -4.99124 -1.34933 7.22861 0.125073 0.308273 0.123849
 3.445 -5.71652 -1.35588 7.72781 0.129359 0.338716 0.133583
 3.45 -5.35735 -1.27549 7.18086 0.120902 0.315584 0.129734
 3.455 -5.48206 -1.23395 6.99909 0.11436 0.315313 0.134741
 3.46 -5.24458 -1.12922 6.62222 0.110457 0.298792 0.128722
 3.465 -5.25388 -1.10094 6.3826 0.103434 0.294073 0.132608
 3.47 -4.95799 -1.04339 5.95462 0.0968002 0.275663 0.129538
 3.475 -4.99562 -1.02286 5.769 0.09072669999999999 0.273019 0.133558
 3.48 -4.47097 -0.945314 5.21869 0.0849333 0.244756 0.124998
 3.485 -3.98446 -0.8744690000000001 4.70879 0.07951510000000001 0.218577 0.117073
 3.49 -3.53333 -0.809764 4.23635 0.0744485 0.194327 0.109738
 3.495 -3.11501 -0.750679 3.7986 0.06971090000000001 0.171866 0.102948
 3.5 -3.13753 -0.759263 3.94513 0.07373680000000001 0.175386 0.0998194
 3.505 -3.97983 -0.889614 5.18498 0.0945392 0.22724 0.103243
 3.51 -3.52911 -0.823798 4.67785 0.08840629999999999 0.202343 0.0969571
 3.515 -3.11115 -0.763689 4.20797 0.0826793 0.179284 0.09113980000000001
 3.52 -2.72358 -0.708808 3.77259 0.0773319 0.157927 0.0857571
 3.525 -2.42837 -0.663431 3.56205 0.0778282 0.143411 0.0778466
 3.53 -2.28315 -0.6309630000000001 3.75271 0.089277 0.140451 0.0646661
 3.535 -2.01914 -0.59213 3.54183 0.0888106 0.127139 0.0583384
 3.54 -1.90111 -0.565681 3.72829 0.0992407 0.125192 0.0466597
 3.545 -1.60158 -0.527663 3.32844 0.092603 0.107781 0.0445818
 3.55 -1.32383 -0.493028 2.95795 0.0864217 0.09166100000000001 0.0426643
 3.555 -1.06626 -0.461485 2.61467 0.0806659 0.0767367 0.0408957
 3.56 -0.82741 -0.432767 2.29659 0.0753067 0.0629197 0.039265
 3.565 -0.605924 -0.406632 2.00189 0.0703172 0.0501283 0.0377621
 3.57 -0.400538 -0.382855 1.72883 0.0656723 0.0382866 0.0363776
 3.575 -0.210081 -0.361232 1.47583 0.0613486 0.0273247 0.035103
 3.58 -0.0334694 -0.341575 1.24143 0.0573244 0.0171773 0.0339302
 3.585 0.130304 -0.323713 1.02426 0.0535792 0.00778443 0.0328517
 3.59 0.282172 -0.307489 0.823048 0.0500941 -0.00090978 0.0318606
 3.595 0.0115572 -0.350653 1.18458 0.0505572 0.0145269 0.034012
 3.6 -1.09243 -0.509007 2.6718 0.0591125 0.07778060000000001 0.0421598
 3.605 -1.36482 -0.551872 3.08486 0.0607552 0.0941946 0.0436143
 3.61 -2.44121 -0.6958490000000001 4.50752 0.06881610000000001 0.155353 0.0514578
 3.615 -2.72115 -0.730639 4.86031 0.0697342 0.170922 0.053712
 3.62 -3.7145 -0.861276 6.17413 0.07737960000000001 0.227407 0.0608568
 3.625 -3.89747 -0.881255 6.40002 0.0777576 0.23749 0.0623693
 3.63 -4.82092 -1.00101 7.62247 0.0850392 0.290052 0.0689197
 3.635 -4.54517 -0.957341 7.27441 0.0823503 0.274536 0.06658500000000001
 3.64 -4.45202 -0.950488 7.35035 0.0844842 0.272656 0.0630481
 3.645 -4.71094 -1.0069 7.95596 0.0904307 0.292162 0.0618967
 3.65 -4.75563 -0.998012 7.92963 0.08904570000000001 0.293094 0.0629792
 3.655 -4.24846 -0.923033 7.22278 0.0835404 0.263507 0.0598842
 3.66 -3.77813 -0.8545509999999999 6.56778 0.0783862 0.2361 0.0570247
 3.665 -3.34198 -0.792018 5.96085 0.0735616 0.210713 0.0543835
 3.67 -2.93752 -0.7349290000000001 5.39844 0.0690463 0.187197 0.0519446
 3.675 -2.54209 -0.69596 5.00316 0.06727130000000001 0.167012 0.047759
 3.68 -2.19876 -0.701785 5.0457 0.0723466 0.156444 0.0395232
 3.685 -2.06191 -0.7022620000000001 5.06854 0.0742708 0.152358 0.0360015
 3.69 -1.72805 -0.668592 4.71224 0.0722534 0.134925 0.0328404
 3.695 -1.44122 -0.623688 4.2417 0.0677131 0.11698 0.0320232
 3.7 -1.52695 -0.623689 4.37609 0.06549049999999999 0.123199 0.0322428
 3.705 -2.31042 -0.703438 5.64137 0.0676074 0.17463 0.034389
 3.71 -2.05358 -0.714757 5.23491 0.0621121 0.159581 0.0371591
 3.715 -1.96073 -0.845008 5.1224 0.0542756 0.157228 0.0470904
 3.72 -2.01305 -0.8278 5.19767 0.0530361 0.160781 0.0461883
 3.725 -2.77371 -0.8915380000000001 6.41858 0.055897 0.210228 0.0471991
 3.73 -2.4825 -0.8879280000000001 5.95454 0.0513085 0.192602 0.0490427
 3.735 -2.35604 -1.00365 5.78708 0.0442547 0.187823 0.0580834
 3.74 -2.09648 -0.993526 5.37128 0.0404557 0.17195 0.0591889
 3.745 -2.0018 -1.10521 5.25303 0.0340773 0.168996 0.06765350000000001
 3.75 -1.77118 -1.09095 4.88164 0.0309615 0.154766 0.0682184
 3.755 -1.70495 -1.20035 4.80707 0.0252377 0.153463 0.0762529
 3.76 -1.7309 -1.17793 4.82719 0.0250119 0.154859 0.0749036
 3.765 -2.58319 -1.30061 6.13217 0.0272614 0.209931 0.07970969999999999
 3.77 -2.94318 -1.30677 6.5321 0.0276203 0.229778 0.0806345
 3.775 -2.90443 -1.33083 6.30468 0.023444 0.22493 0.0849956
 3.78 -2.84839 -1.34605 6.07121 0.0197402 0.219256 0.0885093
 3.785 -2.82384 -1.36965 5.88527 0.0160361 0.21563 0.0924473
 3.79 -2.68365 -1.35421 5.58936 0.0136442 0.205534 0.0932824
 3.795 -2.48972 -1.22655 5.51302 0.00637342 0.196961 0.08803279999999999
 3.8 -2.68879 -1.03 6.34955 -0.0147474 0.219167 0.0827476
 3.805 -2.51312 -0.921017 6.21656 -0.0199533 0.210185 0.07821839999999999
 3.81 -2.71193 -0.746591 7.00663 -0.0391784 0.231688 0.0735928
 3.815 -2.53478 -0.658259 6.82723 -0.0425882 0.221907 0.06972100000000001
 3.82 -2.73349 -0.502829 7.57754 -0.060189 0.242806 0.0656583
 3.825 -2.55501 -0.432254 7.35801 -0.0620553 0.232322 0.0623548
 3.83 -2.75375 -0.293134 8.074299999999999 -0.078264 0.252703 0.0587721
 3.835 -2.57407 -0.237829 7.82002 -0.0788036 0.241598 0.0559605
 3.84 -2.77292 -0.112709 8.50722 -0.0938195 0.261535 0.0527863
 3.845 -2.59216 -0.0705373 8.22284 -0.0932182 0.249881 0.0504006
 3.85 -2.79119 0.042567 8.88517 -0.107212 0.269439 0.0475736
 3.855 -2.60944 0.0734418 8.574669999999999 -0.105629 0.257299 0.0455574
 3.86 -2.8087 0.176238 9.21576 -0.118747 0.276534 0.0430246
 3.865 -2.44159 0.16057 8.416689999999999 -0.108981 0.248675 0.0416865
 3.87 -2.10127 0.145365 7.67621 -0.0999727 0.222845 0.0404559
 3.875 -1.78577 0.130645 6.99002 -0.0916633 0.198894 0.0393253
 3.88 -1.79114 -0.167464 6.8804 -0.0708435 0.198322 0.06686010000000001
 3.885 -2.39401 -1.00992 7.8313 -0.0251414 0.240977 0.149537
 3.89 -2.05891 -0.939698 7.13388 -0.0222904 0.215593 0.140453
 3.895 -1.7481 -0.8752220000000001 6.48757 -0.0196858 0.192065 0.132044
 3.9 -1.44187 -0.849474 6.05565 -0.0173536 0.173294 0.124803
 3.905 -1.55311 -0.925844 6.5867 -0.0141775 0.187616 0.122384
 3.91 -2.57524 -0.959701 7.77573 -0.00871419 0.243235 0.124925
 3.915 -2.55713 -0.934622 7.63753 -0.00527706 0.239233 0.118423
 3.92 -3.17453 -0.98892 8.58708 0.00160833 0.277088 0.11365
 3.925 -3.10699 -0.95945 8.382149999999999 0.00430163 0.270284 0.107884
 3.93 -3.69419 -1.01101 9.287470000000001 0.0103547 0.306459 0.103828
 3.935 -3.59157 -0.979078 9.03415 0.0123952 0.297672 0.0987692


