# Created by Octave 3.8.2, Mon May 25 09:47:17 2015 CST <waldronluo@Debian>
# name: approachSig
# type: matrix
# rows: 879
# columns: 7
 0 0.0375657 -0.00170152 -0.0284831 4.31391e-06 -0.00180521 8.30314e-05
 0.005 0.185079 -0.00838305 -0.140331 2.12538e-05 -0.00889393 0.00040908
 0.01 0.321796 -0.0145756 -0.243993 3.69539e-05 -0.0154638 0.000711265
 0.015 0.448506 -0.0203148 -0.340067 5.15048e-05 -0.0215529 0.0009913330000000001
 0.02 0.565943 -0.025634 -0.42911 6.49904e-05 -0.0271963 0.0012509
 0.025 0.6747840000000001 -0.0305639 -0.511635 7.748809999999999e-05 -0.0324267 0.00149147
 0.03 0.77566 -0.0351329 -0.58812 8.907010000000001e-05 -0.0372743 0.00171443
 0.035 0.869153 -0.0393675 -0.659006 9.980280000000001e-05 -0.0417671 0.00192107
 0.04 0.955803 -0.0432921 -0.724703 0.000109748 -0.0459311 0.00211258
 0.045 1.03611 -0.0469294 -0.785591 0.000118963 -0.0497904 0.00229008
 0.05 1.11054 -0.0503004 -0.842022 0.000127502 -0.0533674 0.00245457
 0.055 1.17953 -0.0534246 -0.894321 0.000135412 -0.0566825 0.00260703
 0.06 1.24347 -0.0563201 -0.94279 0.00014274 -0.0597551 0.00274832
 0.065 1.30272 -0.0590036 -0.987711 0.000149528 -0.06260300000000001 0.00287926
 0.07000000000000001 1.35765 -0.0614906 -1.02934 0.000155814 -0.06524240000000001 0.00300061
 0.075 1.40855 -0.0637955 -1.06793 0.000161637 -0.06768879999999999 0.00311308
 0.08 1.45573 -0.06593160000000001 -1.10368 0.000167028 -0.0699562 0.0032173
 0.08500000000000001 1.49945 -0.0679112 -1.13682 0.000172019 -0.07205780000000001 0.00331389
 0.09 1.53998 -0.0697459 -1.16753 0.00017664 -0.07400569999999999 0.0034034
 0.095 1.57754 -0.0714461 -1.19599 0.000180916 -0.07581110000000001 0.00348635
 0.1 1.61236 -0.07302169999999999 -1.22236 0.000184873 -0.0774846 0.00356322
 0.105 1.64463 -0.0744819 -1.24681 0.000188533 -0.0790357 0.00363445
 0.11 1.67454 -0.0758351 -1.26945 0.000191918 -0.0804734 0.00370046
 0.115 1.70226 -0.07708909999999999 -1.29044 0.000195048 -0.081806 0.00376163
 0.12 1.72795 -0.0782511 -1.30989 0.000197941 -0.0830413 0.0038183
 0.125 1.75177 -0.07932790000000001 -1.32792 0.000200615 -0.08418639999999999 0.00387082
 0.13 1.77384 -0.0803257 -1.34462 0.000203084 -0.0852478 0.00391948
 0.135 1.7943 -0.0812504 -1.36009 0.000205363 -0.08623169999999999 0.00396456
 0.14 1.81327 -0.0821071 -1.37443 0.000207466 -0.08714379999999999 0.00400633
 0.145 1.83085 -0.082901 -1.38771 0.000209406 -0.08798930000000001 0.00404503
 0.15 1.84714 -0.0836365 -1.40002 0.000211194 -0.0887732 0.00408088
 0.155 1.86225 -0.084318 -1.41143 0.000212841 -0.08949989999999999 0.00411409
 0.16 1.87625 -0.08494939999999999 -1.42199 0.000214357 -0.09017360000000001 0.00414485
 0.165 1.88772 -0.08423460000000001 -1.434 0.000276399 -0.0908017 0.00416415
 0.17 1.90006 -0.084838 -1.44324 0.000274529 -0.0913934 0.00418954
 0.175 1.91144 -0.0854105 -1.45173 0.000271934 -0.0919411 0.00421259
 0.18 1.92191 -0.08593290000000001 -1.45953 0.000269852 -0.09244620000000001 0.0042339
 0.185 1.93161 -0.0864168 -1.46675 0.000267911 -0.0929146 0.00425363
 0.19 1.94061 -0.0868651 -1.47345 0.000266099 -0.0933489 0.0042719
 0.195 1.94895 -0.0872802 -1.47964 0.000264407 -0.0937518 0.00428881
 0.2 1.95669 -0.0876647 -1.48538 0.000262826 -0.0941254 0.00430447
 0.205 1.96386 -0.0880208 -1.49069 0.000261346 -0.094472 0.00431896
 0.21 1.97051 -0.0883505 -1.49561 0.000259961 -0.0947935 0.00433236
 0.215 1.97668 -0.08865580000000001 -1.50016 0.000258663 -0.0950918 0.00434476
 0.22 1.9824 -0.0889384 -1.50438 0.000257445 -0.0953686 0.00435623
 0.225 1.98613 -0.0878582 -1.51058 0.000319253 -0.0956288 0.0043577
 0.23 1.99135 -0.0881661 -1.51435 0.000314826 -0.09587950000000001 0.00436654
 0.235 1.99615 -0.0884645 -1.51776 0.000309865 -0.0961113 0.00437424
 0.24 2.00051 -0.0887328 -1.52086 0.000305586 -0.0963236 0.00438132
 0.245 2.00456 -0.08898109999999999 -1.52373 0.000301605 -0.0965208 0.00438786
 0.25 2.00832 -0.0892109 -1.52638 0.000297898 -0.0967039 0.00439389
 0.255 2.0118 -0.0894235 -1.52883 0.000294446 -0.096874 0.00439946
 0.26 2.01504 -0.08962009999999999 -1.5311 0.00029123 -0.09703199999999999 0.00440459
 0.265 2.01804 -0.08980200000000001 -1.53319 0.000288232 -0.0971788 0.00440931
 0.27 2.02083 -0.0899702 -1.53512 0.000285436 -0.0973152 0.00441366
 0.275 2.02171 -0.088685 -1.53939 0.00035078 -0.0974457 0.00440822
 0.28 2.02445 -0.0889011 -1.54121 0.000344659 -0.0975771 0.00441089
 0.285 2.02693 -0.08911479999999999 -1.54281 0.000338086 -0.0976981 0.00441282
 0.29 2.02914 -0.0893037 -1.54422 0.000332345 -0.09780759999999999 0.00441454
 0.295 2.0312 -0.0894784 -1.54552 0.000327006 -0.0979095 0.0044161
 0.3 2.03311 -0.08963980000000001 -1.54671 0.000322038 -0.0980043 0.00441751
 0.305 2.03488 -0.08978899999999999 -1.54781 0.000317414 -0.0980927 0.00441879
 0.31 2.03653 -0.0899268 -1.54882 0.000313109 -0.098175 0.00441995
 0.315 2.03643 -0.0886783 -1.55214 0.000374337 -0.0982551 0.00441233
 0.32 2.03817 -0.08886520000000001 -1.55315 0.000367056 -0.0983393 0.00441229
 0.325 2.03974 -0.08905150000000001 -1.55401 0.000359433 -0.0984168 0.00441171
 0.33 2.04111 -0.0892155 -1.55474 0.000352697 -0.0984862 0.0044111
 0.335 2.04238 -0.0893669 -1.5554 0.000346432 -0.098551 0.0044105
 0.34 2.04357 -0.0895068 -1.55601 0.000340605 -0.09861159999999999 0.00440991
 0.345 2.04467 -0.0896359 -1.55656 0.000335183 -0.0986682 0.00440932
 0.35 2.04409 -0.0884089 -1.55941 0.000394298 -0.0987244 0.00440062
 0.355 2.04536 -0.0885872 -1.56002 0.000386101 -0.09878629999999999 0.00439909
 0.36 2.04649 -0.08876530000000001 -1.56051 0.000377637 -0.09884320000000001 0.00439713
 0.365 2.04746 -0.08892170000000001 -1.5609 0.000370113 -0.0988937 0.00439523
 0.37 2.04836 -0.0890662 -1.56125 0.000363117 -0.098941 0.00439343
 0.375 2.0492 -0.0891995 -1.56156 0.000356611 -0.0989853 0.00439173
 0.38 2.04999 -0.0893225 -1.56184 0.000350558 -0.099027 0.00439011
 0.385 2.04897 -0.0879755 -1.56464 0.000414914 -0.0990697 0.00438014
 0.39 2.05001 -0.0881557 -1.56504 0.000405803 -0.0991204 0.00437763
 0.395 2.05091 -0.0883361 -1.56532 0.000396432 -0.0991667 0.00437469
 0.4 2.05166 -0.08849369999999999 -1.5655 0.000388112 -0.0992068 0.00437187
 0.405 2.05235 -0.088639 -1.56565 0.000380378 -0.0992446 0.00436922
 0.41 2.05301 -0.08877309999999999 -1.56579 0.000373186 -0.0992801 0.00436672
 0.415 2.05196 -0.08752459999999999 -1.56831 0.000432625 -0.099317 0.00435683
 0.42 2.05285 -0.0877096 -1.56857 0.000422752 -0.09936159999999999 0.0043536
 0.425 2.05363 -0.08789420000000001 -1.56872 0.000412707 -0.0994023 0.00435002
 0.43 2.05427 -0.0880561 -1.56879 0.000403735 -0.0994377 0.00434661
 0.435 2.05487 -0.08820550000000001 -1.56884 0.000395395 -0.09947110000000001 0.0043434
 0.44 2.05544 -0.0883433 -1.56888 0.00038764 -0.0995027 0.00434038
 0.445 2.05421 -0.0870272 -1.57146 0.000450355 -0.09953620000000001 0.00433001
 0.45 2.05506 -0.08722009999999999 -1.57164 0.000439751 -0.0995784 0.00432628
 0.455 2.05578 -0.0874124 -1.57173 0.000428987 -0.09961680000000001 0.00432217
 0.46 2.05637 -0.08758059999999999 -1.57172 0.000419378 -0.09964969999999999 0.00431826
 0.465 2.05691 -0.08773590000000001 -1.5717 0.000410447 -0.0996809 0.00431459
 0.47 2.05743 -0.087879 -1.57168 0.000402145 -0.0997104 0.00431114
 0.475 2.05605 -0.0864844 -1.57436 0.000468836 -0.09974230000000001 0.00430039
 0.48 2.05689 -0.0866874 -1.57451 0.000457466 -0.0997841 0.00429621
 0.485 2.05759 -0.0868896 -1.57454 0.000445945 -0.0998218 0.00429163
 0.49 2.05815 -0.08706609999999999 -1.57449 0.000435672 -0.09985380000000001 0.00428727
 0.495 2.05867 -0.087229 -1.57442 0.000426125 -0.0998841 0.00428317
 0.5 2.05749 -0.08601830000000001 -1.57678 0.000483968 -0.09991609999999999 0.00427304
 0.505 2.05828 -0.08622879999999999 -1.57687 0.000471988 -0.09995660000000001 0.0042684
 0.51 2.05896 -0.086437 -1.57686 0.000459971 -0.0999935 0.00426346
 0.515 2.05951 -0.0866205 -1.57678 0.000449178 -0.100025 0.00425876
 0.52 2.06003 -0.0867898 -1.57668 0.00043915 -0.100056 0.00425436
 0.525 2.05878 -0.0855525 -1.57909 0.000498514 -0.100088 0.00424419
 0.53 2.05959 -0.085771 -1.57916 0.000485986 -0.100129 0.00423924
 0.535 2.06027 -0.0859868 -1.57913 0.000473436 -0.100166 0.00423398
 0.54 2.06082 -0.0861769 -1.57903 0.000462166 -0.100198 0.00422898
 0.545 2.06134 -0.08635230000000001 -1.57891 0.000451695 -0.100229 0.00422429
 0.55 2.06003 -0.0850704 -1.5814 0.000513536 -0.100261 0.00421407
 0.555 2.06085 -0.0852976 -1.58147 0.000500433 -0.100303 0.00420883
 0.5600000000000001 2.06155 -0.085522 -1.58143 0.000487317 -0.100342 0.00420325
 0.5649999999999999 2.06211 -0.0857194 -1.5813 0.000475548 -0.100374 0.00419794
 0.57 2.06264 -0.0859014 -1.58117 0.000464614 -0.100405 0.00419296
 0.575 2.06125 -0.08457580000000001 -1.58375 0.0005289510000000001 -0.100439 0.00418275
 0.58 2.06211 -0.0848124 -1.58381 0.000515252 -0.100482 0.00417722
 0.585 2.06282 -0.0850458 -1.58376 0.000501549 -0.100521 0.00417131
 0.59 2.06339 -0.0852509 -1.58363 0.00048926 -0.100555 0.00416569
 0.595 2.06393 -0.0854401 -1.58348 0.000477846 -0.100586 0.00416041
 0.6 2.06249 -0.08407340000000001 -1.58615 0.000544612 -0.100621 0.00415028
 0.605 2.06337 -0.0843197 -1.58621 0.000530302 -0.100666 0.00414444
 0.61 2.06411 -0.0845624 -1.58616 0.0005159989999999999 -0.100706 0.0041382
 0.615 2.06469 -0.0847757 -1.58601 0.00050318 -0.10074 0.00413226
 0.62 2.06358 -0.0836751 -1.58823 0.000556793 -0.100776 0.00412274
 0.625 2.06442 -0.0839274 -1.58824 0.0005420069999999999 -0.10082 0.00411647
 0.63 2.06514 -0.08417429999999999 -1.58815 0.000527377 -0.10086 0.00410995
 0.635 2.06574 -0.0843936 -1.58799 0.000514161 -0.100895 0.00410377
 0.64 2.06463 -0.08329789999999999 -1.59023 0.000567799 -0.100932 0.00409441
 0.645 2.06548 -0.08355600000000001 -1.59023 0.000552636 -0.100976 0.00408792
 0.65 2.06622 -0.0838082 -1.59014 0.0005376480000000001 -0.101017 0.00408118
 0.655 2.06683 -0.0840323 -1.58997 0.000524106 -0.101053 0.00407479
 0.66 2.06569 -0.08291709999999999 -1.59226 0.000579035 -0.10109 0.00406556
 0.665 2.06656 -0.0831812 -1.59226 0.00056348 -0.101136 0.00405886
 0.67 2.06732 -0.08343929999999999 -1.59216 0.000548107 -0.101178 0.00405189
 0.675 2.06794 -0.08366850000000001 -1.59199 0.000534222 -0.101214 0.00404528
 0.68 2.06677 -0.082533 -1.59433 0.000590515 -0.101252 0.00403622
 0.6850000000000001 2.06766 -0.0828035 -1.59433 0.000574549 -0.101299 0.0040293
 0.6899999999999999 2.06844 -0.0830678 -1.59424 0.000558772 -0.101342 0.00402209
 0.695 2.06907 -0.0833024 -1.59406 0.0005445270000000001 -0.101379 0.00401524
 0.7 2.06787 -0.08214780000000001 -1.59645 0.000602144 -0.101418 0.00400637
 0.705 2.06879 -0.082425 -1.59646 0.000585751 -0.101466 0.00399921
 0.71 2.06958 -0.0826957 -1.59636 0.000569556 -0.101509 0.00399175
 0.715 2.07022 -0.082936 -1.59618 0.000554938 -0.101547 0.00398467
 0.72 2.06899 -0.08176369999999999 -1.59862 0.000613833 -0.101587 0.00397601
 0.725 2.06993 -0.0820477 -1.59862 0.000597004 -0.101636 0.00396861
 0.73 2.07074 -0.0823251 -1.59852 0.000580383 -0.101681 0.00396089
 0.735 2.0714 -0.08257100000000001 -1.59834 0.000565385 -0.101719 0.00395356
 0.74 2.07014 -0.0813826 -1.60083 0.00062551 -0.10176 0.00394514
 0.745 2.0711 -0.0816735 -1.60084 0.00060824 -0.10181 0.0039375
 0.75 2.07193 -0.0819574 -1.60074 0.000591188 -0.101855 0.00392952
 0.755 2.0726 -0.0822092 -1.60054 0.000575805 -0.101895 0.00392193
 0.76 2.07132 -0.08100590000000001 -1.60309 0.000637118 -0.101936 0.00391378
 0.765 2.0723 -0.08130370000000001 -1.6031 0.000619404 -0.101987 0.0039059
 0.77 2.07314 -0.08159429999999999 -1.60299 0.000601919 -0.102034 0.00389765
 0.775 2.07382 -0.0818518 -1.60279 0.000586149 -0.102074 0.0038898
 0.78 2.07251 -0.0806351 -1.60539 0.000648608 -0.102116 0.00388195
 0.785 2.07352 -0.0809397 -1.6054 0.00063045 -0.102168 0.00387382
 0.79 2.07438 -0.0812369 -1.60529 0.0006125320000000001 -0.102215 0.00386529
 0.795 2.07507 -0.08150019999999999 -1.60509 0.000596376 -0.102256 0.00385719
 0.8 2.07374 -0.08027140000000001 -1.60773 0.000659938 -0.102299 0.00384967
 0.805 2.07476 -0.0805828 -1.60774 0.000641339 -0.102352 0.00384128
 0.8100000000000001 2.07564 -0.0808865 -1.60763 0.00062299 -0.1024 0.00383248
 0.8149999999999999 2.07634 -0.08115559999999999 -1.60742 0.000606448 -0.102442 0.00382411
 0.82 2.07498 -0.0799158 -1.61011 0.000671073 -0.102485 0.00381696
 0.825 2.07603 -0.080234 -1.61012 0.000652036 -0.102539 0.00380831
 0.83 2.07692 -0.08054409999999999 -1.61001 0.000633258 -0.102589 0.00379924
 0.835 2.07764 -0.0808189 -1.60979 0.000616334 -0.102631 0.0037906
 0.84 2.07625 -0.0795695 -1.61252 0.000681981 -0.102675 0.00378384
 0.845 2.07732 -0.0798943 -1.61254 0.000662509 -0.10273 0.00377494
 0.85 2.07822 -0.0802108 -1.61242 0.000643308 -0.10278 0.00376559
 0.855 2.07895 -0.0804911 -1.61221 0.000626004 -0.102823 0.00375669
 0.86 2.07754 -0.0792334 -1.61498 0.000692633 -0.102867 0.00375034
 0.865 2.07863 -0.0795646 -1.61499 0.000672732 -0.102924 0.00374118
 0.87 2.07955 -0.07988729999999999 -1.61488 0.0006531109999999999 -0.102974 0.00373155
 0.875 2.08029 -0.0801731 -1.61466 0.000635432 -0.103018 0.00372239
 0.88 2.07886 -0.0789083 -1.61747 0.000703002 -0.103063 0.00371649
 0.885 2.07996 -0.07924589999999999 -1.61748 0.000682677 -0.10312 0.00370708
 0.89 2.08089 -0.0795747 -1.61737 0.000662643 -0.103172 0.00369717
 0.895 2.07996 -0.0786742 -1.61951 0.000710533 -0.103218 0.00369029
 0.9 2.08098 -0.07901519999999999 -1.61945 0.000689845 -0.103273 0.00368029
 0.905 2.08188 -0.0793447 -1.6193 0.000669674 -0.103323 0.00367011
 0.91 2.08264 -0.0796398 -1.61908 0.000651354 -0.103368 0.00366049
 0.915 2.08122 -0.07839989999999999 -1.62188 0.000718558 -0.103414 0.00365536
 0.92 2.08234 -0.0787458 -1.6219 0.000697638 -0.103473 0.00364554
 0.925 2.08329 -0.0790824 -1.62178 0.000677038 -0.103525 0.00363521
 0.93 2.08234 -0.07818 -1.62397 0.00072582 -0.103572 0.00362895
 0.9350000000000001 2.08339 -0.0785295 -1.62391 0.000704534 -0.103628 0.00361854
 0.9399999999999999 2.08431 -0.0788671 -1.62375 0.000683783 -0.10368 0.00360793
 0.945 2.08339 -0.077996 -1.6259 0.000731153 -0.103728 0.00360182
 0.95 2.08444 -0.0783478 -1.62584 0.000709674 -0.103784 0.00359124
 0.955 2.08536 -0.07868749999999999 -1.62568 0.000688755 -0.103835 0.00358049
 0.96 2.08444 -0.0778179 -1.62784 0.000736393 -0.103884 0.00357468
 0.965 2.0855 -0.0781722 -1.62778 0.000714724 -0.10394 0.00356396
 0.97 2.08643 -0.0785141 -1.62762 0.00069362 -0.103992 0.00355306
 0.975 2.0855 -0.0776439 -1.6298 0.000741661 -0.104041 0.00354758
 0.98 2.08656 -0.0780008 -1.62973 0.00071979 -0.104098 0.00353671
 0.985 2.0875 -0.0783454 -1.62958 0.000698486 -0.10415 0.00352564
 0.99 2.08656 -0.0774749 -1.63177 0.000746914 -0.104199 0.00352049
 0.995 2.08763 -0.07783470000000001 -1.63171 0.000724829 -0.104256 0.00350946
 1 2.08858 -0.078182 -1.63155 0.0007033160000000001 -0.104308 0.00349824
 1.005 2.08763 -0.07731200000000001 -1.63377 0.000752101 -0.104358 0.00349341
 1.01 2.08871 -0.0776747 -1.63371 0.000729794 -0.104415 0.00348222
 1.015 2.08966 -0.07802489999999999 -1.63355 0.000708064 -0.104468 0.00347083
 1.02 2.08871 -0.077156 -1.63578 0.000757178 -0.104518 0.00346633
 1.025 2.0898 -0.0775217 -1.63571 0.000734645 -0.104576 0.00345498
 1.03 2.09075 -0.07787479999999999 -1.63556 0.000712694 -0.104629 0.00344341
 1.035 2.08979 -0.0770076 -1.6378 0.00076211 -0.104679 0.00343925
 1.04 2.09089 -0.0773764 -1.63774 0.000739348 -0.104737 0.00342773
 1.045 2.09185 -0.07773239999999999 -1.63758 0.000717174 -0.10479 0.00341598
 1.05 2.09088 -0.0768674 -1.63983 0.000766867 -0.10484 0.00341216
 1.055 2.09198 -0.0772393 -1.63977 0.0007438739999999999 -0.104899 0.00340047
 1.06 2.09295 -0.07759820000000001 -1.63962 0.000721476 -0.104953 0.00338855
 1.065 2.09198 -0.076736 -1.64188 0.000771424 -0.105003 0.00338507
 1.07 2.09308 -0.0771109 -1.64182 0.000748201 -0.105062 0.00337321
 1.075 2.09406 -0.07747279999999999 -1.64166 0.00072558 -0.105116 0.00336111
 1.08 2.09308 -0.0766139 -1.64394 0.000775759 -0.105166 0.00335799
 1.085 2.09419 -0.0769918 -1.64388 0.000752308 -0.105226 0.00334595
 1.09 2.09517 -0.07735649999999999 -1.64372 0.000729465 -0.10528 0.00333367
 1.095 2.09418 -0.0765014 -1.64601 0.000779854 -0.105331 0.00333091
 1.1 2.0953 -0.0768822 -1.64595 0.000756177 -0.10539 0.00331871
 1.105 2.09628 -0.0772497 -1.64579 0.000733115 -0.105444 0.00330625
 1.11 2.09529 -0.07639890000000001 -1.64809 0.000783693 -0.105495 0.00330385
 1.115 2.09641 -0.07678260000000001 -1.64803 0.0007597940000000001 -0.105555 0.00329148
 1.12 2.0974 -0.07715279999999999 -1.64787 0.000736517 -0.10561 0.00327884
 1.125 2.0964 -0.07630670000000001 -1.65018 0.000787263 -0.105661 0.00327682
 1.13 2.09753 -0.0766931 -1.65012 0.000763146 -0.105721 0.00326427
 1.135 2.09852 -0.0770661 -1.64995 0.000739657 -0.105776 0.00325147
 1.14 2.09752 -0.076225 -1.65227 0.000790552 -0.105827 0.00324981
 1.145 2.09865 -0.07661419999999999 -1.65221 0.000766221 -0.105887 0.0032371
 1.15 2.09964 -0.07698969999999999 -1.65205 0.000742525 -0.105942 0.00322412
 1.155 2.09863 -0.07615420000000001 -1.65437 0.0007935489999999999 -0.105993 0.00322285
 1.16 2.09977 -0.0765459 -1.65431 0.00076901 -0.106054 0.00320997
 1.165 2.10077 -0.0769239 -1.65415 0.000745112 -0.106109 0.00319683
 1.17 2.09975 -0.0760943 -1.65648 0.000796244 -0.10616 0.00319594
 1.175 2.10089 -0.0764885 -1.65642 0.000771503 -0.106221 0.0031829
 1.18 2.10189 -0.0768689 -1.65625 0.000747409 -0.106276 0.00316959
 1.185 2.10088 -0.0760456 -1.65859 0.00079863 -0.106327 0.00316909
 1.19 2.10202 -0.0764422 -1.65853 0.000773693 -0.106388 0.00315589
 1.195 2.10302 -0.0768249 -1.65836 0.000749409 -0.106443 0.00314242
 1.2 2.102 -0.0760083 -1.6607 0.000800699 -0.106495 0.00314231
 1.205 2.10314 -0.07640719999999999 -1.66064 0.000775572 -0.106556 0.00312896
 1.21 2.10415 -0.076792 -1.66047 0.0007511040000000001 -0.106611 0.00311532
 1.215 2.10312 -0.07598249999999999 -1.66282 0.000802445 -0.106663 0.00311561
 1.22 2.10427 -0.07638349999999999 -1.66276 0.000777134 -0.106723 0.00310211
 1.225 2.10528 -0.0767704 -1.66259 0.0007524880000000001 -0.106779 0.00308832
 1.23 2.10425 -0.0759682 -1.66494 0.000803861 -0.10683 0.003089
 1.235 2.10539 -0.0763713 -1.66487 0.000778374 -0.106891 0.00307535
 1.24 2.1064 -0.0767601 -1.66471 0.000753557 -0.106947 0.00306141
 1.245 2.10537 -0.0759657 -1.66706 0.000804942 -0.106999 0.0030625
 1.25 2.10652 -0.0763706 -1.66699 0.000779286 -0.10706 0.0030487
 1.255 2.10753 -0.0767612 -1.66683 0.000754305 -0.107115 0.00303461
 1.26 2.10649 -0.0759749 -1.66918 0.000805683 -0.107167 0.0030361
 1.265 2.10764 -0.07638159999999999 -1.66911 0.000779865 -0.107228 0.00302217
 1.27 2.10865 -0.07677390000000001 -1.66894 0.000754727 -0.107283 0.00300794
 1.275 2.10762 -0.07599590000000001 -1.67129 0.000806079 -0.107335 0.00300983
 1.28 2.10877 -0.07640420000000001 -1.67123 0.000780108 -0.107396 0.00299576
 1.285 2.10978 -0.07679809999999999 -1.67106 0.000754821 -0.107451 0.00298139
 1.29 2.10874 -0.07602879999999999 -1.67341 0.000806128 -0.107503 0.00298369
 1.295 2.10989 -0.0764386 -1.67335 0.0007800110000000001 -0.107564 0.00296949
 1.3 2.1109 -0.076834 -1.67318 0.000754583 -0.107619 0.00295498
 1.305 2.10986 -0.07607360000000001 -1.67553 0.000805826 -0.107671 0.00295769
 1.31 2.111 -0.07648480000000001 -1.67547 0.00077957 -0.107732 0.00294336
 1.315 2.11201 -0.07688150000000001 -1.6753 0.000754008 -0.107787 0.00292873
 1.32 2.11097 -0.0761303 -1.67764 0.000805169 -0.107838 0.00293184
 1.325 2.11212 -0.07654270000000001 -1.67758 0.000778784 -0.107899 0.00291739
 1.33 2.11313 -0.0769406 -1.67741 0.000753096 -0.107954 0.00290263
 1.335 2.11209 -0.0761989 -1.67975 0.000804155 -0.108006 0.00290615
 1.34 2.11323 -0.0766124 -1.67969 0.000777649 -0.108066 0.00289158
 1.345 2.11424 -0.0770113 -1.67951 0.000751845 -0.108122 0.0028767
 1.35 2.1132 -0.0762794 -1.68185 0.0008027829999999999 -0.108173 0.00288062
 1.355 2.11434 -0.0766939 -1.68179 0.000776164 -0.108233 0.00286594
 1.36 2.11535 -0.0770937 -1.68162 0.000750251 -0.108288 0.00285095
 1.365 2.11431 -0.0763717 -1.68395 0.00080105 -0.10834 0.00285528
 1.37 2.11545 -0.07678699999999999 -1.68389 0.000774328 -0.1084 0.00284049
 1.375 2.11645 -0.0771876 -1.68371 0.000748315 -0.108455 0.00282539
 1.38 2.11541 -0.0764758 -1.68604 0.000798955 -0.108506 0.00283011
 1.385 2.11655 -0.0768918 -1.68598 0.000772139 -0.108566 0.00281522
 1.39 2.11755 -0.077293 -1.68581 0.000746035 -0.108621 0.00280003
 1.395 2.11651 -0.0765916 -1.68813 0.000796499 -0.108672 0.00280514
 1.4 2.11764 -0.0770081 -1.68806 0.000769597 -0.108732 0.00279016
 1.405 2.11864 -0.0774098 -1.68789 0.000743411 -0.108786 0.00277487
 1.41 2.1176 -0.076719 -1.6902 0.000793679 -0.108837 0.00278037
 1.415 2.11873 -0.07713589999999999 -1.69014 0.000766702 -0.108897 0.0027653
 1.42 2.11973 -0.077538 -1.68996 0.000740442 -0.108951 0.00274992
 1.425 2.11869 -0.076858 -1.69227 0.000790497 -0.109001 0.00275581
 1.43 2.11982 -0.0772751 -1.6922 0.000763454 -0.109061 0.00274065
 1.435 2.12081 -0.07767739999999999 -1.69203 0.00073713 -0.109115 0.00272519
 1.44 2.11978 -0.0770084 -1.69433 0.000786953 -0.109165 0.00273146
 1.445 2.1209 -0.0774256 -1.69426 0.000759853 -0.109224 0.00271623
 1.45 2.12188 -0.07782790000000001 -1.69409 0.000733475 -0.109278 0.00270069
 1.455 2.12085 -0.07717010000000001 -1.69637 0.000783047 -0.109328 0.00270734
 1.46 2.12197 -0.0775872 -1.6963 0.000755902 -0.109387 0.00269203
 1.465 2.12295 -0.0779894 -1.69613 0.000729479 -0.109441 0.00267642
 1.47 2.12192 -0.07734290000000001 -1.69841 0.000778782 -0.109491 0.00268344
 1.475 2.12303 -0.0777598 -1.69834 0.0007515999999999999 -0.109549 0.00266807
 1.48 2.12401 -0.0781618 -1.69817 0.000725142 -0.109603 0.0026524
 1.485 2.12299 -0.0775267 -1.70043 0.0007741580000000001 -0.109652 0.00265978
 1.49 2.12409 -0.0779432 -1.70036 0.00074695 -0.10971 0.00264435
 1.495 2.12507 -0.07834480000000001 -1.70019 0.000720467 -0.109763 0.00262862
 1.5 2.12405 -0.07772129999999999 -1.70244 0.000769178 -0.109813 0.00263636
 1.505 2.12514 -0.0781372 -1.70237 0.000741954 -0.109871 0.00262088
 1.51 2.12611 -0.07853830000000001 -1.7022 0.000715457 -0.109923 0.0026051
 1.515 2.1251 -0.0779265 -1.70443 0.000763844 -0.109972 0.00261318
 1.52 2.12619 -0.0783417 -1.70437 0.0007366160000000001 -0.11003 0.00259765
 1.525 2.12715 -0.0787421 -1.70419 0.000710113 -0.110082 0.00258184
 1.53 2.12614 -0.07814210000000001 -1.70642 0.00075816 -0.110131 0.00259026
 1.535 2.12722 -0.0785565 -1.70635 0.000730937 -0.110188 0.00257469
 1.54 2.12818 -0.0789561 -1.70618 0.00070444 -0.11024 0.00255885
 1.545 2.12718 -0.0783679 -1.70838 0.000752129 -0.110288 0.00256759
 1.55 2.12825 -0.0787813 -1.70831 0.000724922 -0.110345 0.00255199
 1.555 2.1292 -0.0791799 -1.70814 0.000698442 -0.110397 0.00253612
 1.56 2.1282 -0.0786037 -1.71033 0.0007457539999999999 -0.110444 0.00254518
 1.565 2.12927 -0.0790159 -1.71026 0.000718574 -0.110501 0.00252956
 1.57 2.13021 -0.0794134 -1.71009 0.000692121 -0.110552 0.00251367
 1.575 2.12922 -0.07884919999999999 -1.71226 0.000739039 -0.110599 0.00252304
 1.58 2.13028 -0.0792601 -1.71219 0.000711898 -0.110655 0.0025074
 1.585 2.13121 -0.0796562 -1.71202 0.000685483 -0.110706 0.0024915
 1.59 2.13023 -0.0791041 -1.71418 0.00073199 -0.110753 0.00250117
 1.595 2.13128 -0.0795135 -1.71411 0.000704899 -0.110809 0.00248552
 1.6 2.13221 -0.0799083 -1.71394 0.000678532 -0.110859 0.00246961
 1.605 2.13123 -0.0793683 -1.71608 0.000724612 -0.110906 0.00247956
 1.61 2.13227 -0.079776 -1.716 0.000697581 -0.110961 0.00246392
 1.615 2.13319 -0.0801692 -1.71584 0.000671274 -0.111011 0.00244802
 1.62 2.13222 -0.0796414 -1.71796 0.000716908 -0.111057 0.00245824
 1.625 2.13325 -0.0800473 -1.71788 0.00068995 -0.111112 0.0024426
 1.63 2.13417 -0.0804387 -1.71771 0.000663714 -0.111161 0.00242671
 1.635 2.13495 -0.08078879999999999 -1.71747 0.000639916 -0.111205 0.00241176
 1.64 2.13343 -0.0799883 -1.72027 0.000707419 -0.11125 0.00243103
 1.645 2.13454 -0.0803928 -1.72028 0.000680668 -0.111307 0.00241611
 1.65 2.13548 -0.0807866 -1.72015 0.000654299 -0.111358 0.00240035
 1.655 2.13448 -0.080262 -1.72229 0.000700882 -0.111403 0.00241189
 1.66 2.13549 -0.0806665 -1.72222 0.000673928 -0.111456 0.00239619
 1.665 2.13639 -0.0810568 -1.72205 0.000647669 -0.111505 0.00238022
 1.67 2.13716 -0.0814058 -1.72181 0.000623862 -0.111548 0.00236519
 1.675 2.13567 -0.0806441 -1.72455 0.000689833 -0.111592 0.00238509
 1.68 2.13675 -0.0810459 -1.72456 0.000663152 -0.111648 0.0023701
 1.685 2.13767 -0.0814372 -1.72442 0.000636855 -0.111697 0.00235429
 1.69 2.13842 -0.0817837 -1.72418 0.000613162 -0.111739 0.00233928
 1.695 2.13691 -0.0810216 -1.72694 0.0006800349999999999 -0.111782 0.00236023
 1.7 2.13798 -0.0814226 -1.72695 0.000653365 -0.111838 0.00234523
 1.705 2.13889 -0.08181330000000001 -1.72682 0.000627058 -0.111887 0.00232938
 1.71 2.13964 -0.0821591 -1.72657 0.000603365 -0.111928 0.00231433
 1.715 2.13814 -0.0814197 -1.72929 0.000669267 -0.111971 0.00233555
 1.72 2.13919 -0.08181910000000001 -1.7293 0.000642649 -0.112025 0.00232052
 1.725 2.14009 -0.08220810000000001 -1.72917 0.000616398 -0.112074 0.00230465
 1.73 2.14083 -0.08255270000000001 -1.72892 0.000592751 -0.112115 0.0022896
 1.735 2.13935 -0.0818376 -1.7316 0.000657488 -0.112157 0.00231102
 1.74 2.14039 -0.0822344 -1.7316 0.000630981 -0.11221 0.00229597
 1.745 2.14127 -0.082621 -1.73147 0.000604844 -0.112258 0.00228013
 1.75 2.142 -0.08296340000000001 -1.73123 0.000581293 -0.112298 0.00226511
 1.755 2.14055 -0.0822725 -1.73386 0.000644833 -0.112339 0.00228669
 1.76 2.14156 -0.082666 -1.73385 0.000618488 -0.112392 0.00227168
 1.765 2.14244 -0.0830494 -1.73372 0.000592513 -0.112439 0.0022559
 1.77 2.14315 -0.08338909999999999 -1.73348 0.000569104 -0.112479 0.00224095
 1.775 2.14173 -0.0827219 -1.73606 0.000631426 -0.112519 0.00226266
 1.78 2.14272 -0.0831115 -1.73606 0.000605286 -0.112571 0.00224771
 1.785 2.14358 -0.0834911 -1.73593 0.000579516 -0.112617 0.00223202
 1.79 2.14428 -0.0838276 -1.73569 0.000556286 -0.112656 0.00221716
 1.795 2.14288 -0.0831837 -1.73822 0.000617365 -0.112696 0.00223898
 1.8 2.14386 -0.0835689 -1.73821 0.0005914680000000001 -0.112747 0.00222411
 1.805 2.1447 -0.08394409999999999 -1.73808 0.000565939 -0.112792 0.00220853
 1.81 2.14539 -0.0842769 -1.73785 0.000542922 -0.11283 0.0021938
 1.815 2.14402 -0.0836562 -1.74033 0.000602729 -0.112869 0.00221568
 1.82 2.14497 -0.0840364 -1.74032 0.00057711 -0.112919 0.00220093
 1.825 2.1458 -0.08440690000000001 -1.74018 0.000551855 -0.112963 0.00218549
 1.83 2.14648 -0.08473550000000001 -1.73996 0.000529081 -0.113001 0.00217089
 1.835 2.14514 -0.08413760000000001 -1.74238 0.000587584 -0.113039 0.00219281
 1.84 2.14607 -0.0845125 -1.74237 0.000562273 -0.113088 0.00217818
 1.845 2.14688 -0.0848777 -1.74224 0.000537323 -0.113131 0.0021629
 1.85 2.14755 -0.0852019 -1.74202 0.000514818 -0.113168 0.00214847
 1.855 2.14623 -0.0846266 -1.74439 0.000571986 -0.113206 0.00217037
 1.86 2.14714 -0.08499569999999999 -1.74437 0.000547012 -0.113253 0.00215589
 1.865 2.14793 -0.0853554 -1.74424 0.000522394 -0.113295 0.00214079
 1.87 2.14859 -0.0856748 -1.74402 0.000500185 -0.113332 0.00212654
 1.875 2.14731 -0.0851218 -1.74634 0.000555983 -0.113368 0.00214839
 1.88 2.14819 -0.0854847 -1.74632 0.000531373 -0.113415 0.00213408
 1.885 2.14897 -0.0858385 -1.74619 0.000507112 -0.113456 0.00211917
 1.89 2.14961 -0.0861528 -1.74598 0.000485223 -0.113492 0.00210512
 1.895 2.14836 -0.0856219 -1.74824 0.000539617 -0.113528 0.00212687
 1.9 2.14922 -0.0859784 -1.74821 0.000515396 -0.113573 0.00211274
 1.905 2.14998 -0.086326 -1.74809 0.000491519 -0.113613 0.00209805
 1.91 2.15061 -0.0866348 -1.74788 0.000469971 -0.113648 0.00208422
 1.915 2.14939 -0.0861258 -1.75008 0.000522927 -0.113683 0.00210582
 1.92 2.15023 -0.0864755 -1.75006 0.00049912 -0.113727 0.00209189
 1.925 2.15097 -0.0868165 -1.74993 0.000475651 -0.113766 0.00207743
 1.93 2.15159 -0.08711960000000001 -1.74973 0.000454466 -0.1138 0.00206383
 1.935 2.1504 -0.08663220000000001 -1.75187 0.000505951 -0.113835 0.00208523
 1.94 2.15122 -0.0869748 -1.75184 0.00048258 -0.113877 0.00207152
 1.945 2.15194 -0.087309 -1.75172 0.000459542 -0.113916 0.00205731
 1.95 2.15254 -0.0876062 -1.75153 0.000438742 -0.113949 0.00204395
 1.955 2.1531 -0.0878785 -1.75133 0.000419563 -0.11398 0.00203155
 1.96 2.15155 -0.0872284 -1.75391 0.000486236 -0.114013 0.00206112
 1.965 2.1524 -0.0875633 -1.75394 0.000463483 -0.114057 0.00204823
 1.97 2.15312 -0.0878931 -1.75385 0.000440775 -0.114095 0.00203439
 1.975 2.1537 -0.0881837 -1.75366 0.000420394 -0.114127 0.00202127
 1.98 2.15425 -0.08845020000000001 -1.75346 0.000401602 -0.114157 0.0020091
 1.985 2.15271 -0.0878187 -1.756 0.000467283 -0.114189 0.00203884
 1.99 2.15354 -0.088147 -1.75603 0.000444946 -0.114231 0.00202614
 1.995 2.15424 -0.08847049999999999 -1.75594 0.000422636 -0.114268 0.00201252
 2 2.15481 -0.08875570000000001 -1.75575 0.000402611 -0.1143 0.00199962
 2.005 2.15534 -0.0890171 -1.75556 0.000384148 -0.114329 0.00198766
 2.01 2.15386 -0.0884211 -1.758 0.0004472 -0.114359 0.0020167
 2.015 2.15465 -0.0887414 -1.75802 0.000425359 -0.1144 0.00200421
 2.02 2.15533 -0.089057 -1.75794 0.00040355 -0.114436 0.00199086
 2.025 2.15587 -0.0893356 -1.75775 0.000383964 -0.114466 0.00197824
 2.03 2.15639 -0.089591 -1.75757 0.000365904 -0.114494 0.00196653
 2.035 2.15497 -0.089031 -1.75991 0.00042615 -0.114524 0.00199474
 2.04 2.15573 -0.089342 -1.75992 0.00040489 -0.114563 0.00198251
 2.045 2.15638 -0.08964859999999999 -1.75983 0.000383667 -0.114597 0.00196948
 2.05 2.15691 -0.0899195 -1.75966 0.000364596 -0.114626 0.0019572
 2.055 2.15741 -0.0901679 -1.75948 0.000347011 -0.114654 0.0019458
 2.06 2.15606 -0.0896431 -1.76171 0.000404409 -0.114682 0.00197311
 2.065 2.15678 -0.0899438 -1.76172 0.0003838 -0.114719 0.00196118
 2.07 2.1574 -0.0902404 -1.76163 0.000363232 -0.114752 0.00194853
 2.075 2.15791 -0.09050279999999999 -1.76147 0.000344739 -0.11478 0.00193663
 2.08 2.15839 -0.0907434 -1.7613 0.000327687 -0.114807 0.00192558
 2.085 2.15884 -0.0909638 -1.76113 0.00031197 -0.114831 0.00191533
 2.09 2.15724 -0.0903322 -1.76365 0.000379875 -0.114858 0.00194883
 2.095 2.15797 -0.0906217 -1.7637 0.000360117 -0.114895 0.00193774
 2.1 2.15858 -0.0909097 -1.76364 0.000340169 -0.114927 0.0019256
 2.105 2.15907 -0.09116249999999999 -1.76348 0.000322324 -0.114954 0.0019141
 2.11 2.15952 -0.0913944 -1.76332 0.000305869 -0.114979 0.00190343
 2.115 2.15995 -0.0916069 -1.76316 0.000290701 -0.115003 0.00189354
 2.12 2.15842 -0.09101330000000001 -1.76556 0.000355504 -0.115028 0.00192604
 2.125 2.1591 -0.09129130000000001 -1.76561 0.000336487 -0.115063 0.00191528
 2.13 2.15969 -0.0915682 -1.76555 0.000317279 -0.115093 0.00190356
 2.135 2.16015 -0.09181159999999999 -1.7654 0.000300086 -0.115119 0.00189249
 2.14 2.16059 -0.0920349 -1.76525 0.000284231 -0.115143 0.00188222
 2.145 2.161 -0.0922395 -1.76509 0.000269615 -0.115165 0.00187269
 2.15 2.15957 -0.0916964 -1.76734 0.00032993 -0.115189 0.00190337
 2.155 2.1602 -0.0919611 -1.76737 0.000311772 -0.115221 0.00189299
 2.16 2.16075 -0.0922249 -1.76731 0.000293441 -0.11525 0.00188178
 2.165 2.16119 -0.09245730000000001 -1.76717 0.000277014 -0.115274 0.00187121
 2.17 2.1616 -0.0926705 -1.76703 0.000261865 -0.115297 0.00186141
 2.175 2.16199 -0.092866 -1.76689 0.000247898 -0.115318 0.00185231
 2.18 2.16236 -0.093045 -1.76674 0.000235028 -0.115338 0.00184388
 2.185 2.16078 -0.09244239999999999 -1.76914 0.000301388 -0.11536 0.00187849
 2.19 2.1614 -0.0926918 -1.7692 0.000284328 -0.115391 0.00186897
 2.195 2.16192 -0.0929426 -1.76915 0.000266922 -0.115419 0.00185841
 2.2 2.16233 -0.0931622 -1.76903 0.000251386 -0.115441 0.00184842
 2.205 2.16272 -0.0933638 -1.7689 0.000237057 -0.115462 0.00183915
 2.21 2.16308 -0.0935487 -1.76877 0.000223845 -0.115482 0.00183056
 2.215 2.16342 -0.0937181 -1.76863 0.000211667 -0.115501 0.00182259
 2.22 2.16197 -0.09317449999999999 -1.77083 0.000272494 -0.115521 0.00185474
 2.225 2.16253 -0.0934074 -1.77088 0.000256511 -0.115549 0.00184571
 2.23 2.16302 -0.093642 -1.77084 0.000240206 -0.115574 0.00183578
 2.235 2.1634 -0.093848 -1.77072 0.000225632 -0.115595 0.00182643
 2.24 2.16376 -0.0940372 -1.77061 0.000212189 -0.115615 0.00181775
 2.245 2.16409 -0.09421069999999999 -1.77049 0.00019979 -0.115633 0.00180971
 2.25 2.16441 -0.0943698 -1.77037 0.000188361 -0.115651 0.00180225
 2.255 2.16471 -0.09451560000000001 -1.77025 0.000177828 -0.115667 0.00179533
 2.26 2.16321 -0.0939551 -1.77246 0.00024038 -0.115685 0.00182904
 2.265 2.16374 -0.0941685 -1.77252 0.000225759 -0.115711 0.00182088
 2.27 2.16418 -0.09438539999999999 -1.77249 0.000210699 -0.115734 0.00181176
 2.275 2.16453 -0.0945752 -1.77239 0.000197275 -0.115753 0.00180317
 2.28 2.16486 -0.0947496 -1.77229 0.000184889 -0.115771 0.0017952
 2.285 2.16516 -0.0949097 -1.77219 0.000173464 -0.115788 0.0017878
 2.29 2.16545 -0.0950566 -1.77208 0.000162927 -0.115803 0.00178095
 2.295 2.16572 -0.0951912 -1.77198 0.000153214 -0.115818 0.00177459
 2.3 2.16597 -0.0953145 -1.77187 0.000144263 -0.115832 0.00176869
 2.305 2.16621 -0.0954274 -1.77177 0.000136017 -0.115845 0.00176322
 2.31 2.16458 -0.0948107 -1.77411 0.000204157 -0.11586 0.00180074
 2.315 2.16506 -0.0950014 -1.77419 0.000191169 -0.115884 0.00179374
 2.32 2.16547 -0.0951984 -1.77419 0.000177542 -0.115905 0.0017856
 2.325 2.16578 -0.0953695 -1.7741 0.000165467 -0.115922 0.00177789
 2.33 2.16606 -0.0955268 -1.77402 0.000154321 -0.115937 0.00177074
 2.335 2.16633 -0.0956714 -1.77393 0.000144034 -0.115952 0.00176411
 2.34 2.16659 -0.09580420000000001 -1.77385 0.000134543 -0.115966 0.00175797
 2.345 2.16682 -0.0959261 -1.77376 0.000125787 -0.115979 0.00175227
 2.35 2.16704 -0.096038 -1.77368 0.000117713 -0.115991 0.00174698
 2.355 2.16725 -0.0961405 -1.77359 0.000110269 -0.116002 0.00174208
 2.36 2.16745 -0.0962345 -1.77351 0.000103407 -0.116013 0.00173753
 2.365 2.16763 -0.0963205 -1.77342 9.70848e-05 -0.116023 0.00173332
 2.37 2.1678 -0.09639929999999999 -1.77334 9.126100000000001e-05 -0.116033 0.00172941
 2.375 2.16613 -0.0957665 -1.77567 0.000160787 -0.116044 0.00176841
 2.38 2.16655 -0.0959276 -1.77577 0.000149903 -0.116065 0.00176275
 2.385 2.1669 -0.0960974 -1.77579 0.000138221 -0.116083 0.00175586
 2.39 2.16715 -0.096244 -1.77573 0.000127929 -0.116096 0.00174934
 2.395 2.16739 -0.09637900000000001 -1.77567 0.000118421 -0.116109 0.00174329
 2.4 2.16761 -0.0965034 -1.77561 0.000109638 -0.116121 0.00173768
 2.405 2.16782 -0.0966178 -1.77555 0.000101525 -0.116132 0.00173248
 2.41 2.16801 -0.0967232 -1.77549 9.40332e-05 -0.116143 0.00172766
 2.415 2.16819 -0.09682010000000001 -1.77543 8.71149e-05 -0.116152 0.00172319
 2.42 2.16836 -0.0969092 -1.77537 8.072709999999999e-05 -0.116162 0.00171905
 2.425 2.16852 -0.0969911 -1.77531 7.483e-05 -0.11617 0.00171521
 2.43 2.16867 -0.0970665 -1.77526 6.93862e-05 -0.116178 0.00171164
 2.435 2.16881 -0.09713579999999999 -1.7752 6.43606e-05 -0.116186 0.00170834
 2.44 2.16894 -0.09719940000000001 -1.77515 5.97229e-05 -0.116193 0.00170528
 2.445 2.16906 -0.09725789999999999 -1.77509 5.54425e-05 -0.1162 0.00170244
 2.45 2.16917 -0.0973116 -1.77504 5.14921e-05 -0.116206 0.0016998
 2.455 2.16928 -0.097361 -1.77499 4.7847e-05 -0.116212 0.00169736
 2.46 2.16938 -0.0974063 -1.77494 4.44837e-05 -0.116217 0.0016951
 2.465 2.16947 -0.0974479 -1.77489 4.13804e-05 -0.116223 0.001693
 2.47 2.16956 -0.09748610000000001 -1.77485 3.85167e-05 -0.116227 0.00169105
 2.475 2.16964 -0.0975212 -1.7748 3.5874e-05 -0.116232 0.00168925
 2.48 2.16971 -0.0975535 -1.77476 3.34349e-05 -0.116236 0.00168758
 2.485 2.16978 -0.09758310000000001 -1.77472 3.11833e-05 -0.11624 0.00168603
 2.49 2.16985 -0.0976104 -1.77468 2.91043e-05 -0.116244 0.00168459
 2.495 2.16991 -0.0976354 -1.77464 2.71839e-05 -0.116248 0.00168326
 2.5 2.16997 -0.0976585 -1.77461 2.54095e-05 -0.116251 0.00168202
 2.505 2.17002 -0.0976798 -1.77457 2.37692e-05 -0.116254 0.00168087
 2.51 2.17007 -0.09769940000000001 -1.77454 2.22514e-05 -0.116257 0.00167981
 2.515 2.17012 -0.0977176 -1.77451 2.08455e-05 -0.116259 0.00167883
 2.52 2.17016 -0.0977345 -1.77449 1.95439e-05 -0.116262 0.00167792
 2.525 2.1702 -0.09775010000000001 -1.77446 1.83343e-05 -0.116264 0.00167707
 2.53 2.17024 -0.0977649 -1.77444 1.71947e-05 -0.116266 0.00167627
 2.535 2.17028 -0.09777909999999999 -1.77442 1.61094e-05 -0.116268 0.00167552
 2.54 2.17031 -0.0977929 -1.7744 1.50657e-05 -0.11627 0.00167481
 2.545 2.17035 -0.0978064 -1.77438 1.40497e-05 -0.116272 0.00167412
 2.55 2.17038 -0.09782 -1.77436 1.30486e-05 -0.116274 0.00167346
 2.555 2.17041 -0.09783360000000001 -1.77434 1.20508e-05 -0.116276 0.00167281
 2.56 2.17045 -0.0978477 -1.77433 1.10454e-05 -0.116277 0.00167217
 2.565 2.17048 -0.09786209999999999 -1.77431 1.00224e-05 -0.116279 0.00167153
 2.57 2.17052 -0.0978772 -1.7743 8.97239e-06 -0.116281 0.00167088
 2.575 2.17055 -0.09789299999999999 -1.77429 7.88682e-06 -0.116283 0.00167023
 2.58 2.17059 -0.0979097 -1.77428 6.75768e-06 -0.116284 0.00166957
 2.585 2.17063 -0.0979274 -1.77427 5.57758e-06 -0.116286 0.00166889
 2.59 2.17067 -0.09794609999999999 -1.77426 4.33967e-06 -0.116288 0.00166818
 2.595 2.17071 -0.097966 -1.77425 3.03427e-06 -0.11629 0.00166746
 2.6 2.17075 -0.0979874 -1.77424 1.64743e-06 -0.116292 0.00166669
 2.605 2.1708 -0.09801020000000001 -1.77423 1.81829e-07 -0.116294 0.0016659
 2.61 2.17085 -0.0980343 -1.77422 -1.36226e-06 -0.116297 0.00166507
 2.615 2.17091 -0.09805990000000001 -1.77422 -2.9913e-06 -0.116299 0.00166421
 2.62 2.17096 -0.0980871 -1.77421 -4.70959e-06 -0.116301 0.0016633
 2.625 2.17102 -0.0981158 -1.7742 -6.52111e-06 -0.116304 0.00166236
 2.63 2.17108 -0.0981462 -1.7742 -8.429519999999999e-06 -0.116307 0.00166137
 2.635 2.17115 -0.0981784 -1.77419 -1.04382e-05 -0.11631 0.00166034
 2.64 2.17121 -0.0982122 -1.77418 -1.25503e-05 -0.116312 0.00165926
 2.645 2.17128 -0.0982479 -1.77418 -1.47687e-05 -0.116316 0.00165813
 2.65 2.17136 -0.09828539999999999 -1.77417 -1.70959e-05 -0.116319 0.00165695
 2.655 2.17144 -0.0983248 -1.77417 -1.95346e-05 -0.116322 0.00165571
 2.66 2.17152 -0.0983661 -1.77416 -2.20869e-05 -0.116326 0.00165443
 2.665 2.1716 -0.09840930000000001 -1.77416 -2.47548e-05 -0.116329 0.00165309
 2.67 2.17169 -0.0984544 -1.77415 -2.75404e-05 -0.116333 0.00165169
 2.675 2.17179 -0.09850159999999999 -1.77415 -3.04453e-05 -0.116337 0.00165024
 2.68 2.17188 -0.09855079999999999 -1.77414 -3.3471e-05 -0.116341 0.00164873
 2.685 2.17198 -0.098602 -1.77414 -3.66192e-05 -0.116345 0.00164717
 2.69 2.17209 -0.0986553 -1.77413 -3.9891e-05 -0.11635 0.00164554
 2.695 2.1722 -0.0987106 -1.77413 -4.32878e-05 -0.116354 0.00164385
 2.7 2.17231 -0.0987681 -1.77412 -4.68106e-05 -0.116359 0.00164211
 2.705 2.17242 -0.0988276 -1.77412 -5.04604e-05 -0.116364 0.0016403
 2.71 2.17254 -0.0988893 -1.77412 -5.42381e-05 -0.116369 0.00163843
 2.715 2.17267 -0.0989531 -1.77411 -5.81445e-05 -0.116374 0.0016365
 2.72 2.1728 -0.099019 -1.77411 -6.218040000000001e-05 -0.11638 0.00163451
 2.725 2.17293 -0.0990871 -1.7741 -6.634640000000001e-05 -0.116385 0.00163245
 2.73 2.17307 -0.0991573 -1.7741 -7.06431e-05 -0.116391 0.00163033
 2.735 2.17321 -0.0992297 -1.77409 -7.5071e-05 -0.116397 0.00162815
 2.74 2.17335 -0.0993043 -1.77409 -7.96306e-05 -0.116403 0.0016259
 2.745 2.1735 -0.0993811 -1.77409 -8.43222e-05 -0.116409 0.00162359
 2.75 2.17365 -0.09946000000000001 -1.77408 -8.91462e-05 -0.116416 0.00162122
 2.755 2.17381 -0.09954109999999999 -1.77408 -9.41029e-05 -0.116422 0.00161878
 2.76 2.17397 -0.0996245 -1.77407 -9.91924e-05 -0.116429 0.00161628
 2.765 2.17414 -0.09970999999999999 -1.77407 -0.000104415 -0.116436 0.00161371
 2.77 2.17431 -0.0997977 -1.77406 -0.000109771 -0.116443 0.00161108
 2.775 2.17448 -0.09988759999999999 -1.77406 -0.00011526 -0.11645 0.00160838
 2.78 2.17466 -0.0999797 -1.77406 -0.000120882 -0.116458 0.00160562
 2.785 2.17485 -0.100074 -1.77405 -0.000126638 -0.116465 0.00160279
 2.79 2.17705 -0.0995441 -1.77164 -6.90636e-05 -0.116473 0.00163793
 2.795 2.17723 -0.0997248 -1.77171 -8.043510000000001e-05 -0.116479 0.00163066
 2.8 2.17731 -0.09991709999999999 -1.77172 -9.259719999999999e-05 -0.116482 0.00162349
 2.805 2.17736 -0.100095 -1.77171 -0.000103817 -0.116485 0.00161735
 2.81 2.17743 -0.10027 -1.77169 -0.000114809 -0.116488 0.00161136
 2.815 2.17751 -0.100442 -1.77167 -0.000125598 -0.116491 0.00160552
 2.82 2.1776 -0.100612 -1.77166 -0.00013621 -0.116495 0.0015998
 2.825 2.17771 -0.100779 -1.77164 -0.000146667 -0.1165 0.0015942
 2.83 2.17783 -0.100944 -1.77163 -0.000156989 -0.116505 0.00158869
 2.835 2.17796 -0.101108 -1.77161 -0.000167196 -0.116511 0.00158328
 2.84 2.1781 -0.10127 -1.7716 -0.000177306 -0.116517 0.00157794
 2.845 2.17826 -0.101432 -1.77159 -0.000187334 -0.116523 0.00157267
 2.85 2.17842 -0.101592 -1.77158 -0.000197298 -0.11653 0.00156746
 2.855 2.17859 -0.101752 -1.77157 -0.00020721 -0.116537 0.0015623
 2.86 2.18105 -0.101852 -1.76879 -0.000212709 -0.116545 0.00156061
 2.865 2.18123 -0.102029 -1.76886 -0.000223334 -0.116551 0.0015549
 2.87 2.18129 -0.102196 -1.76885 -0.000233604 -0.116552 0.00154934
 2.875 2.18133 -0.102358 -1.76881 -0.000243586 -0.116554 0.00154398
 2.88 2.18138 -0.102519 -1.76877 -0.000253559 -0.116556 0.00153866
 2.885 2.18146 -0.102681 -1.76874 -0.000263535 -0.116559 0.00153336
 2.89 2.18156 -0.102843 -1.7687 -0.000273521 -0.116562 0.00152809
 2.895 2.18167 -0.103006 -1.76867 -0.000283527 -0.116567 0.00152284
 2.9 2.18179 -0.103169 -1.76864 -0.000293558 -0.116572 0.00151759
 2.905 2.18194 -0.103333 -1.76862 -0.000303623 -0.116578 0.00151236
 2.91 2.18209 -0.103497 -1.76859 -0.000313728 -0.116584 0.00150712
 2.915 2.18226 -0.103663 -1.76857 -0.000323878 -0.116591 0.00150188
 2.92 2.18478 -0.103826 -1.7657 -0.00033552 -0.116598 0.00149652
 2.925 2.18497 -0.104005 -1.76576 -0.000346121 -0.116604 0.00149102
 2.93 2.18504 -0.104174 -1.76574 -0.00035633 -0.116606 0.00148561
 2.935 2.18508 -0.104338 -1.76569 -0.000366392 -0.116607 0.00148027
 2.94 2.18515 -0.104505 -1.76564 -0.000376545 -0.116609 0.00147491
 2.945 2.18523 -0.104672 -1.7656 -0.000386791 -0.116612 0.00146954
 2.95 2.18534 -0.104842 -1.76556 -0.000397131 -0.116616 0.00146414
 2.955 2.18547 -0.105013 -1.76552 -0.000407567 -0.116621 0.00145872
 2.96 2.18562 -0.105185 -1.76548 -0.000418101 -0.116627 0.00145326
 2.965 2.18578 -0.10536 -1.76545 -0.000428733 -0.116633 0.00144778
 2.97 2.18596 -0.105536 -1.76542 -0.000439464 -0.11664 0.00144227
 2.975 2.18857 -0.105717 -1.76244 -0.000452311 -0.116648 0.00143609
 2.98 2.18878 -0.105908 -1.76251 -0.00046357 -0.116654 0.00143029
 2.985 2.18886 -0.106089 -1.76249 -0.000474443 -0.116656 0.00142457
 2.99 2.18891 -0.106266 -1.76243 -0.000485202 -0.116658 0.00141889
 2.995 2.18899 -0.106445 -1.76237 -0.000496091 -0.11666 0.00141317
 3 2.18909 -0.106626 -1.76233 -0.000507108 -0.116664 0.00140741
 3.005 2.18922 -0.106809 -1.76228 -0.000518252 -0.116668 0.00140161
 3.01 2.18936 -0.106995 -1.76224 -0.00052952 -0.116674 0.00139578
 3.015 2.18953 -0.107182 -1.7622 -0.0005409119999999999 -0.11668 0.0013899
 3.02 2.18971 -0.107372 -1.76216 -0.0005524250000000001 -0.116687 0.00138398
 3.025 2.19233 -0.107567 -1.75917 -0.000566056 -0.116695 0.00137719
 3.03 2.19255 -0.107772 -1.75923 -0.000578132 -0.116702 0.00137097
 3.035 2.19264 -0.107968 -1.75921 -0.000589841 -0.116704 0.00136481
 3.04 2.19271 -0.108159 -1.75915 -0.000601452 -0.116706 0.00135869
 3.045 2.1928 -0.108353 -1.75909 -0.0006132070000000001 -0.116709 0.00135252
 3.05 2.19292 -0.108549 -1.75904 -0.000625101 -0.116713 0.00134631
 3.055 2.19306 -0.108748 -1.759 -0.000637131 -0.116719 0.00134005
 3.06 2.19323 -0.108949 -1.75895 -0.000649295 -0.116725 0.00133375
 3.065 2.19341 -0.109151 -1.75891 -0.000661591 -0.116732 0.00132741
 3.07 2.19596 -0.10936 -1.75599 -0.000675876 -0.11674 0.00132008
 3.075 2.19618 -0.109578 -1.75605 -0.000688723 -0.116746 0.00131343
 3.08 2.19629 -0.109787 -1.75602 -0.000701235 -0.116749 0.00130685
 3.085 2.19636 -0.109993 -1.75596 -0.00071367 -0.116751 0.00130029
 3.09 2.19647 -0.110201 -1.75591 -0.00072625 -0.116755 0.00129369
 3.095 2.19661 -0.110411 -1.75586 -0.0007389710000000001 -0.11676 0.00128704
 3.1 2.19677 -0.110623 -1.75581 -0.00075183 -0.116765 0.00128035
 3.105 2.19695 -0.110838 -1.75577 -0.000764823 -0.116772 0.00127362
 3.11 2.19715 -0.111055 -1.75573 -0.000777947 -0.11678 0.00126684
 3.115 2.19984 -0.111278 -1.75266 -0.000793084 -0.116789 0.00125886
 3.12 2.2001 -0.111512 -1.75273 -0.000806805 -0.116796 0.00125176
 3.125 2.20022 -0.111735 -1.75271 -0.000820145 -0.1168 0.00124474
 3.13 2.20031 -0.111954 -1.75265 -0.000833385 -0.116802 0.00123775
 3.135 2.20043 -0.112176 -1.7526 -0.000846769 -0.116806 0.00123071
 3.14 2.20058 -0.1124 -1.75255 -0.000860292 -0.116811 0.00122364
 3.145 2.20075 -0.112626 -1.75251 -0.00087395 -0.116818 0.00121652
 3.15 2.20095 -0.112855 -1.75247 -0.00088774 -0.116825 0.00120936
 3.155 2.20349 -0.113089 -1.74955 -0.000903349 -0.116833 0.00120092
 3.16 2.20374 -0.113332 -1.74961 -0.000917687 -0.116841 0.00119347
 3.165 2.20386 -0.113567 -1.74959 -0.000931695 -0.116844 0.00118608
 3.17 2.20396 -0.113798 -1.74953 -0.000945627 -0.116847 0.00117871
 3.175 2.2041 -0.114031 -1.74948 -0.000959698 -0.116852 0.00117131
 3.18 2.20426 -0.114267 -1.74943 -0.000973905 -0.116857 0.00116387
 3.185 2.20445 -0.114504 -1.74939 -0.0009882420000000001 -0.116864 0.00115639
 3.19 2.20467 -0.114744 -1.74935 -0.00100271 -0.116872 0.00114886
 3.195 2.20729 -0.11499 -1.74635 -0.00101896 -0.116881 0.00113987
 3.2 2.20756 -0.115246 -1.74642 -0.00103399 -0.116889 0.00113205
 3.205 2.2077 -0.115492 -1.7464 -0.00104866 -0.116893 0.0011243
 3.21 2.20781 -0.115734 -1.74635 -0.00106324 -0.116897 0.00111658
 3.215 2.20796 -0.115978 -1.7463 -0.00107795 -0.116901 0.00110882
 3.22 2.20814 -0.116225 -1.74626 -0.00109279 -0.116908 0.00110103
 3.225 2.20834 -0.116474 -1.74622 -0.00110776 -0.116915 0.00109321
 3.23 2.20857 -0.116724 -1.74618 -0.00112284 -0.116923 0.00108535
 3.235 2.21129 -0.116981 -1.74308 -0.00113969 -0.116933 0.0010758
 3.24 2.21158 -0.117248 -1.74316 -0.00115537 -0.116942 0.00106763
 3.245 2.21173 -0.117505 -1.74315 -0.00117065 -0.116946 0.00105954
 3.25 2.21185 -0.117757 -1.7431 -0.00118582 -0.116949 0.00105149
 3.255 2.21201 -0.118012 -1.74305 -0.00120111 -0.116955 0.00104341
 3.26 2.21219 -0.118268 -1.74301 -0.00121653 -0.116961 0.0010353
 3.265 2.21241 -0.118527 -1.74298 -0.00123206 -0.116969 0.00102716
 3.27 2.21489 -0.118791 -1.74013 -0.00124912 -0.116977 0.00101734
 3.275 2.21516 -0.119063 -1.74019 -0.00126517 -0.116985 0.00100893
 3.28 2.21531 -0.119327 -1.74018 -0.00128089 -0.116989 0.00100058
 3.285 2.21545 -0.119588 -1.74013 -0.00129654 -0.116994 0.0009922679999999999
 3.29 2.21562 -0.119851 -1.74009 -0.00131231 -0.116999 0.0009839250000000001
 3.295 2.21581 -0.120116 -1.74005 -0.00132819 -0.117006 0.000975555
 3.3 2.21604 -0.120382 -1.74002 -0.00134419 -0.117014 0.000967157
 3.305 2.21855 -0.120654 -1.73715 -0.00136164 -0.117023 0.00095692
 3.31 2.21884 -0.120935 -1.73722 -0.00137815 -0.117032 0.000948253
 3.315 2.219 -0.121207 -1.73721 -0.00139433 -0.117036 0.0009396540000000001
 3.32 2.21915 -0.121475 -1.73716 -0.00141041 -0.117041 0.000931094
 3.325 2.21933 -0.121746 -1.73713 -0.0014266 -0.117047 0.000922511
 3.33 2.21954 -0.122018 -1.7371 -0.00144291 -0.117054 0.000913905
 3.335 2.21978 -0.122292 -1.73707 -0.00145932 -0.117062 0.000905274
 3.34 2.22234 -0.122571 -1.73415 -0.00147713 -0.117072 0.000894621
 3.345 2.22264 -0.12286 -1.73422 -0.00149405 -0.117081 0.000885719
 3.35 2.22281 -0.123139 -1.73422 -0.00151063 -0.117086 0.000876893
 3.355 2.22297 -0.123414 -1.73418 -0.00152709 -0.11709 0.000868113
 3.36 2.22316 -0.123691 -1.73415 -0.00154366 -0.117097 0.000859313
 3.365 2.22338 -0.123969 -1.73412 -0.00156033 -0.117104 0.000850494
 3.37 2.22362 -0.12425 -1.7341 -0.0015771 -0.117113 0.000841655
 3.375 2.22623 -0.124536 -1.73114 -0.00159521 -0.117123 0.000830607
 3.38 2.22654 -0.124831 -1.73122 -0.0016125 -0.117132 0.000821494
 3.385 2.22672 -0.125116 -1.73122 -0.00162942 -0.117137 0.000812464
 3.39 2.22689 -0.125397 -1.73119 -0.00164621 -0.117142 0.000803488
 3.395 2.22708 -0.12568 -1.73116 -0.00166311 -0.117148 0.000794496
 3.4 2.22731 -0.125965 -1.73114 -0.0016801 -0.117156 0.000785489
 3.405 2.22756 -0.12625 -1.73112 -0.00169718 -0.117165 0.000776467
 3.41 2.2302 -0.126542 -1.72812 -0.00171551 -0.117175 0.000765047
 3.415 2.23052 -0.126843 -1.72821 -0.00173312 -0.117184 0.000755749
 3.42 2.23071 -0.127134 -1.72822 -0.00175034 -0.11719 0.000746542
 3.425 2.23088 -0.12742 -1.72819 -0.00176741 -0.117195 0.000737395
 3.43 2.23108 -0.127708 -1.72817 -0.00178458 -0.117201 0.000728237
 3.435 2.23132 -0.127997 -1.72815 -0.00180183 -0.117209 0.000719068
 3.44 2.23158 -0.128288 -1.72814 -0.00181917 -0.117218 0.000709887
 3.445 2.23424 -0.128584 -1.72511 -0.00183768 -0.117228 0.0006981240000000001
 3.45 2.23457 -0.12889 -1.72521 -0.00185555 -0.117238 0.000688667
 3.455 2.23477 -0.129185 -1.72522 -0.001873 -0.117244 0.000679309
 3.46 2.23494 -0.129476 -1.7252 -0.0018903 -0.117249 0.000670017
 3.465 2.23515 -0.129768 -1.72518 -0.00190769 -0.117255 0.000660718
 3.47 2.23539 -0.130061 -1.72517 -0.00192516 -0.117263 0.000651413
 3.475 2.23565 -0.130356 -1.72516 -0.0019427 -0.117272 0.000642101
 3.48 2.23833 -0.130655 -1.72211 -0.00196132 -0.117283 0.000630023
 3.485 2.23867 -0.130966 -1.72222 -0.0019794 -0.117293 0.000620436
 3.49 2.23887 -0.131265 -1.72224 -0.00199704 -0.117298 0.000610953
 3.495 2.23905 -0.131558 -1.72222 -0.00201452 -0.117303 0.000601543
 3.5 2.23926 -0.131854 -1.72221 -0.00203208 -0.11731 0.000592131
 3.505 2.2395 -0.13215 -1.7222 -0.0020497 -0.117318 0.000582717
 3.51 2.23977 -0.132448 -1.72219 -0.0020674 -0.117327 0.0005733
 3.515 2.24246 -0.13275 -1.71913 -0.00208608 -0.117338 0.00056094
 3.52 2.2428 -0.133064 -1.71925 -0.0021043 -0.117348 0.00055125
 3.525 2.24301 -0.133365 -1.71927 -0.00212208 -0.117353 0.00054167
 3.53 2.24319 -0.133662 -1.71926 -0.00213968 -0.117359 0.00053217
 3.535 2.2434 -0.133959 -1.71925 -0.00215736 -0.117365 0.000522672
 3.54 2.24365 -0.134258 -1.71925 -0.00217509 -0.117374 0.000513177
 3.545 2.24392 -0.134558 -1.71925 -0.00219289 -0.117383 0.000503683
 3.55 2.24661 -0.134863 -1.71619 -0.00221156 -0.117393 0.000491076
 3.555 2.24695 -0.135178 -1.71631 -0.00222988 -0.117403 0.000481313
 3.56 2.24716 -0.135482 -1.71634 -0.00224774 -0.117409 0.000471664
 3.565 2.24735 -0.13578 -1.71634 -0.00226542 -0.117414 0.000462101
 3.57 2.24757 -0.136079 -1.71633 -0.00228316 -0.117421 0.000452545
 3.575 2.24781 -0.136379 -1.71634 -0.00230095 -0.117429 0.000442997
 3.58 2.24809 -0.13668 -1.71634 -0.00231879 -0.117438 0.000433455
 3.585 2.25077 -0.136986 -1.71329 -0.0023374 -0.117449 0.000420639
 3.59 2.25112 -0.137302 -1.71342 -0.00235575 -0.117459 0.00041083
 3.595 2.25133 -0.137607 -1.71345 -0.00237365 -0.117465 0.000401142
 3.6 2.25152 -0.137905 -1.71345 -0.00239134 -0.11747 0.000391545
 3.605 2.25174 -0.138205 -1.71345 -0.00240909 -0.117477 0.00038196
 3.61 2.25199 -0.138506 -1.71346 -0.00242688 -0.117485 0.000372387
 3.615 2.25226 -0.138807 -1.71347 -0.00244472 -0.117494 0.000362824
 3.62 2.25493 -0.139113 -1.71044 -0.00246322 -0.117505 0.00034984
 3.625 2.25527 -0.139429 -1.71057 -0.00248155 -0.117515 0.000340017
 3.63 2.25549 -0.139734 -1.71061 -0.00249942 -0.11752 0.000330319
 3.635 2.25568 -0.140033 -1.71062 -0.00251708 -0.117526 0.000320717
 3.64 2.2559 -0.140332 -1.71063 -0.00253479 -0.117532 0.000311131
 3.645 2.25615 -0.140632 -1.71064 -0.00255253 -0.11754 0.000301562
 3.65 2.25643 -0.140933 -1.71066 -0.0025703 -0.11755 0.000292008
 3.655 2.25907 -0.141239 -1.70765 -0.00258863 -0.11756 0.000278898
 3.66 2.25941 -0.141554 -1.70778 -0.00260688 -0.11757 0.000269091
 3.665 2.25963 -0.141858 -1.70783 -0.00262468 -0.117576 0.000259412
 3.67 2.25982 -0.142155 -1.70784 -0.00264225 -0.117581 0.000249834
 3.675 2.26005 -0.142454 -1.70785 -0.00265986 -0.117588 0.000240277
 3.68 2.2603 -0.142753 -1.70787 -0.00267749 -0.117596 0.000230741
 3.685 2.26058 -0.143052 -1.70789 -0.00269515 -0.117605 0.000221226
 3.69 2.26318 -0.143356 -1.70493 -0.00271326 -0.117615 0.000208034
 3.695 2.26353 -0.143669 -1.70506 -0.00273138 -0.117625 0.000198274
 3.7 2.26374 -0.143972 -1.70513 -0.00274892 -0.11763 0.00018866
 3.705 2.31633 -0.188357 -1.48381 0.0123555 -0.110237 -0.0102032
 3.71 2.47213 -0.319546 -0.826533 0.0572326 -0.08828900000000001 -0.0410369
 3.715 2.53077 -0.316232 -0.817819 0.0596842 -0.0892389 -0.045521
 3.72 2.71775 -0.314641 -0.745968 0.0702164 -0.0905647 -0.061155
 3.725 2.70147 -0.301873 -0.808005 0.0657355 -0.0927181 -0.0578714
 3.73 2.67003 -0.290736 -0.873593 0.0606988 -0.0945539 -0.0536354
 3.735 2.64079 -0.280424 -0.934311 0.0560299 -0.0962519 -0.04971
 3.74 2.61368 -0.270882 -0.990551 0.0517017 -0.0978257 -0.0460725
 3.745 2.5886 -0.262061 -1.04268 0.0476889 -0.09928629999999999 -0.0427019
 3.75 2.56541 -0.253908 -1.091 0.0439685 -0.100642 -0.0395786
 3.755 2.52505 -0.211926 -1.08795 0.0444863 -0.0999598 -0.0414553
 3.76 2.45118 -0.104146 -0.986299 0.0529673 -0.0954504 -0.0526679
 3.765 2.39737 -0.06513149999999999 -0.978195 0.0533508 -0.0942745 -0.0537264
 3.77 2.26466 0.0574127 -0.847735 0.0628548 -0.0874701 -0.064723
 3.775 2.23856 0.0898665 -0.8438059999999999 0.0634873 -0.08696619999999999 -0.0665954
 3.78 2.16714 0.204151 -0.723268 0.0737067 -0.08169940000000001 -0.0799704
 3.785 2.14785 0.226636 -0.727482 0.07360319999999999 -0.08157739999999999 -0.0808271
 3.79 2.08149 0.334071 -0.611441 0.0833569 -0.0765327 -0.093567
 3.795 2.06819 0.347766 -0.622951 0.0825988 -0.0767515 -0.0935214
 3.8 2.00743 0.44846 -0.50917 0.09199930000000001 -0.07194730000000001 -0.105465
 3.805 2.00164 0.429957 -0.558346 0.0877462 -0.0735531 -0.100676
 3.81 1.94332 0.463457 -0.523919 0.0894679 -0.0713294 -0.102157
 3.815 1.83467 0.362198 -0.17968 0.105673 -0.0548212 -0.102824
 3.82 1.47855 0.160839 0.964411 0.164798 -0.00133376 -0.119041
 3.825 1.40471 0.08167969999999999 1.19904 0.175457 0.0100315 -0.11848
 3.83 1.01848 -0.135004 2.4898 0.242974 0.0700482 -0.138776
 3.835 0.880728 -0.260467 3.0587 0.272504 0.0961587 -0.146663
 3.84 0.7042310000000001 -0.344591 3.51028 0.294899 0.118012 -0.150251
 3.845 0.412607 -0.401537 4.05856 0.321307 0.145975 -0.154761
 3.85 0.115697 -0.484062 4.70578 0.353214 0.178182 -0.161387
 3.855 0.14007 -0.517945 4.67729 0.350659 0.177023 -0.15799
 3.86 -0.105846 -0.665084 5.53102 0.395391 0.21697 -0.171639
 3.865 -0.0659039 -0.686477 5.44722 0.390019 0.213259 -0.167622
 3.87 -0.29884 -0.823479 6.25972 0.432685 0.251425 -0.180956
 3.875 -0.225392 -0.826199 6.06589 0.42157 0.242606 -0.175251
 3.88 -0.405795 -0.935665 6.68036 0.453951 0.27178 -0.18439
 3.885 -0.392978 -0.9248690000000001 6.50012 0.442654 0.26418 -0.177133
 3.89 -0.686518 -0.975257 7.0705 0.470962 0.292246 -0.183485
 3.895 -0.621516 -0.982541 6.92942 0.463077 0.28524 -0.179599
 3.9 -0.788401 -1.0892 7.54376 0.495753 0.313027 -0.190186
 3.905 -0.714599 -1.08842 7.36783 0.486057 0.304498 -0.185851
 3.91 -0.877613 -1.19082 7.97058 0.518192 0.331837 -0.196487
 3.915 -0.795449 -1.18201 7.75863 0.506595 0.321734 -0.191614
 3.92 -0.961908 -1.27723 8.32888 0.537339 0.347755 -0.20111
 3.925 -0.723673 -1.19549 7.5955 0.49774 0.31366 -0.186417
 3.93 -0.502974 -1.11974 6.91586 0.461039 0.282064 -0.1728
 3.935 -0.287297 -1.04873 6.28692 0.427435 0.252589 -0.161002
 3.94 -0.06507930000000001 -0.981289 5.70585 0.397117 0.224887 -0.151712
 3.945 0.116891 -0.920577 5.16531 0.368125 0.199625 -0.14133
 3.95 0.304402 -0.862951 4.66589 0.341952 0.175887 -0.133097
 3.955 0.457727 -0.811063 4.20132 0.316934 0.154237 -0.123955
 3.96 0.615333 -0.761868 3.77203 0.294318 0.133906 -0.116624
 3.965 0.733641 -0.717981 3.3732 0.272645 0.115458 -0.107745
 3.97 0.848121 -0.677336 3.00269 0.25241 0.0983598 -0.0998913
 3.975 0.954107 -0.639672 2.65937 0.233655 0.0825174 -0.0926125
 3.98 0.788374 -0.755351 2.95198 0.242919 0.098039 -0.0849442
 3.985 0.106918 -1.16373 4.44469 0.304797 0.172833 -0.0759922
 3.99 0.00532899 -1.24232 4.60842 0.30898 0.18181 -0.06962119999999999
 3.995 -0.612525 -1.61879 5.98542 0.366405 0.250669 -0.0620311
 4 -0.659235 -1.66532 6.03808 0.366198 0.254007 -0.0567632
 4.005 -1.22192 -2.01447 7.31553 0.419797 0.317757 -0.0503558
 4.01 -1.21989 -2.00804 7.20184 0.412598 0.313112 -0.0453121
 4.015 -1.72623 -2.27249 8.242459999999999 0.455591 0.365891 -0.0392595
 4.02 -1.749 -2.29088 8.22401 0.452616 0.365828 -0.0348591
 4.025 -2.19718 -2.54149 9.16154 0.491172 0.41342 -0.0286393
 4.03 -1.8808 -2.34442 8.40189 0.457445 0.375951 -0.029768
 4.035 -1.61316 -2.11548 7.7663 0.431212 0.3441 -0.037188
 4.04 -1.33964 -1.94911 7.10942 0.401916 0.31173 -0.0377606
 4.045 -1.11208 -1.74762 6.5704 0.379878 0.284661 -0.0448027
 4.05 -0.8753300000000001 -1.60771 6.00167 0.354379 0.256667 -0.0448851
 4.055 -0.682172 -1.42977 5.54561 0.335945 0.233705 -0.051605
 4.06 -0.499898 -1.31249 5.05295 0.313422 0.209769 -0.0499738
 4.065 -0.38363 -1.15375 4.67224 0.29712 0.191265 -0.0539603
 4.07 -0.201206 -1.05586 4.24473 0.277814 0.17021 -0.0535623
 4.075 -0.0573531 -0.916975 3.91895 0.265085 0.153655 -0.0598647
 4.08 0.101455 -0.835589 3.54765 0.248211 0.135388 -0.0591816
 4.085 0.222777 -0.711346 3.2748 0.237778 0.121459 -0.0652804
 4.09 0.361197 -0.644888 2.95076 0.222906 0.105551 -0.0642224
 4.095 0.463164 -0.533151 2.72346 0.214449 0.0938832 -0.070157
 4.1 0.584139 -0.479673 2.43979 0.201282 0.0799921 -0.0687555
 4.105 0.6694830000000001 -0.378601 2.25171 0.194531 0.070269 -0.0745604
 4.11 0.778909 -0.342341 1.99382 0.18219 0.0577307 -0.0720404
 4.115 0.850651 -0.261881 1.82374 0.17571 0.0490156 -0.0757496
 4.12 0.915771 -0.216852 1.62476 0.166144 0.0395378 -0.07436
 4.125 0.950076 -0.143645 1.48878 0.160513 0.03295 -0.07698969999999999
 4.13 1.03013 -0.107171 1.31207 0.152484 0.0242158 -0.0767056
 4.135 1.08822 -0.0412502 1.19454 0.14841 0.0180713 -0.0808874
 4.14 1.06185 0.0176264 1.14033 0.140971 0.0184479 -0.082869
 4.145 0.828732 0.164759 1.33901 0.136929 0.0368194 -0.0943601
 4.15 0.822059 0.20929 1.27549 0.130332 0.035939 -0.095524
 4.155 0.601817 0.344736 1.47097 0.12715 0.0535693 -0.106351
 4.16 0.710463 0.345791 1.29458 0.121556 0.0432399 -0.104074
 4.165 0.791937 0.381455 1.18171 0.119977 0.0358356 -0.106679
 4.17 0.884559 0.379691 1.02727 0.114886 0.0268705 -0.104276
 4.175 0.94485 0.417037 0.941252 0.114219 0.021003 -0.106997
 4.18 0.99605 0.419163 0.816841 0.109712 0.0140531 -0.104047
 4.185 1.02904 0.444835 0.737773 0.108057 0.00919012 -0.104548
 4.19 1.10197 0.444622 0.624538 0.104466 0.00254183 -0.103191
 4.195 1.15825 0.468943 0.554264 0.103662 -0.00215888 -0.105348
 4.2 1.22208 0.466929 0.454245 0.100376 -0.00798898 -0.103936
 4.205 1.2698 0.490232 0.397035 0.0999154 -0.0118981 -0.106135
 4.21 1.32586 0.486567 0.308227 0.09688140000000001 -0.0170314 -0.104662
 4.215 1.36626 0.509005 0.262238 0.0967155 -0.020261 -0.106901
 4.22 1.41569 0.503817 0.182916 0.0938884 -0.0248019 -0.10536
 4.225 1.44982 0.525527 0.146568 0.093977 -0.0274481 -0.107636
 4.23 1.49359 0.5189240000000001 0.0752506 0.0913176 -0.0314861 -0.106023
 4.235 1.52238 0.540025 0.047187 0.091626 -0.0336314 -0.108334
 4.24 1.56133 0.532096 -0.0174025 0.0891004 -0.0372438 -0.106643
 4.245 1.58554 0.55269 -0.0383449 0.0895991 -0.0389591 -0.108987
 4.25 1.60386 0.543875 -0.0931961 0.0870271 -0.0418907 -0.106272
 4.255 1.57147 0.565181 -0.10128 0.08679729999999999 -0.0421986 -0.106051
 4.26 1.59609 0.554654 -0.153739 0.08438909999999999 -0.0449646 -0.103893
 4.265 1.61889 0.573843 -0.164792 0.0852387 -0.0461214 -0.106531
 4.27 1.65225 0.56268 -0.21527 0.08308219999999999 -0.048886 -0.104915
 4.275 1.67144 0.581613 -0.221688 0.0840436 -0.049757 -0.107541
 4.28 1.70155 0.569393 -0.268866 0.0819153 -0.0522963 -0.105795
 4.285 1.71768 0.588125 -0.271296 0.0829746 -0.0529218 -0.108416
 4.29 1.74503 0.574881 -0.31579 0.08085970000000001 -0.0552737 -0.10654
 4.295 1.75855 0.593464 -0.314783 0.0820052 -0.0556884 -0.10916
 4.3 1.63166 0.447912 0.126552 0.0972518 -0.0308533 -0.107464
 4.305 1.17954 0.120902 1.5787 0.149641 0.0506081 -0.115572
 4.31 1.05197 0.091443 1.94781 0.160263 0.0731926 -0.122952
 4.315 0.6887180000000001 -0.311509 3.17684 0.205983 0.140604 -0.117592
 4.32 0.623055 -0.308048 3.42642 0.212086 0.156395 -0.124731
 4.325 0.303583 -0.6813940000000001 4.53631 0.253649 0.217083 -0.119478
 4.33 0.270155 -0.648894 4.68432 0.256167 0.227176 -0.126776
 4.335 -0.0101905 -0.997186 5.69083 0.294131 0.282015 -0.12159
 4.34 -0.0165819 -0.939538 5.75223 0.293589 0.287251 -0.129033
 4.345 -0.26261 -1.26657 6.66887 0.328435 0.336997 -0.12387
 4.35 -0.246314 -1.18731 6.65627 0.325277 0.338082 -0.13142
 4.355 -0.462233 -1.54694 7.46031 0.357096 0.380817 -0.120018
 4.36 -0.494749 -1.58701 7.31 0.35247 0.372182 -0.10804
 4.365 -0.958155 -1.88635 8.143359999999999 0.388875 0.416628 -0.09137679999999999
 4.37 -0.837958 -1.86422 7.96551 0.383032 0.406602 -0.0945382
 4.375 -0.990188 -2.03577 8.67977 0.41418 0.445526 -0.109989
 4.38 -1.03204 -1.98678 8.587440000000001 0.406784 0.443732 -0.114127
 4.385 -1.15346 -2.13672 9.24893 0.436638 0.479412 -0.131292
 4.39 -1.18114 -2.09949 9.10356 0.426044 0.474391 -0.128027


