# Created by Octave 3.8.2, Mon May 25 09:47:54 2015 CST <waldronluo@Debian>
# name: approachSig
# type: matrix
# rows: 760
# columns: 7
 0 0.0375657 -0.00170152 -0.0284831 4.31391e-06 -0.00180521 8.30314e-05
 0.005 0.185079 -0.00838305 -0.140331 2.12538e-05 -0.00889393 0.00040908
 0.01 0.321796 -0.0145756 -0.243993 3.69539e-05 -0.0154638 0.000711265
 0.015 0.448506 -0.0203148 -0.340067 5.15048e-05 -0.0215529 0.0009913330000000001
 0.02 0.565943 -0.025634 -0.42911 6.49904e-05 -0.0271963 0.0012509
 0.025 0.6747840000000001 -0.0305639 -0.511635 7.748809999999999e-05 -0.0324267 0.00149147
 0.03 0.77566 -0.0351329 -0.58812 8.907010000000001e-05 -0.0372743 0.00171443
 0.035 0.869153 -0.0393675 -0.659006 9.980280000000001e-05 -0.0417671 0.00192107
 0.04 0.955803 -0.0432921 -0.724703 0.000109748 -0.0459311 0.00211258
 0.045 1.03611 -0.0469294 -0.785591 0.000118963 -0.0497904 0.00229008
 0.05 1.11054 -0.0503004 -0.842022 0.000127502 -0.0533674 0.00245457
 0.055 1.17953 -0.0534246 -0.894321 0.000135412 -0.0566825 0.00260703
 0.06 1.24347 -0.0563201 -0.94279 0.00014274 -0.0597551 0.00274832
 0.065 1.30272 -0.0590036 -0.987711 0.000149528 -0.06260300000000001 0.00287926
 0.07000000000000001 1.35765 -0.0614906 -1.02934 0.000155814 -0.06524240000000001 0.00300061
 0.075 1.40855 -0.0637955 -1.06793 0.000161637 -0.06768879999999999 0.00311308
 0.08 1.45573 -0.06593160000000001 -1.10368 0.000167028 -0.0699562 0.0032173
 0.08500000000000001 1.49945 -0.0679112 -1.13682 0.000172019 -0.07205780000000001 0.00331389
 0.09 1.53998 -0.0697459 -1.16753 0.00017664 -0.07400569999999999 0.0034034
 0.095 1.57754 -0.0714461 -1.19599 0.000180916 -0.07581110000000001 0.00348635
 0.1 1.61236 -0.07302169999999999 -1.22236 0.000184873 -0.0774846 0.00356322
 0.105 1.64463 -0.0744819 -1.24681 0.000188533 -0.0790357 0.00363445
 0.11 1.67454 -0.0758351 -1.26945 0.000191918 -0.0804734 0.00370046
 0.115 1.70226 -0.07708909999999999 -1.29044 0.000195048 -0.081806 0.00376163
 0.12 1.72795 -0.0782511 -1.30989 0.000197941 -0.0830413 0.0038183
 0.125 1.75177 -0.07932790000000001 -1.32792 0.000200615 -0.08418639999999999 0.00387082
 0.13 1.77384 -0.0803257 -1.34462 0.000203084 -0.0852478 0.00391948
 0.135 1.7943 -0.0812504 -1.36009 0.000205363 -0.08623169999999999 0.00396456
 0.14 1.81327 -0.0821071 -1.37443 0.000207466 -0.08714379999999999 0.00400633
 0.145 1.83085 -0.082901 -1.38771 0.000209406 -0.08798930000000001 0.00404503
 0.15 1.84714 -0.0836365 -1.40002 0.000211194 -0.0887732 0.00408088
 0.155 1.86225 -0.084318 -1.41143 0.000212841 -0.08949989999999999 0.00411409
 0.16 1.87625 -0.08494939999999999 -1.42199 0.000214357 -0.09017360000000001 0.00414485
 0.165 1.88772 -0.08423460000000001 -1.434 0.000276399 -0.0908017 0.00416415
 0.17 1.90006 -0.084838 -1.44324 0.000274529 -0.0913934 0.00418954
 0.175 1.91144 -0.0854105 -1.45173 0.000271934 -0.0919411 0.00421259
 0.18 1.92191 -0.08593290000000001 -1.45953 0.000269852 -0.09244620000000001 0.0042339
 0.185 1.93161 -0.0864168 -1.46675 0.000267911 -0.0929146 0.00425363
 0.19 1.94061 -0.0868651 -1.47345 0.000266099 -0.0933489 0.0042719
 0.195 1.94895 -0.0872802 -1.47964 0.000264407 -0.0937518 0.00428881
 0.2 1.95669 -0.0876647 -1.48538 0.000262826 -0.0941254 0.00430447
 0.205 1.96386 -0.0880208 -1.49069 0.000261346 -0.094472 0.00431896
 0.21 1.97051 -0.0883505 -1.49561 0.000259961 -0.0947935 0.00433236
 0.215 1.97668 -0.08865580000000001 -1.50016 0.000258663 -0.0950918 0.00434476
 0.22 1.9824 -0.0889384 -1.50438 0.000257445 -0.0953686 0.00435623
 0.225 1.98613 -0.0878582 -1.51058 0.000319253 -0.0956288 0.0043577
 0.23 1.99135 -0.0881661 -1.51435 0.000314826 -0.09587950000000001 0.00436654
 0.235 1.99615 -0.0884645 -1.51776 0.000309865 -0.0961113 0.00437424
 0.24 2.00051 -0.0887328 -1.52086 0.000305586 -0.0963236 0.00438132
 0.245 2.00456 -0.08898109999999999 -1.52373 0.000301605 -0.0965208 0.00438786
 0.25 2.00832 -0.0892109 -1.52638 0.000297898 -0.0967039 0.00439389
 0.255 2.0118 -0.0894235 -1.52883 0.000294446 -0.096874 0.00439946
 0.26 2.01504 -0.08962009999999999 -1.5311 0.00029123 -0.09703199999999999 0.00440459
 0.265 2.01804 -0.08980200000000001 -1.53319 0.000288232 -0.0971788 0.00440931
 0.27 2.02083 -0.0899702 -1.53512 0.000285436 -0.0973152 0.00441366
 0.275 2.02171 -0.088685 -1.53939 0.00035078 -0.0974457 0.00440822
 0.28 2.02445 -0.0889011 -1.54121 0.000344659 -0.0975771 0.00441089
 0.285 2.02693 -0.08911479999999999 -1.54281 0.000338086 -0.0976981 0.00441282
 0.29 2.02914 -0.0893037 -1.54422 0.000332345 -0.09780759999999999 0.00441454
 0.295 2.0312 -0.0894784 -1.54552 0.000327006 -0.0979095 0.0044161
 0.3 2.03311 -0.08963980000000001 -1.54671 0.000322038 -0.0980043 0.00441751
 0.305 2.03488 -0.08978899999999999 -1.54781 0.000317414 -0.0980927 0.00441879
 0.31 2.03653 -0.0899268 -1.54882 0.000313109 -0.098175 0.00441995
 0.315 2.03643 -0.0886783 -1.55214 0.000374337 -0.0982551 0.00441233
 0.32 2.03817 -0.08886520000000001 -1.55315 0.000367056 -0.0983393 0.00441229
 0.325 2.03974 -0.08905150000000001 -1.55401 0.000359433 -0.0984168 0.00441171
 0.33 2.04111 -0.0892155 -1.55474 0.000352697 -0.0984862 0.0044111
 0.335 2.04238 -0.0893669 -1.5554 0.000346432 -0.098551 0.0044105
 0.34 2.04357 -0.0895068 -1.55601 0.000340605 -0.09861159999999999 0.00440991
 0.345 2.04467 -0.0896359 -1.55656 0.000335183 -0.0986682 0.00440932
 0.35 2.04409 -0.0884089 -1.55941 0.000394298 -0.0987244 0.00440062
 0.355 2.04536 -0.0885872 -1.56002 0.000386101 -0.09878629999999999 0.00439909
 0.36 2.04649 -0.08876530000000001 -1.56051 0.000377637 -0.09884320000000001 0.00439713
 0.365 2.04746 -0.08892170000000001 -1.5609 0.000370113 -0.0988937 0.00439523
 0.37 2.04836 -0.0890662 -1.56125 0.000363117 -0.098941 0.00439343
 0.375 2.0492 -0.0891995 -1.56156 0.000356611 -0.0989853 0.00439173
 0.38 2.04999 -0.0893225 -1.56184 0.000350558 -0.099027 0.00439011
 0.385 2.04897 -0.0879755 -1.56464 0.000414914 -0.0990697 0.00438014
 0.39 2.05001 -0.0881557 -1.56504 0.000405803 -0.0991204 0.00437763
 0.395 2.05091 -0.0883361 -1.56532 0.000396432 -0.0991667 0.00437469
 0.4 2.05166 -0.08849369999999999 -1.5655 0.000388112 -0.0992068 0.00437187
 0.405 2.05235 -0.088639 -1.56565 0.000380378 -0.0992446 0.00436922
 0.41 2.05301 -0.08877309999999999 -1.56579 0.000373186 -0.0992801 0.00436672
 0.415 2.05196 -0.08752459999999999 -1.56831 0.000432625 -0.099317 0.00435683
 0.42 2.05285 -0.0877096 -1.56857 0.000422752 -0.09936159999999999 0.0043536
 0.425 2.05363 -0.08789420000000001 -1.56872 0.000412707 -0.0994023 0.00435002
 0.43 2.05427 -0.0880561 -1.56879 0.000403735 -0.0994377 0.00434661
 0.435 2.05487 -0.08820550000000001 -1.56884 0.000395395 -0.09947110000000001 0.0043434
 0.44 2.05544 -0.0883433 -1.56888 0.00038764 -0.0995027 0.00434038
 0.445 2.05421 -0.0870272 -1.57146 0.000450355 -0.09953620000000001 0.00433001
 0.45 2.05506 -0.08722009999999999 -1.57164 0.000439751 -0.0995784 0.00432628
 0.455 2.05578 -0.0874124 -1.57173 0.000428987 -0.09961680000000001 0.00432217
 0.46 2.05637 -0.08758059999999999 -1.57172 0.000419378 -0.09964969999999999 0.00431826
 0.465 2.05691 -0.08773590000000001 -1.5717 0.000410447 -0.0996809 0.00431459
 0.47 2.05743 -0.087879 -1.57168 0.000402145 -0.0997104 0.00431114
 0.475 2.05605 -0.0864844 -1.57436 0.000468836 -0.09974230000000001 0.00430039
 0.48 2.05689 -0.0866874 -1.57451 0.000457466 -0.0997841 0.00429621
 0.485 2.05759 -0.0868896 -1.57454 0.000445945 -0.0998218 0.00429163
 0.49 2.05815 -0.08706609999999999 -1.57449 0.000435672 -0.09985380000000001 0.00428727
 0.495 2.05867 -0.087229 -1.57442 0.000426125 -0.0998841 0.00428317
 0.5 2.05749 -0.08601830000000001 -1.57678 0.000483968 -0.09991609999999999 0.00427304
 0.505 2.05828 -0.08622879999999999 -1.57687 0.000471988 -0.09995660000000001 0.0042684
 0.51 2.05896 -0.086437 -1.57686 0.000459971 -0.0999935 0.00426346
 0.515 2.05951 -0.0866205 -1.57678 0.000449178 -0.100025 0.00425876
 0.52 2.06003 -0.0867898 -1.57668 0.00043915 -0.100056 0.00425436
 0.525 2.05878 -0.0855525 -1.57909 0.000498514 -0.100088 0.00424419
 0.53 2.05959 -0.085771 -1.57916 0.000485986 -0.100129 0.00423924
 0.535 2.06027 -0.0859868 -1.57913 0.000473436 -0.100166 0.00423398
 0.54 2.06082 -0.0861769 -1.57903 0.000462166 -0.100198 0.00422898
 0.545 2.06134 -0.08635230000000001 -1.57891 0.000451695 -0.100229 0.00422429
 0.55 2.06003 -0.0850704 -1.5814 0.000513536 -0.100261 0.00421407
 0.555 2.06085 -0.0852976 -1.58147 0.000500433 -0.100303 0.00420883
 0.5600000000000001 2.06155 -0.085522 -1.58143 0.000487317 -0.100342 0.00420325
 0.5649999999999999 2.06211 -0.0857194 -1.5813 0.000475548 -0.100374 0.00419794
 0.57 2.06264 -0.0859014 -1.58117 0.000464614 -0.100405 0.00419296
 0.575 2.06125 -0.08457580000000001 -1.58375 0.0005289510000000001 -0.100439 0.00418275
 0.58 2.06211 -0.0848124 -1.58381 0.000515252 -0.100482 0.00417722
 0.585 2.06282 -0.0850458 -1.58376 0.000501549 -0.100521 0.00417131
 0.59 2.06339 -0.0852509 -1.58363 0.00048926 -0.100555 0.00416569
 0.595 2.06393 -0.0854401 -1.58348 0.000477846 -0.100586 0.00416041
 0.6 2.06249 -0.08407340000000001 -1.58615 0.000544612 -0.100621 0.00415028
 0.605 2.06337 -0.0843197 -1.58621 0.000530302 -0.100666 0.00414444
 0.61 2.06411 -0.0845624 -1.58616 0.0005159989999999999 -0.100706 0.0041382
 0.615 2.06469 -0.0847757 -1.58601 0.00050318 -0.10074 0.00413226
 0.62 2.06358 -0.0836751 -1.58823 0.000556793 -0.100776 0.00412274
 0.625 2.06442 -0.0839274 -1.58824 0.0005420069999999999 -0.10082 0.00411647
 0.63 2.06514 -0.08417429999999999 -1.58815 0.000527377 -0.10086 0.00410995
 0.635 2.06574 -0.0843936 -1.58799 0.000514161 -0.100895 0.00410377
 0.64 2.06463 -0.08329789999999999 -1.59023 0.000567799 -0.100932 0.00409441
 0.645 2.06548 -0.08355600000000001 -1.59023 0.000552636 -0.100976 0.00408792
 0.65 2.06622 -0.0838082 -1.59014 0.0005376480000000001 -0.101017 0.00408118
 0.655 2.06683 -0.0840323 -1.58997 0.000524106 -0.101053 0.00407479
 0.66 2.06569 -0.08291709999999999 -1.59226 0.000579035 -0.10109 0.00406556
 0.665 2.06656 -0.0831812 -1.59226 0.00056348 -0.101136 0.00405886
 0.67 2.06732 -0.08343929999999999 -1.59216 0.000548107 -0.101178 0.00405189
 0.675 2.06794 -0.08366850000000001 -1.59199 0.000534222 -0.101214 0.00404528
 0.68 2.06677 -0.082533 -1.59433 0.000590515 -0.101252 0.00403622
 0.6850000000000001 2.06766 -0.0828035 -1.59433 0.000574549 -0.101299 0.0040293
 0.6899999999999999 2.06844 -0.0830678 -1.59424 0.000558772 -0.101342 0.00402209
 0.695 2.06907 -0.0833024 -1.59406 0.0005445270000000001 -0.101379 0.00401524
 0.7 2.06787 -0.08214780000000001 -1.59645 0.000602144 -0.101418 0.00400637
 0.705 2.06879 -0.082425 -1.59646 0.000585751 -0.101466 0.00399921
 0.71 2.06958 -0.0826957 -1.59636 0.000569556 -0.101509 0.00399175
 0.715 2.07022 -0.082936 -1.59618 0.000554938 -0.101547 0.00398467
 0.72 2.06899 -0.08176369999999999 -1.59862 0.000613833 -0.101587 0.00397601
 0.725 2.06993 -0.0820477 -1.59862 0.000597004 -0.101636 0.00396861
 0.73 2.07074 -0.0823251 -1.59852 0.000580383 -0.101681 0.00396089
 0.735 2.0714 -0.08257100000000001 -1.59834 0.000565385 -0.101719 0.00395356
 0.74 2.07014 -0.0813826 -1.60083 0.00062551 -0.10176 0.00394514
 0.745 2.0711 -0.0816735 -1.60084 0.00060824 -0.10181 0.0039375
 0.75 2.07193 -0.0819574 -1.60074 0.000591188 -0.101855 0.00392952
 0.755 2.0726 -0.0822092 -1.60054 0.000575805 -0.101895 0.00392193
 0.76 2.07132 -0.08100590000000001 -1.60309 0.000637118 -0.101936 0.00391378
 0.765 2.0723 -0.08130370000000001 -1.6031 0.000619404 -0.101987 0.0039059
 0.77 2.07314 -0.08159429999999999 -1.60299 0.000601919 -0.102034 0.00389765
 0.775 2.07382 -0.0818518 -1.60279 0.000586149 -0.102074 0.0038898
 0.78 2.07251 -0.0806351 -1.60539 0.000648608 -0.102116 0.00388195
 0.785 2.07352 -0.0809397 -1.6054 0.00063045 -0.102168 0.00387382
 0.79 2.07438 -0.0812369 -1.60529 0.0006125320000000001 -0.102215 0.00386529
 0.795 2.07507 -0.08150019999999999 -1.60509 0.000596376 -0.102256 0.00385719
 0.8 2.07374 -0.08027140000000001 -1.60773 0.000659938 -0.102299 0.00384967
 0.805 2.07476 -0.0805828 -1.60774 0.000641339 -0.102352 0.00384128
 0.8100000000000001 2.07564 -0.0808865 -1.60763 0.00062299 -0.1024 0.00383248
 0.8149999999999999 2.07634 -0.08115559999999999 -1.60742 0.000606448 -0.102442 0.00382411
 0.82 2.07498 -0.0799158 -1.61011 0.000671073 -0.102485 0.00381696
 0.825 2.07603 -0.080234 -1.61012 0.000652036 -0.102539 0.00380831
 0.83 2.07692 -0.08054409999999999 -1.61001 0.000633258 -0.102589 0.00379924
 0.835 2.07764 -0.0808189 -1.60979 0.000616334 -0.102631 0.0037906
 0.84 2.07625 -0.0795695 -1.61252 0.000681981 -0.102675 0.00378384
 0.845 2.07732 -0.0798943 -1.61254 0.000662509 -0.10273 0.00377494
 0.85 2.07822 -0.0802108 -1.61242 0.000643308 -0.10278 0.00376559
 0.855 2.07895 -0.0804911 -1.61221 0.000626004 -0.102823 0.00375669
 0.86 2.07754 -0.0792334 -1.61498 0.000692633 -0.102867 0.00375034
 0.865 2.07863 -0.0795646 -1.61499 0.000672732 -0.102924 0.00374118
 0.87 2.07955 -0.07988729999999999 -1.61488 0.0006531109999999999 -0.102974 0.00373155
 0.875 2.08029 -0.0801731 -1.61466 0.000635432 -0.103018 0.00372239
 0.88 2.07886 -0.0789083 -1.61747 0.000703002 -0.103063 0.00371649
 0.885 2.07996 -0.07924589999999999 -1.61748 0.000682677 -0.10312 0.00370708
 0.89 2.08089 -0.0795747 -1.61737 0.000662643 -0.103172 0.00369717
 0.895 2.07996 -0.0786742 -1.61951 0.000710533 -0.103218 0.00369029
 0.9 2.08098 -0.07901519999999999 -1.61945 0.000689845 -0.103273 0.00368029
 0.905 2.08188 -0.0793447 -1.6193 0.000669674 -0.103323 0.00367011
 0.91 2.08264 -0.0796398 -1.61908 0.000651354 -0.103368 0.00366049
 0.915 2.08122 -0.07839989999999999 -1.62188 0.000718558 -0.103414 0.00365536
 0.92 2.08234 -0.0787458 -1.6219 0.000697638 -0.103473 0.00364554
 0.925 2.08329 -0.0790824 -1.62178 0.000677038 -0.103525 0.00363521
 0.93 2.08234 -0.07818 -1.62397 0.00072582 -0.103572 0.00362895
 0.9350000000000001 2.08339 -0.0785295 -1.62391 0.000704534 -0.103628 0.00361854
 0.9399999999999999 2.08431 -0.0788671 -1.62375 0.000683783 -0.10368 0.00360793
 0.945 2.08339 -0.077996 -1.6259 0.000731153 -0.103728 0.00360182
 0.95 2.08444 -0.0783478 -1.62584 0.000709674 -0.103784 0.00359124
 0.955 2.08536 -0.07868749999999999 -1.62568 0.000688755 -0.103835 0.00358049
 0.96 2.08444 -0.0778179 -1.62784 0.000736393 -0.103884 0.00357468
 0.965 2.0855 -0.0781722 -1.62778 0.000714724 -0.10394 0.00356396
 0.97 2.08643 -0.0785141 -1.62762 0.00069362 -0.103992 0.00355306
 0.975 2.0855 -0.0776439 -1.6298 0.000741661 -0.104041 0.00354758
 0.98 2.08656 -0.0780008 -1.62973 0.00071979 -0.104098 0.00353671
 0.985 2.0875 -0.0783454 -1.62958 0.000698486 -0.10415 0.00352564
 0.99 2.08656 -0.0774749 -1.63177 0.000746914 -0.104199 0.00352049
 0.995 2.08763 -0.07783470000000001 -1.63171 0.000724829 -0.104256 0.00350946
 1 2.08858 -0.078182 -1.63155 0.0007033160000000001 -0.104308 0.00349824
 1.005 2.08763 -0.07731200000000001 -1.63377 0.000752101 -0.104358 0.00349341
 1.01 2.08871 -0.0776747 -1.63371 0.000729794 -0.104415 0.00348222
 1.015 2.08966 -0.07802489999999999 -1.63355 0.000708064 -0.104468 0.00347083
 1.02 2.08871 -0.077156 -1.63578 0.000757178 -0.104518 0.00346633
 1.025 2.0898 -0.0775217 -1.63571 0.000734645 -0.104576 0.00345498
 1.03 2.09075 -0.07787479999999999 -1.63556 0.000712694 -0.104629 0.00344341
 1.035 2.08979 -0.0770076 -1.6378 0.00076211 -0.104679 0.00343925
 1.04 2.09089 -0.0773764 -1.63774 0.000739348 -0.104737 0.00342773
 1.045 2.09185 -0.07773239999999999 -1.63758 0.000717174 -0.10479 0.00341598
 1.05 2.09088 -0.0768674 -1.63983 0.000766867 -0.10484 0.00341216
 1.055 2.09198 -0.0772393 -1.63977 0.0007438739999999999 -0.104899 0.00340047
 1.06 2.09295 -0.07759820000000001 -1.63962 0.000721476 -0.104953 0.00338855
 1.065 2.09198 -0.076736 -1.64188 0.000771424 -0.105003 0.00338507
 1.07 2.09308 -0.0771109 -1.64182 0.000748201 -0.105062 0.00337321
 1.075 2.09406 -0.07747279999999999 -1.64166 0.00072558 -0.105116 0.00336111
 1.08 2.09308 -0.0766139 -1.64394 0.000775759 -0.105166 0.00335799
 1.085 2.09419 -0.0769918 -1.64388 0.000752308 -0.105226 0.00334595
 1.09 2.09517 -0.07735649999999999 -1.64372 0.000729465 -0.10528 0.00333367
 1.095 2.09418 -0.0765014 -1.64601 0.000779854 -0.105331 0.00333091
 1.1 2.0953 -0.0768822 -1.64595 0.000756177 -0.10539 0.00331871
 1.105 2.09628 -0.0772497 -1.64579 0.000733115 -0.105444 0.00330625
 1.11 2.09529 -0.07639890000000001 -1.64809 0.000783693 -0.105495 0.00330385
 1.115 2.09641 -0.07678260000000001 -1.64803 0.0007597940000000001 -0.105555 0.00329148
 1.12 2.0974 -0.07715279999999999 -1.64787 0.000736517 -0.10561 0.00327884
 1.125 2.0964 -0.07630670000000001 -1.65018 0.000787263 -0.105661 0.00327682
 1.13 2.09753 -0.0766931 -1.65012 0.000763146 -0.105721 0.00326427
 1.135 2.09852 -0.0770661 -1.64995 0.000739657 -0.105776 0.00325147
 1.14 2.09752 -0.076225 -1.65227 0.000790552 -0.105827 0.00324981
 1.145 2.09865 -0.07661419999999999 -1.65221 0.000766221 -0.105887 0.0032371
 1.15 2.09964 -0.07698969999999999 -1.65205 0.000742525 -0.105942 0.00322412
 1.155 2.09863 -0.07615420000000001 -1.65437 0.0007935489999999999 -0.105993 0.00322285
 1.16 2.09977 -0.0765459 -1.65431 0.00076901 -0.106054 0.00320997
 1.165 2.10077 -0.0769239 -1.65415 0.000745112 -0.106109 0.00319683
 1.17 2.09975 -0.0760943 -1.65648 0.000796244 -0.10616 0.00319594
 1.175 2.10089 -0.0764885 -1.65642 0.000771503 -0.106221 0.0031829
 1.18 2.10189 -0.0768689 -1.65625 0.000747409 -0.106276 0.00316959
 1.185 2.10088 -0.0760456 -1.65859 0.00079863 -0.106327 0.00316909
 1.19 2.10202 -0.0764422 -1.65853 0.000773693 -0.106388 0.00315589
 1.195 2.10302 -0.0768249 -1.65836 0.000749409 -0.106443 0.00314242
 1.2 2.102 -0.0760083 -1.6607 0.000800699 -0.106495 0.00314231
 1.205 2.10314 -0.07640719999999999 -1.66064 0.000775572 -0.106556 0.00312896
 1.21 2.10415 -0.076792 -1.66047 0.0007511040000000001 -0.106611 0.00311532
 1.215 2.10312 -0.07598249999999999 -1.66282 0.000802445 -0.106663 0.00311561
 1.22 2.10427 -0.07638349999999999 -1.66276 0.000777134 -0.106723 0.00310211
 1.225 2.10528 -0.0767704 -1.66259 0.0007524880000000001 -0.106779 0.00308832
 1.23 2.10425 -0.0759682 -1.66494 0.000803861 -0.10683 0.003089
 1.235 2.10539 -0.0763713 -1.66487 0.000778374 -0.106891 0.00307535
 1.24 2.1064 -0.0767601 -1.66471 0.000753557 -0.106947 0.00306141
 1.245 2.10537 -0.0759657 -1.66706 0.000804942 -0.106999 0.0030625
 1.25 2.10652 -0.0763706 -1.66699 0.000779286 -0.10706 0.0030487
 1.255 2.10753 -0.0767612 -1.66683 0.000754305 -0.107115 0.00303461
 1.26 2.10649 -0.0759749 -1.66918 0.000805683 -0.107167 0.0030361
 1.265 2.10764 -0.07638159999999999 -1.66911 0.000779865 -0.107228 0.00302217
 1.27 2.10865 -0.07677390000000001 -1.66894 0.000754727 -0.107283 0.00300794
 1.275 2.10762 -0.07599590000000001 -1.67129 0.000806079 -0.107335 0.00300983
 1.28 2.10877 -0.07640420000000001 -1.67123 0.000780108 -0.107396 0.00299576
 1.285 2.10978 -0.07679809999999999 -1.67106 0.000754821 -0.107451 0.00298139
 1.29 2.10874 -0.07602879999999999 -1.67341 0.000806128 -0.107503 0.00298369
 1.295 2.10989 -0.0764386 -1.67335 0.0007800110000000001 -0.107564 0.00296949
 1.3 2.1109 -0.076834 -1.67318 0.000754583 -0.107619 0.00295498
 1.305 2.10986 -0.07607360000000001 -1.67553 0.000805826 -0.107671 0.00295769
 1.31 2.111 -0.07648480000000001 -1.67547 0.00077957 -0.107732 0.00294336
 1.315 2.11201 -0.07688150000000001 -1.6753 0.000754008 -0.107787 0.00292873
 1.32 2.11097 -0.0761303 -1.67764 0.000805169 -0.107838 0.00293184
 1.325 2.11212 -0.07654270000000001 -1.67758 0.000778784 -0.107899 0.00291739
 1.33 2.11313 -0.0769406 -1.67741 0.000753096 -0.107954 0.00290263
 1.335 2.11209 -0.0761989 -1.67975 0.000804155 -0.108006 0.00290615
 1.34 2.11323 -0.0766124 -1.67969 0.000777649 -0.108066 0.00289158
 1.345 2.11424 -0.0770113 -1.67951 0.000751845 -0.108122 0.0028767
 1.35 2.1132 -0.0762794 -1.68185 0.0008027829999999999 -0.108173 0.00288062
 1.355 2.11434 -0.0766939 -1.68179 0.000776164 -0.108233 0.00286594
 1.36 2.11535 -0.0770937 -1.68162 0.000750251 -0.108288 0.00285095
 1.365 2.11431 -0.0763717 -1.68395 0.00080105 -0.10834 0.00285528
 1.37 2.11545 -0.07678699999999999 -1.68389 0.000774328 -0.1084 0.00284049
 1.375 2.11645 -0.0771876 -1.68371 0.000748315 -0.108455 0.00282539
 1.38 2.11541 -0.0764758 -1.68604 0.000798955 -0.108506 0.00283011
 1.385 2.11655 -0.0768918 -1.68598 0.000772139 -0.108566 0.00281522
 1.39 2.11755 -0.077293 -1.68581 0.000746035 -0.108621 0.00280003
 1.395 2.11651 -0.0765916 -1.68813 0.000796499 -0.108672 0.00280514
 1.4 2.11764 -0.0770081 -1.68806 0.000769597 -0.108732 0.00279016
 1.405 2.11864 -0.0774098 -1.68789 0.000743411 -0.108786 0.00277487
 1.41 2.1176 -0.076719 -1.6902 0.000793679 -0.108837 0.00278037
 1.415 2.11873 -0.07713589999999999 -1.69014 0.000766702 -0.108897 0.0027653
 1.42 2.11973 -0.077538 -1.68996 0.000740442 -0.108951 0.00274992
 1.425 2.11869 -0.076858 -1.69227 0.000790497 -0.109001 0.00275581
 1.43 2.11982 -0.0772751 -1.6922 0.000763454 -0.109061 0.00274065
 1.435 2.12081 -0.07767739999999999 -1.69203 0.00073713 -0.109115 0.00272519
 1.44 2.11978 -0.0770084 -1.69433 0.000786953 -0.109165 0.00273146
 1.445 2.1209 -0.0774256 -1.69426 0.000759853 -0.109224 0.00271623
 1.45 2.12188 -0.07782790000000001 -1.69409 0.000733475 -0.109278 0.00270069
 1.455 2.12085 -0.07717010000000001 -1.69637 0.000783047 -0.109328 0.00270734
 1.46 2.12197 -0.0775872 -1.6963 0.000755902 -0.109387 0.00269203
 1.465 2.12295 -0.0779894 -1.69613 0.000729479 -0.109441 0.00267642
 1.47 2.12192 -0.07734290000000001 -1.69841 0.000778782 -0.109491 0.00268344
 1.475 2.12303 -0.0777598 -1.69834 0.0007515999999999999 -0.109549 0.00266807
 1.48 2.12401 -0.0781618 -1.69817 0.000725142 -0.109603 0.0026524
 1.485 2.12299 -0.0775267 -1.70043 0.0007741580000000001 -0.109652 0.00265978
 1.49 2.12409 -0.0779432 -1.70036 0.00074695 -0.10971 0.00264435
 1.495 2.12507 -0.07834480000000001 -1.70019 0.000720467 -0.109763 0.00262862
 1.5 2.12405 -0.07772129999999999 -1.70244 0.000769178 -0.109813 0.00263636
 1.505 2.12514 -0.0781372 -1.70237 0.000741954 -0.109871 0.00262088
 1.51 2.12611 -0.07853830000000001 -1.7022 0.000715457 -0.109923 0.0026051
 1.515 2.1251 -0.0779265 -1.70443 0.000763844 -0.109972 0.00261318
 1.52 2.12619 -0.0783417 -1.70437 0.0007366160000000001 -0.11003 0.00259765
 1.525 2.12715 -0.0787421 -1.70419 0.000710113 -0.110082 0.00258184
 1.53 2.12614 -0.07814210000000001 -1.70642 0.00075816 -0.110131 0.00259026
 1.535 2.12722 -0.0785565 -1.70635 0.000730937 -0.110188 0.00257469
 1.54 2.12818 -0.0789561 -1.70618 0.00070444 -0.11024 0.00255885
 1.545 2.12718 -0.0783679 -1.70838 0.000752129 -0.110288 0.00256759
 1.55 2.12825 -0.0787813 -1.70831 0.000724922 -0.110345 0.00255199
 1.555 2.1292 -0.0791799 -1.70814 0.000698442 -0.110397 0.00253612
 1.56 2.1282 -0.0786037 -1.71033 0.0007457539999999999 -0.110444 0.00254518
 1.565 2.12927 -0.0790159 -1.71026 0.000718574 -0.110501 0.00252956
 1.57 2.13021 -0.0794134 -1.71009 0.000692121 -0.110552 0.00251367
 1.575 2.12922 -0.07884919999999999 -1.71226 0.000739039 -0.110599 0.00252304
 1.58 2.13028 -0.0792601 -1.71219 0.000711898 -0.110655 0.0025074
 1.585 2.13121 -0.0796562 -1.71202 0.000685483 -0.110706 0.0024915
 1.59 2.13023 -0.0791041 -1.71418 0.00073199 -0.110753 0.00250117
 1.595 2.13128 -0.0795135 -1.71411 0.000704899 -0.110809 0.00248552
 1.6 2.13221 -0.0799083 -1.71394 0.000678532 -0.110859 0.00246961
 1.605 2.13123 -0.0793683 -1.71608 0.000724612 -0.110906 0.00247956
 1.61 2.13227 -0.079776 -1.716 0.000697581 -0.110961 0.00246392
 1.615 2.13319 -0.0801692 -1.71584 0.000671274 -0.111011 0.00244802
 1.62 2.13222 -0.0796414 -1.71796 0.000716908 -0.111057 0.00245824
 1.625 2.13325 -0.0800473 -1.71788 0.00068995 -0.111112 0.0024426
 1.63 2.13417 -0.0804387 -1.71771 0.000663714 -0.111161 0.00242671
 1.635 2.13495 -0.08078879999999999 -1.71747 0.000639916 -0.111205 0.00241176
 1.64 2.13343 -0.0799883 -1.72027 0.000707419 -0.11125 0.00243103
 1.645 2.13454 -0.0803928 -1.72028 0.000680668 -0.111307 0.00241611
 1.65 2.13548 -0.0807866 -1.72015 0.000654299 -0.111358 0.00240035
 1.655 2.13448 -0.080262 -1.72229 0.000700882 -0.111403 0.00241189
 1.66 2.13549 -0.0806665 -1.72222 0.000673928 -0.111456 0.00239619
 1.665 2.13639 -0.0810568 -1.72205 0.000647669 -0.111505 0.00238022
 1.67 2.13716 -0.0814058 -1.72181 0.000623862 -0.111548 0.00236519
 1.675 2.13567 -0.0806441 -1.72455 0.000689833 -0.111592 0.00238509
 1.68 2.13675 -0.0810459 -1.72456 0.000663152 -0.111648 0.0023701
 1.685 2.13767 -0.0814372 -1.72442 0.000636855 -0.111697 0.00235429
 1.69 2.13842 -0.0817837 -1.72418 0.000613162 -0.111739 0.00233928
 1.695 2.13691 -0.0810216 -1.72694 0.0006800349999999999 -0.111782 0.00236023
 1.7 2.13798 -0.0814226 -1.72695 0.000653365 -0.111838 0.00234523
 1.705 2.13889 -0.08181330000000001 -1.72682 0.000627058 -0.111887 0.00232938
 1.71 2.13964 -0.0821591 -1.72657 0.000603365 -0.111928 0.00231433
 1.715 2.13814 -0.0814197 -1.72929 0.000669267 -0.111971 0.00233555
 1.72 2.13919 -0.08181910000000001 -1.7293 0.000642649 -0.112025 0.00232052
 1.725 2.14009 -0.08220810000000001 -1.72917 0.000616398 -0.112074 0.00230465
 1.73 2.14083 -0.08255270000000001 -1.72892 0.000592751 -0.112115 0.0022896
 1.735 2.13935 -0.0818376 -1.7316 0.000657488 -0.112157 0.00231102
 1.74 2.14039 -0.0822344 -1.7316 0.000630981 -0.11221 0.00229597
 1.745 2.14127 -0.082621 -1.73147 0.000604844 -0.112258 0.00228013
 1.75 2.142 -0.08296340000000001 -1.73123 0.000581293 -0.112298 0.00226511
 1.755 2.14055 -0.0822725 -1.73386 0.000644833 -0.112339 0.00228669
 1.76 2.14156 -0.082666 -1.73385 0.000618488 -0.112392 0.00227168
 1.765 2.14244 -0.0830494 -1.73372 0.000592513 -0.112439 0.0022559
 1.77 2.14315 -0.08338909999999999 -1.73348 0.000569104 -0.112479 0.00224095
 1.775 2.14173 -0.0827219 -1.73606 0.000631426 -0.112519 0.00226266
 1.78 2.14272 -0.0831115 -1.73606 0.000605286 -0.112571 0.00224771
 1.785 2.14358 -0.0834911 -1.73593 0.000579516 -0.112617 0.00223202
 1.79 2.14428 -0.0838276 -1.73569 0.000556286 -0.112656 0.00221716
 1.795 2.14288 -0.0831837 -1.73822 0.000617365 -0.112696 0.00223898
 1.8 2.14386 -0.0835689 -1.73821 0.0005914680000000001 -0.112747 0.00222411
 1.805 2.1447 -0.08394409999999999 -1.73808 0.000565939 -0.112792 0.00220853
 1.81 2.14539 -0.0842769 -1.73785 0.000542922 -0.11283 0.0021938
 1.815 2.14402 -0.0836562 -1.74033 0.000602729 -0.112869 0.00221568
 1.82 2.14497 -0.0840364 -1.74032 0.00057711 -0.112919 0.00220093
 1.825 2.1458 -0.08440690000000001 -1.74018 0.000551855 -0.112963 0.00218549
 1.83 2.14648 -0.08473550000000001 -1.73996 0.000529081 -0.113001 0.00217089
 1.835 2.14514 -0.08413760000000001 -1.74238 0.000587584 -0.113039 0.00219281
 1.84 2.14607 -0.0845125 -1.74237 0.000562273 -0.113088 0.00217818
 1.845 2.14688 -0.0848777 -1.74224 0.000537323 -0.113131 0.0021629
 1.85 2.14755 -0.0852019 -1.74202 0.000514818 -0.113168 0.00214847
 1.855 2.14623 -0.0846266 -1.74439 0.000571986 -0.113206 0.00217037
 1.86 2.14714 -0.08499569999999999 -1.74437 0.000547012 -0.113253 0.00215589
 1.865 2.14793 -0.0853554 -1.74424 0.000522394 -0.113295 0.00214079
 1.87 2.14859 -0.0856748 -1.74402 0.000500185 -0.113332 0.00212654
 1.875 2.14731 -0.0851218 -1.74634 0.000555983 -0.113368 0.00214839
 1.88 2.14819 -0.0854847 -1.74632 0.000531373 -0.113415 0.00213408
 1.885 2.14897 -0.0858385 -1.74619 0.000507112 -0.113456 0.00211917
 1.89 2.14961 -0.0861528 -1.74598 0.000485223 -0.113492 0.00210512
 1.895 2.14836 -0.0856219 -1.74824 0.000539617 -0.113528 0.00212687
 1.9 2.14922 -0.0859784 -1.74821 0.000515396 -0.113573 0.00211274
 1.905 2.14998 -0.086326 -1.74809 0.000491519 -0.113613 0.00209805
 1.91 2.15061 -0.0866348 -1.74788 0.000469971 -0.113648 0.00208422
 1.915 2.14939 -0.0861258 -1.75008 0.000522927 -0.113683 0.00210582
 1.92 2.15023 -0.0864755 -1.75006 0.00049912 -0.113727 0.00209189
 1.925 2.15097 -0.0868165 -1.74993 0.000475651 -0.113766 0.00207743
 1.93 2.15159 -0.08711960000000001 -1.74973 0.000454466 -0.1138 0.00206383
 1.935 2.1504 -0.08663220000000001 -1.75187 0.000505951 -0.113835 0.00208523
 1.94 2.15122 -0.0869748 -1.75184 0.00048258 -0.113877 0.00207152
 1.945 2.15194 -0.087309 -1.75172 0.000459542 -0.113916 0.00205731
 1.95 2.15254 -0.0876062 -1.75153 0.000438742 -0.113949 0.00204395
 1.955 2.1531 -0.0878785 -1.75133 0.000419563 -0.11398 0.00203155
 1.96 2.15155 -0.0872284 -1.75391 0.000486236 -0.114013 0.00206112
 1.965 2.1524 -0.0875633 -1.75394 0.000463483 -0.114057 0.00204823
 1.97 2.15312 -0.0878931 -1.75385 0.000440775 -0.114095 0.00203439
 1.975 2.1537 -0.0881837 -1.75366 0.000420394 -0.114127 0.00202127
 1.98 2.15425 -0.08845020000000001 -1.75346 0.000401602 -0.114157 0.0020091
 1.985 2.15271 -0.0878187 -1.756 0.000467283 -0.114189 0.00203884
 1.99 2.15354 -0.088147 -1.75603 0.000444946 -0.114231 0.00202614
 1.995 2.15424 -0.08847049999999999 -1.75594 0.000422636 -0.114268 0.00201252
 2 2.15481 -0.08875570000000001 -1.75575 0.000402611 -0.1143 0.00199962
 2.005 2.15534 -0.0890171 -1.75556 0.000384148 -0.114329 0.00198766
 2.01 2.15386 -0.0884211 -1.758 0.0004472 -0.114359 0.0020167
 2.015 2.15465 -0.0887414 -1.75802 0.000425359 -0.1144 0.00200421
 2.02 2.15533 -0.089057 -1.75794 0.00040355 -0.114436 0.00199086
 2.025 2.15587 -0.0893356 -1.75775 0.000383964 -0.114466 0.00197824
 2.03 2.15639 -0.089591 -1.75757 0.000365904 -0.114494 0.00196653
 2.035 2.15497 -0.089031 -1.75991 0.00042615 -0.114524 0.00199474
 2.04 2.15573 -0.089342 -1.75992 0.00040489 -0.114563 0.00198251
 2.045 2.15638 -0.08964859999999999 -1.75983 0.000383667 -0.114597 0.00196948
 2.05 2.15691 -0.0899195 -1.75966 0.000364596 -0.114626 0.0019572
 2.055 2.15741 -0.0901679 -1.75948 0.000347011 -0.114654 0.0019458
 2.06 2.15606 -0.0896431 -1.76171 0.000404409 -0.114682 0.00197311
 2.065 2.15678 -0.0899438 -1.76172 0.0003838 -0.114719 0.00196118
 2.07 2.1574 -0.0902404 -1.76163 0.000363232 -0.114752 0.00194853
 2.075 2.15791 -0.09050279999999999 -1.76147 0.000344739 -0.11478 0.00193663
 2.08 2.15839 -0.0907434 -1.7613 0.000327687 -0.114807 0.00192558
 2.085 2.15884 -0.0909638 -1.76113 0.00031197 -0.114831 0.00191533
 2.09 2.15724 -0.0903322 -1.76365 0.000379875 -0.114858 0.00194883
 2.095 2.15797 -0.0906217 -1.7637 0.000360117 -0.114895 0.00193774
 2.1 2.15858 -0.0909097 -1.76364 0.000340169 -0.114927 0.0019256
 2.105 2.15907 -0.09116249999999999 -1.76348 0.000322324 -0.114954 0.0019141
 2.11 2.15952 -0.0913944 -1.76332 0.000305869 -0.114979 0.00190343
 2.115 2.15995 -0.0916069 -1.76316 0.000290701 -0.115003 0.00189354
 2.12 2.15842 -0.09101330000000001 -1.76556 0.000355504 -0.115028 0.00192604
 2.125 2.1591 -0.09129130000000001 -1.76561 0.000336487 -0.115063 0.00191528
 2.13 2.15969 -0.0915682 -1.76555 0.000317279 -0.115093 0.00190356
 2.135 2.16015 -0.09181159999999999 -1.7654 0.000300086 -0.115119 0.00189249
 2.14 2.16059 -0.0920349 -1.76525 0.000284231 -0.115143 0.00188222
 2.145 2.161 -0.0922395 -1.76509 0.000269615 -0.115165 0.00187269
 2.15 2.15957 -0.0916964 -1.76734 0.00032993 -0.115189 0.00190337
 2.155 2.1602 -0.0919611 -1.76737 0.000311772 -0.115221 0.00189299
 2.16 2.16075 -0.0922249 -1.76731 0.000293441 -0.11525 0.00188178
 2.165 2.16119 -0.09245730000000001 -1.76717 0.000277014 -0.115274 0.00187121
 2.17 2.1616 -0.0926705 -1.76703 0.000261865 -0.115297 0.00186141
 2.175 2.16199 -0.092866 -1.76689 0.000247898 -0.115318 0.00185231
 2.18 2.16236 -0.093045 -1.76674 0.000235028 -0.115338 0.00184388
 2.185 2.16078 -0.09244239999999999 -1.76914 0.000301388 -0.11536 0.00187849
 2.19 2.1614 -0.0926918 -1.7692 0.000284328 -0.115391 0.00186897
 2.195 2.16192 -0.0929426 -1.76915 0.000266922 -0.115419 0.00185841
 2.2 2.16233 -0.0931622 -1.76903 0.000251386 -0.115441 0.00184842
 2.205 2.16272 -0.0933638 -1.7689 0.000237057 -0.115462 0.00183915
 2.21 2.16308 -0.0935487 -1.76877 0.000223845 -0.115482 0.00183056
 2.215 2.16342 -0.0937181 -1.76863 0.000211667 -0.115501 0.00182259
 2.22 2.16197 -0.09317449999999999 -1.77083 0.000272494 -0.115521 0.00185474
 2.225 2.16253 -0.0934074 -1.77088 0.000256511 -0.115549 0.00184571
 2.23 2.16302 -0.093642 -1.77084 0.000240206 -0.115574 0.00183578
 2.235 2.1634 -0.093848 -1.77072 0.000225632 -0.115595 0.00182643
 2.24 2.16376 -0.0940372 -1.77061 0.000212189 -0.115615 0.00181775
 2.245 2.16409 -0.09421069999999999 -1.77049 0.00019979 -0.115633 0.00180971
 2.25 2.16441 -0.0943698 -1.77037 0.000188361 -0.115651 0.00180225
 2.255 2.16471 -0.09451560000000001 -1.77025 0.000177828 -0.115667 0.00179533
 2.26 2.16321 -0.0939551 -1.77246 0.00024038 -0.115685 0.00182904
 2.265 2.16374 -0.0941685 -1.77252 0.000225759 -0.115711 0.00182088
 2.27 2.16418 -0.09438539999999999 -1.77249 0.000210699 -0.115734 0.00181176
 2.275 2.16453 -0.0945752 -1.77239 0.000197275 -0.115753 0.00180317
 2.28 2.16486 -0.0947496 -1.77229 0.000184889 -0.115771 0.0017952
 2.285 2.16516 -0.0949097 -1.77219 0.000173464 -0.115788 0.0017878
 2.29 2.16545 -0.0950566 -1.77208 0.000162927 -0.115803 0.00178095
 2.295 2.16572 -0.0951912 -1.77198 0.000153214 -0.115818 0.00177459
 2.3 2.16597 -0.0953145 -1.77187 0.000144263 -0.115832 0.00176869
 2.305 2.16621 -0.0954274 -1.77177 0.000136017 -0.115845 0.00176322
 2.31 2.16458 -0.0948107 -1.77411 0.000204157 -0.11586 0.00180074
 2.315 2.16506 -0.0950014 -1.77419 0.000191169 -0.115884 0.00179374
 2.32 2.16547 -0.0951984 -1.77419 0.000177542 -0.115905 0.0017856
 2.325 2.16578 -0.0953695 -1.7741 0.000165467 -0.115922 0.00177789
 2.33 2.16606 -0.0955268 -1.77402 0.000154321 -0.115937 0.00177074
 2.335 2.16633 -0.0956714 -1.77393 0.000144034 -0.115952 0.00176411
 2.34 2.16659 -0.09580420000000001 -1.77385 0.000134543 -0.115966 0.00175797
 2.345 2.16682 -0.0959261 -1.77376 0.000125787 -0.115979 0.00175227
 2.35 2.16704 -0.096038 -1.77368 0.000117713 -0.115991 0.00174698
 2.355 2.16725 -0.0961405 -1.77359 0.000110269 -0.116002 0.00174208
 2.36 2.16745 -0.0962345 -1.77351 0.000103407 -0.116013 0.00173753
 2.365 2.16763 -0.0963205 -1.77342 9.70848e-05 -0.116023 0.00173332
 2.37 2.1678 -0.09639929999999999 -1.77334 9.126100000000001e-05 -0.116033 0.00172941
 2.375 2.16613 -0.0957665 -1.77567 0.000160787 -0.116044 0.00176841
 2.38 2.16655 -0.0959276 -1.77577 0.000149903 -0.116065 0.00176275
 2.385 2.1669 -0.0960974 -1.77579 0.000138221 -0.116083 0.00175586
 2.39 2.16715 -0.096244 -1.77573 0.000127929 -0.116096 0.00174934
 2.395 2.16739 -0.09637900000000001 -1.77567 0.000118421 -0.116109 0.00174329
 2.4 2.16761 -0.0965034 -1.77561 0.000109638 -0.116121 0.00173768
 2.405 2.16782 -0.0966178 -1.77555 0.000101525 -0.116132 0.00173248
 2.41 2.16801 -0.0967232 -1.77549 9.40332e-05 -0.116143 0.00172766
 2.415 2.16819 -0.09682010000000001 -1.77543 8.71149e-05 -0.116152 0.00172319
 2.42 2.16836 -0.0969092 -1.77537 8.072709999999999e-05 -0.116162 0.00171905
 2.425 2.16852 -0.0969911 -1.77531 7.483e-05 -0.11617 0.00171521
 2.43 2.16867 -0.0970665 -1.77526 6.93862e-05 -0.116178 0.00171164
 2.435 2.16881 -0.09713579999999999 -1.7752 6.43606e-05 -0.116186 0.00170834
 2.44 2.16894 -0.09719940000000001 -1.77515 5.97229e-05 -0.116193 0.00170528
 2.445 2.16906 -0.09725789999999999 -1.77509 5.54425e-05 -0.1162 0.00170244
 2.45 2.16917 -0.0973116 -1.77504 5.14921e-05 -0.116206 0.0016998
 2.455 2.16928 -0.097361 -1.77499 4.7847e-05 -0.116212 0.00169736
 2.46 2.16938 -0.0974063 -1.77494 4.44837e-05 -0.116217 0.0016951
 2.465 2.16947 -0.0974479 -1.77489 4.13804e-05 -0.116223 0.001693
 2.47 2.16956 -0.09748610000000001 -1.77485 3.85167e-05 -0.116227 0.00169105
 2.475 2.16964 -0.0975212 -1.7748 3.5874e-05 -0.116232 0.00168925
 2.48 2.16971 -0.0975535 -1.77476 3.34349e-05 -0.116236 0.00168758
 2.485 2.16978 -0.09758310000000001 -1.77472 3.11833e-05 -0.11624 0.00168603
 2.49 2.16985 -0.0976104 -1.77468 2.91043e-05 -0.116244 0.00168459
 2.495 2.16991 -0.0976354 -1.77464 2.71839e-05 -0.116248 0.00168326
 2.5 2.16997 -0.0976585 -1.77461 2.54095e-05 -0.116251 0.00168202
 2.505 2.17002 -0.0976798 -1.77457 2.37692e-05 -0.116254 0.00168087
 2.51 2.17007 -0.09769940000000001 -1.77454 2.22514e-05 -0.116257 0.00167981
 2.515 2.17012 -0.0977176 -1.77451 2.08455e-05 -0.116259 0.00167883
 2.52 2.17016 -0.0977345 -1.77449 1.95439e-05 -0.116262 0.00167792
 2.525 2.1702 -0.09775010000000001 -1.77446 1.83343e-05 -0.116264 0.00167707
 2.53 2.17024 -0.0977649 -1.77444 1.71945e-05 -0.116266 0.00167627
 2.535 2.17028 -0.09777909999999999 -1.77442 1.61088e-05 -0.116268 0.00167552
 2.54 2.17031 -0.0977929 -1.7744 1.50645e-05 -0.11627 0.00167481
 2.545 2.17035 -0.0978064 -1.77438 1.40474e-05 -0.116272 0.00167412
 2.55 2.17038 -0.0978199 -1.77436 1.30449e-05 -0.116274 0.00167345
 2.555 2.17041 -0.09783360000000001 -1.77434 1.20453e-05 -0.116276 0.0016728
 2.56 2.17045 -0.09784760000000001 -1.77433 1.10375e-05 -0.116277 0.00167216
 2.565 2.17048 -0.09786209999999999 -1.77431 1.00116e-05 -0.116279 0.00167151
 2.57 2.17052 -0.0978772 -1.7743 8.95813e-06 -0.116281 0.00167086
 2.575 2.17055 -0.09789299999999999 -1.77429 7.86844e-06 -0.116283 0.00167021
 2.58 2.17059 -0.0979097 -1.77427 6.73453e-06 -0.116285 0.00166954
 2.585 2.17063 -0.09792729999999999 -1.77426 5.54897e-06 -0.116287 0.00166885
 2.59 2.17067 -0.09794609999999999 -1.77425 4.3017e-06 -0.116288 0.00166813
 2.595 2.17072 -0.0979661 -1.77424 2.98188e-06 -0.116291 0.00166739
 2.6 2.17076 -0.0979873 -1.77423 1.59528e-06 -0.116293 0.00166662
 2.605 2.17081 -0.09801 -1.77422 1.26093e-07 -0.116295 0.00166582
 2.61 2.17086 -0.0980341 -1.77421 -1.42933e-06 -0.116297 0.00166498
 2.615 2.17092 -0.0980597 -1.7742 -3.06876e-06 -0.1163 0.0016641
 2.62 2.17098 -0.0980869 -1.77419 -4.79828e-06 -0.116302 0.00166318
 2.625 2.17104 -0.0981156 -1.77418 -6.62191e-06 -0.116305 0.00166222
 2.63 2.1711 -0.098146 -1.77417 -8.543310000000001e-06 -0.116308 0.00166121
 2.635 2.17117 -0.0981781 -1.77416 -1.05659e-05 -0.116311 0.00166016
 2.64 2.17124 -0.0982119 -1.77415 -1.26928e-05 -0.116314 0.00165906
 2.645 2.17131 -0.0982476 -1.77414 -1.49269e-05 -0.116317 0.0016579
 2.65 2.17139 -0.098285 -1.77413 -1.72708e-05 -0.11632 0.0016567
 2.655 2.17147 -0.09832440000000001 -1.77412 -1.97271e-05 -0.116324 0.00165544
 2.66 2.17155 -0.0983656 -1.77411 -2.2298e-05 -0.116328 0.00165413
 2.665 2.17164 -0.0984088 -1.7741 -2.49854e-05 -0.116331 0.00165277
 2.67 2.17174 -0.0984539 -1.77409 -2.77915e-05 -0.116335 0.00165134
 2.675 2.17183 -0.09850100000000001 -1.77408 -3.07178e-05 -0.11634 0.00164986
 2.68 2.17193 -0.0985502 -1.77407 -3.3766e-05 -0.116344 0.00164832
 2.685 2.17204 -0.0986013 -1.77406 -3.69375e-05 -0.116348 0.00164672
 2.69 2.17215 -0.09865450000000001 -1.77405 -4.02337e-05 -0.116353 0.00164506
 2.695 2.17226 -0.0987098 -1.77404 -4.36558e-05 -0.116358 0.00164334
 2.7 2.17238 -0.0987672 -1.77403 -4.72049e-05 -0.116363 0.00164156
 2.705 2.1725 -0.0988267 -1.77402 -5.08819e-05 -0.116368 0.00163971
 2.71 2.17262 -0.0988883 -1.77401 -5.46879e-05 -0.116373 0.0016378
 2.715 2.17275 -0.098952 -1.774 -5.86236e-05 -0.116379 0.00163583
 2.72 2.17289 -0.0990178 -1.77399 -6.26896e-05 -0.116385 0.00163379
 2.725 2.17302 -0.0990858 -1.77398 -6.68868e-05 -0.116391 0.00163169
 2.73 2.17317 -0.09915599999999999 -1.77397 -7.12156e-05 -0.116397 0.00162953
 2.735 2.17331 -0.09922830000000001 -1.77395 -7.56766e-05 -0.116403 0.0016273
 2.74 2.17346 -0.0993028 -1.77394 -8.02702e-05 -0.116409 0.001625
 2.745 2.17362 -0.0993795 -1.77393 -8.49968e-05 -0.116416 0.00162264
 2.75 2.17378 -0.0994583 -1.77391 -8.98567e-05 -0.116423 0.00162022
 2.755 2.17394 -0.0995393 -1.7739 -9.48503e-05 -0.11643 0.00161773
 2.76 2.17411 -0.09962260000000001 -1.77389 -9.99776e-05 -0.116437 0.00161517
 2.765 2.17428 -0.099708 -1.77387 -0.000105239 -0.116444 0.00161255
 2.77 2.17446 -0.0997956 -1.77386 -0.000110634 -0.116452 0.00160986
 2.775 2.17464 -0.0998854 -1.77385 -0.000116164 -0.11646 0.0016071
 2.78 2.17483 -0.09997730000000001 -1.77383 -0.000121828 -0.116467 0.00160428
 2.785 2.17502 -0.100072 -1.77382 -0.000127626 -0.116476 0.00160139
 2.79 2.17724 -0.0995413 -1.77139 -7.00874e-05 -0.116483 0.00163648
 2.795 2.17742 -0.0997219 -1.77146 -8.15039e-05 -0.11649 0.00162914
 2.8 2.1775 -0.09991419999999999 -1.77146 -9.37118e-05 -0.116494 0.00162191
 2.805 2.17757 -0.100092 -1.77143 -0.000104978 -0.116497 0.0016157
 2.81 2.17764 -0.100267 -1.7714 -0.000116016 -0.1165 0.00160965
 2.815 2.17773 -0.100439 -1.77137 -0.000126854 -0.116504 0.00160373
 2.82 2.17784 -0.100608 -1.77134 -0.000137514 -0.116509 0.00159795
 2.825 2.17795 -0.100775 -1.77132 -0.00014802 -0.116514 0.00159227
 2.83 2.17808 -0.10094 -1.77129 -0.000158392 -0.11652 0.0015867
 2.835 2.17823 -0.101104 -1.77126 -0.00016865 -0.116526 0.00158121
 2.84 2.17838 -0.101266 -1.77124 -0.000178812 -0.116533 0.0015758
 2.845 2.17854 -0.101427 -1.77121 -0.000188893 -0.11654 0.00157045
 2.85 2.17872 -0.101588 -1.77119 -0.00019891 -0.116547 0.00156516
 2.855 2.1789 -0.101747 -1.77116 -0.000208876 -0.116555 0.00155992
 2.86 2.18137 -0.101847 -1.76837 -0.000214425 -0.116563 0.00155815
 2.865 2.18156 -0.102023 -1.76843 -0.000225105 -0.116569 0.00155236
 2.87 2.18163 -0.102191 -1.76841 -0.000235433 -0.116572 0.00154672
 2.875 2.18167 -0.102352 -1.76835 -0.000245471 -0.116573 0.00154127
 2.88 2.18174 -0.102513 -1.7683 -0.000255502 -0.116576 0.00153586
 2.885 2.18183 -0.102675 -1.76825 -0.000265536 -0.11658 0.00153048
 2.89 2.18194 -0.102837 -1.7682 -0.000275581 -0.116584 0.00152512
 2.895 2.18206 -0.102999 -1.76815 -0.000285646 -0.116589 0.00151978
 2.9 2.1822 -0.103162 -1.76811 -0.000295738 -0.116595 0.00151445
 2.905 2.18236 -0.103326 -1.76807 -0.000305864 -0.116602 0.00150912
 2.91 2.18253 -0.10349 -1.76803 -0.00031603 -0.116609 0.0015038
 2.915 2.18271 -0.103655 -1.76799 -0.000326242 -0.116616 0.00149847
 2.92 2.18524 -0.103818 -1.7651 -0.000337942 -0.116624 0.001493
 2.925 2.18544 -0.103997 -1.76515 -0.000348605 -0.116631 0.0014874
 2.93 2.18552 -0.104165 -1.76511 -0.000358878 -0.116633 0.0014819
 2.935 2.18558 -0.10433 -1.76505 -0.000369005 -0.116635 0.00147647
 2.94 2.18566 -0.104495 -1.76498 -0.000379223 -0.116638 0.00147101
 2.945 2.18576 -0.104663 -1.76492 -0.000389534 -0.116642 0.00146554
 2.95 2.18588 -0.104832 -1.76486 -0.00039994 -0.116647 0.00146004
 2.955 2.18602 -0.105003 -1.7648 -0.000410443 -0.116653 0.00145451
 2.96 2.18618 -0.105175 -1.76475 -0.000421043 -0.116659 0.00144896
 2.965 2.18636 -0.105349 -1.7647 -0.000431742 -0.116666 0.00144338
 2.97 2.18655 -0.105525 -1.76465 -0.000442541 -0.116674 0.00143776
 2.975 2.18918 -0.105705 -1.76165 -0.000455449 -0.116683 0.00143147
 2.98 2.1894 -0.105896 -1.7617 -0.000466776 -0.11669 0.00142557
 2.985 2.1895 -0.106077 -1.76166 -0.000477718 -0.116693 0.00141974
 2.99 2.18956 -0.106253 -1.76158 -0.000488547 -0.116695 0.00141395
 2.995 2.18966 -0.106432 -1.76151 -0.000499506 -0.116699 0.00140812
 3 2.18978 -0.106613 -1.76144 -0.000510593 -0.116703 0.00140226
 3.005 2.18992 -0.106796 -1.76138 -0.000521807 -0.116709 0.00139635
 3.01 2.19008 -0.106981 -1.76132 -0.000533146 -0.116715 0.0013904
 3.015 2.19026 -0.107168 -1.76126 -0.000544609 -0.116722 0.00138441
 3.02 2.19046 -0.107357 -1.7612 -0.000556194 -0.11673 0.00137838
 3.025 2.1931 -0.107552 -1.75818 -0.000569887 -0.116739 0.00137148
 3.03 2.19334 -0.107757 -1.75823 -0.000582036 -0.116747 0.00136514
 3.035 2.19344 -0.107951 -1.75819 -0.000593816 -0.11675 0.00135887
 3.04 2.19353 -0.108143 -1.75811 -0.0006055 -0.116753 0.00135263
 3.045 2.19364 -0.108336 -1.75803 -0.000617327 -0.116757 0.00134634
 3.05 2.19377 -0.108532 -1.75796 -0.000629294 -0.116762 0.00134002
 3.055 2.19393 -0.10873 -1.75789 -0.000641397 -0.116768 0.00133364
 3.06 2.19412 -0.10893 -1.75783 -0.000653635 -0.116775 0.00132723
 3.065 2.19432 -0.109133 -1.75777 -0.000666003 -0.116783 0.00132076
 3.07 2.19688 -0.109341 -1.75482 -0.000680353 -0.116792 0.0013133
 3.075 2.19713 -0.109558 -1.75486 -0.000693273 -0.1168 0.00130654
 3.08 2.19725 -0.109766 -1.75481 -0.000705859 -0.116804 0.00129984
 3.085 2.19734 -0.109971 -1.75473 -0.000718368 -0.116807 0.00129316
 3.09 2.19747 -0.110179 -1.75465 -0.000731021 -0.116812 0.00128643
 3.095 2.19763 -0.110389 -1.75458 -0.000743816 -0.116817 0.00127967
 3.1 2.19781 -0.110601 -1.75451 -0.000756749 -0.116824 0.00127285
 3.105 2.19801 -0.110815 -1.75445 -0.000769816 -0.116832 0.001266
 3.11 2.19823 -0.111031 -1.75439 -0.000783014 -0.116841 0.0012591
 3.115 2.20094 -0.111254 -1.75129 -0.000798214 -0.116851 0.00125098
 3.12 2.20121 -0.111487 -1.75134 -0.000812009 -0.11686 0.00124376
 3.125 2.20135 -0.111709 -1.7513 -0.000825423 -0.116864 0.00123661
 3.13 2.20146 -0.111928 -1.75122 -0.000838737 -0.116868 0.00122949
 3.135 2.2016 -0.112149 -1.75114 -0.000852194 -0.116873 0.00122233
 3.14 2.20177 -0.112372 -1.75107 -0.000865791 -0.116879 0.00121513
 3.145 2.20197 -0.112598 -1.751 -0.000879523 -0.116887 0.00120789
 3.15 2.20219 -0.112826 -1.75094 -0.000893386 -0.116895 0.0012006
 3.155 2.20475 -0.113059 -1.748 -0.000909057 -0.116905 0.00119203
 3.16 2.20501 -0.113302 -1.74803 -0.000923468 -0.116913 0.00118445
 3.165 2.20516 -0.113535 -1.74799 -0.00093755 -0.116918 0.00117693
 3.17 2.20529 -0.113766 -1.74791 -0.000951554 -0.116922 0.00116943
 3.175 2.20544 -0.113998 -1.74783 -0.000965699 -0.116928 0.0011619
 3.18 2.20563 -0.114233 -1.74776 -0.0009799780000000001 -0.116935 0.00115433
 3.185 2.20584 -0.11447 -1.7477 -0.000994387 -0.116943 0.00114672
 3.19 2.20608 -0.11471 -1.74763 -0.00100892 -0.116952 0.00113907
 3.195 2.20872 -0.114955 -1.74461 -0.00102524 -0.116962 0.00112993
 3.2 2.20901 -0.11521 -1.74465 -0.00104034 -0.116971 0.00112198
 3.205 2.20917 -0.115455 -1.74461 -0.00105508 -0.116976 0.0011141
 3.21 2.20931 -0.115696 -1.74453 -0.00106973 -0.116981 0.00110625
 3.215 2.20948 -0.11594 -1.74446 -0.00108451 -0.116987 0.00109836
 3.22 2.20968 -0.116185 -1.74439 -0.00109942 -0.116995 0.00109045
 3.225 2.20991 -0.116433 -1.74433 -0.00111446 -0.117003 0.00108249
 3.23 2.21016 -0.116683 -1.74427 -0.00112961 -0.117013 0.0010745
 3.235 2.2129 -0.116939 -1.74114 -0.00114652 -0.117024 0.00106481
 3.24 2.21321 -0.117205 -1.74119 -0.00116226 -0.117034 0.0010565
 3.245 2.21339 -0.117461 -1.74116 -0.00117762 -0.117039 0.00104828
 3.25 2.21354 -0.117712 -1.74108 -0.00119285 -0.117044 0.0010401
 3.255 2.21372 -0.117966 -1.74101 -0.00120821 -0.117051 0.00103189
 3.26 2.21393 -0.118222 -1.74094 -0.00122369 -0.117058 0.00102365
 3.265 2.21417 -0.118479 -1.74088 -0.0012393 -0.117067 0.00101538
 3.27 2.21667 -0.118742 -1.73801 -0.00125641 -0.117077 0.00100542
 3.275 2.21696 -0.119014 -1.73804 -0.00127252 -0.117087 0.0009968749999999999
 3.28 2.21714 -0.119277 -1.738 -0.00128831 -0.117092 0.000988393
 3.285 2.2173 -0.119537 -1.73793 -0.00130403 -0.117098 0.0009799469999999999
 3.29 2.2175 -0.119798 -1.73787 -0.00131986 -0.117105 0.000971473
 3.295 2.21772 -0.120062 -1.7378 -0.00133581 -0.117113 0.000962972
 3.3 2.21797 -0.120328 -1.73775 -0.00135187 -0.117122 0.000954443
 3.305 2.22051 -0.120599 -1.73485 -0.00136937 -0.117133 0.000944064
 3.31 2.22082 -0.120878 -1.73489 -0.00138594 -0.117142 0.000935264
 3.315 2.22101 -0.121149 -1.73485 -0.00140218 -0.117148 0.000926533
 3.32 2.22118 -0.121417 -1.73479 -0.00141832 -0.117154 0.000917843
 3.325 2.22139 -0.121686 -1.73472 -0.00143458 -0.117162 0.0009091289999999999
 3.33 2.22163 -0.121957 -1.73467 -0.00145094 -0.11717 0.000900392
 3.335 2.22189 -0.12223 -1.73462 -0.00146741 -0.11718 0.000891631
 3.34 2.22448 -0.122508 -1.73167 -0.00148527 -0.117191 0.000880837
 3.345 2.2248 -0.122795 -1.73171 -0.00150225 -0.117201 0.000871803
 3.35 2.225 -0.123073 -1.73169 -0.00151888 -0.117207 0.000862846
 3.355 2.22519 -0.123347 -1.73162 -0.0015354 -0.117214 0.000853936
 3.36 2.2254 -0.123623 -1.73156 -0.00155203 -0.117221 0.000845007
 3.365 2.22565 -0.123901 -1.73151 -0.00156876 -0.11723 0.000836059
 3.37 2.22592 -0.12418 -1.73146 -0.00158559 -0.11724 0.000827091
 3.375 2.22855 -0.124464 -1.72847 -0.00160373 -0.117252 0.000815902
 3.38 2.22889 -0.124758 -1.72853 -0.00162108 -0.117262 0.000806659
 3.385 2.2291 -0.125042 -1.7285 -0.00163805 -0.117269 0.0007975
 3.39 2.22929 -0.125322 -1.72845 -0.0016549 -0.117275 0.000788397
 3.395 2.22952 -0.125604 -1.72839 -0.00167184 -0.117283 0.000779278
 3.4 2.22977 -0.125887 -1.72834 -0.00168889 -0.117292 0.000770143
 3.405 2.23005 -0.126172 -1.7283 -0.00170602 -0.117303 0.000760994
 3.41 2.23272 -0.126462 -1.72527 -0.00172438 -0.117314 0.000749436
 3.415 2.23307 -0.126762 -1.72534 -0.00174204 -0.117325 0.00074001
 3.42 2.23329 -0.127051 -1.72532 -0.00175931 -0.117332 0.000730676
 3.425 2.23349 -0.127336 -1.72526 -0.00177643 -0.117339 0.000721404
 3.43 2.23372 -0.127622 -1.72522 -0.00179364 -0.117347 0.000712121
 3.435 2.23398 -0.12791 -1.72517 -0.00181094 -0.117356 0.0007028270000000001
 3.44 2.23427 -0.1282 -1.72513 -0.00182833 -0.117366 0.000693522
 3.445 2.23696 -0.128494 -1.72207 -0.00184686 -0.117378 0.000681622
 3.45 2.23731 -0.128799 -1.72215 -0.00186477 -0.117389 0.0006720400000000001
 3.455 2.23754 -0.129093 -1.72214 -0.00188227 -0.117396 0.000662557
 3.46 2.23774 -0.129382 -1.72209 -0.00189962 -0.117403 0.000653143
 3.465 2.23798 -0.129673 -1.72204 -0.00191705 -0.117411 0.000643723
 3.47 2.23825 -0.129964 -1.72201 -0.00193456 -0.117421 0.000634296
 3.475 2.23854 -0.130258 -1.72197 -0.00195214 -0.117431 0.000624863
 3.48 2.24125 -0.130556 -1.71889 -0.00197078 -0.117443 0.000612651
 3.485 2.24161 -0.130865 -1.71897 -0.00198889 -0.117455 0.000602942
 3.49 2.24185 -0.131162 -1.71897 -0.00200658 -0.117462 0.000593338
 3.495 2.24205 -0.131455 -1.71892 -0.00202409 -0.117468 0.00058381
 3.5 2.24229 -0.131748 -1.71889 -0.00204169 -0.117477 0.000574279
 3.505 2.24257 -0.132043 -1.71885 -0.00205935 -0.117486 0.000564747
 3.51 2.24287 -0.132339 -1.71882 -0.00207708 -0.117497 0.000555213
 3.515 2.24558 -0.132641 -1.71574 -0.00209577 -0.117509 0.000542722
 3.52 2.24595 -0.132952 -1.71582 -0.00211402 -0.117521 0.000532914
 3.525 2.24619 -0.133252 -1.71582 -0.00213184 -0.117528 0.000523217
 3.53 2.2464 -0.133547 -1.71579 -0.00214948 -0.117534 0.000513602
 3.535 2.24665 -0.133843 -1.71575 -0.00216718 -0.117543 0.00050399
 3.54 2.24692 -0.13414 -1.71573 -0.00218495 -0.117552 0.00049438
 3.545 2.24723 -0.134438 -1.7157 -0.00220277 -0.117563 0.000484773
 3.55 2.24994 -0.134742 -1.71261 -0.00222145 -0.117575 0.000472039
 3.555 2.25031 -0.135055 -1.71271 -0.00223979 -0.117587 0.000462161
 3.56 2.25056 -0.135357 -1.71272 -0.00225769 -0.117594 0.0004524
 3.565 2.25077 -0.135654 -1.71268 -0.00227539 -0.117601 0.000442727
 3.57 2.25102 -0.135951 -1.71266 -0.00229315 -0.117609 0.000433061
 3.575 2.2513 -0.13625 -1.71263 -0.00231097 -0.117619 0.000423402
 3.58 2.25161 -0.136549 -1.71262 -0.00232883 -0.11763 0.000413751
 3.585 2.25431 -0.136853 -1.70954 -0.00234744 -0.117642 0.000400812
 3.59 2.25469 -0.137168 -1.70964 -0.00236582 -0.117653 0.000390894
 3.595 2.25493 -0.137471 -1.70965 -0.00238373 -0.117661 0.000381098
 3.6 2.25515 -0.137768 -1.70962 -0.00240145 -0.117668 0.000371395
 3.605 2.25541 -0.138066 -1.7096 -0.00241922 -0.117676 0.000361704
 3.61 2.25569 -0.138365 -1.70959 -0.00243703 -0.117686 0.000352025
 3.615 2.256 -0.138664 -1.70957 -0.00245488 -0.117697 0.000342358
 3.62 2.25868 -0.138969 -1.70651 -0.00247337 -0.117709 0.000329255
 3.625 2.25906 -0.139283 -1.70662 -0.00249172 -0.11772 0.000319328
 3.63 2.25931 -0.139586 -1.70664 -0.00250961 -0.117727 0.000309526
 3.635 2.25953 -0.139883 -1.70662 -0.00252728 -0.117734 0.000299822
 3.64 2.25979 -0.140181 -1.7066 -0.002545 -0.117743 0.000290136
 3.645 2.26007 -0.140479 -1.70659 -0.00256276 -0.117752 0.000280466
 3.65 2.26038 -0.140778 -1.70659 -0.00258054 -0.117763 0.000270813
 3.655 2.26304 -0.141082 -1.70355 -0.00259885 -0.117775 0.000257589
 3.66 2.26342 -0.141395 -1.70366 -0.00261712 -0.117786 0.000247682
 3.665 2.26367 -0.141697 -1.70369 -0.00263492 -0.117794 0.000237904
 3.67 2.26389 -0.141993 -1.70367 -0.00265251 -0.117801 0.00022823
 3.675 2.26415 -0.14229 -1.70366 -0.00267012 -0.117809 0.000218577
 3.68 2.26443 -0.142587 -1.70366 -0.00268777 -0.117818 0.000208946
 3.685 2.26474 -0.142884 -1.70366 -0.00270543 -0.117829 0.000199336
 3.69 2.26737 -0.143186 -1.70066 -0.00272351 -0.117841 0.000186037
 3.695 2.26775 -0.143498 -1.70077 -0.00274164 -0.117852 0.000176181
 3.7 2.268 -0.143798 -1.7008 -0.00275931 -0.117859 0.000166458
 3.705 2.26822 -0.144092 -1.7008 -0.00277675 -0.117866 0.000156843
 3.71 2.26848 -0.144386 -1.70079 -0.00279421 -0.117875 0.000147253
 3.715 2.26876 -0.144681 -1.7008 -0.00281169 -0.117884 0.00013769
 3.72 2.26907 -0.144976 -1.7008 -0.00282918 -0.117895 0.000128152
 3.725 2.27166 -0.145275 -1.69785 -0.00284698 -0.117907 0.000114825
 3.73 2.27203 -0.145584 -1.69796 -0.00286491 -0.117918 0.000105052
 3.735 1.99071 -0.302759 -1.06553 0.0258656 -0.0859791 0.0010662
 3.74 1.13373 -0.780091 0.859643 0.113368 0.0112623 0.00397266
 3.745 0.918997 -0.889865 1.38295 0.138175 0.0373 0.00170744
 3.75 0.401413 -1.14972 2.68326 0.200629 0.101569 -0.00613137
 3.755 0.43571 -1.07341 2.69482 0.205122 0.100807 -0.016712
 3.76 0.434975 -0.931468 2.82884 0.219431 0.105056 -0.0381723
 3.765 0.293517 -1.081 3.13898 0.230831 0.121759 -0.0299323
 3.77 -0.409765 -1.64026 4.75639 0.299066 0.205644 -0.0118471
 3.775 -0.832766 -1.80892 5.39999 0.324097 0.241424 -0.00140636
 3.78 -2.10658 -2.3627 7.39143 0.401851 0.351394 0.0318616
 3.785 -2.29168 -2.4294 7.57339 0.406531 0.363023 0.0407652
 3.79 -3.47559 -2.94819 9.436059999999999 0.47953 0.465785 0.0715059
 3.795 -3.54971 -2.96746 9.45069 0.477809 0.468092 0.0772891


