# Created by Octave 3.8.2, Mon May 25 09:46:29 2015 CST <waldronluo@Debian>
# name: approachSig
# type: matrix
# rows: 873
# columns: 7
 0 0.0375657 -0.00170152 -0.0284831 4.31391e-06 -0.00180521 8.30314e-05
 0.005 0.185079 -0.00838305 -0.140331 2.12538e-05 -0.00889393 0.00040908
 0.01 0.321796 -0.0145756 -0.243993 3.69539e-05 -0.0154638 0.000711265
 0.015 0.448506 -0.0203148 -0.340067 5.15048e-05 -0.0215529 0.0009913330000000001
 0.02 0.565943 -0.025634 -0.42911 6.49904e-05 -0.0271963 0.0012509
 0.025 0.6747840000000001 -0.0305639 -0.511635 7.748809999999999e-05 -0.0324267 0.00149147
 0.03 0.77566 -0.0351329 -0.58812 8.907010000000001e-05 -0.0372743 0.00171443
 0.035 0.869153 -0.0393675 -0.659006 9.980280000000001e-05 -0.0417671 0.00192107
 0.04 0.955803 -0.0432921 -0.724703 0.000109748 -0.0459311 0.00211258
 0.045 1.03611 -0.0469294 -0.785591 0.000118963 -0.0497904 0.00229008
 0.05 1.11054 -0.0503004 -0.842022 0.000127502 -0.0533674 0.00245457
 0.055 1.17953 -0.0534246 -0.894321 0.000135412 -0.0566825 0.00260703
 0.06 1.24347 -0.0563201 -0.94279 0.00014274 -0.0597551 0.00274832
 0.065 1.30272 -0.0590036 -0.987711 0.000149528 -0.06260300000000001 0.00287926
 0.07000000000000001 1.35765 -0.0614906 -1.02934 0.000155814 -0.06524240000000001 0.00300061
 0.075 1.40855 -0.0637955 -1.06793 0.000161637 -0.06768879999999999 0.00311308
 0.08 1.45573 -0.06593160000000001 -1.10368 0.000167028 -0.0699562 0.0032173
 0.08500000000000001 1.49945 -0.0679112 -1.13682 0.000172019 -0.07205780000000001 0.00331389
 0.09 1.53998 -0.0697459 -1.16753 0.00017664 -0.07400569999999999 0.0034034
 0.095 1.57754 -0.0714461 -1.19599 0.000180916 -0.07581110000000001 0.00348635
 0.1 1.61236 -0.07302169999999999 -1.22236 0.000184873 -0.0774846 0.00356322
 0.105 1.64463 -0.0744819 -1.24681 0.000188533 -0.0790357 0.00363445
 0.11 1.67454 -0.0758351 -1.26945 0.000191918 -0.0804734 0.00370046
 0.115 1.70226 -0.07708909999999999 -1.29044 0.000195048 -0.081806 0.00376163
 0.12 1.72795 -0.0782511 -1.30989 0.000197941 -0.0830413 0.0038183
 0.125 1.75177 -0.07932790000000001 -1.32792 0.000200615 -0.08418639999999999 0.00387082
 0.13 1.77384 -0.0803257 -1.34462 0.000203084 -0.0852478 0.00391948
 0.135 1.7943 -0.0812504 -1.36009 0.000205363 -0.08623169999999999 0.00396456
 0.14 1.81327 -0.0821071 -1.37443 0.000207466 -0.08714379999999999 0.00400633
 0.145 1.83085 -0.082901 -1.38771 0.000209406 -0.08798930000000001 0.00404503
 0.15 1.84714 -0.0836365 -1.40002 0.000211194 -0.0887732 0.00408088
 0.155 1.86225 -0.084318 -1.41143 0.000212841 -0.08949989999999999 0.00411409
 0.16 1.87625 -0.08494939999999999 -1.42199 0.000214357 -0.09017360000000001 0.00414485
 0.165 1.88772 -0.08423460000000001 -1.434 0.000276399 -0.0908017 0.00416415
 0.17 1.90006 -0.084838 -1.44324 0.000274529 -0.0913934 0.00418954
 0.175 1.91144 -0.0854105 -1.45173 0.000271934 -0.0919411 0.00421259
 0.18 1.92191 -0.08593290000000001 -1.45953 0.000269852 -0.09244620000000001 0.0042339
 0.185 1.93161 -0.0864168 -1.46675 0.000267911 -0.0929146 0.00425363
 0.19 1.94061 -0.0868651 -1.47345 0.000266099 -0.0933489 0.0042719
 0.195 1.94895 -0.0872802 -1.47964 0.000264407 -0.0937518 0.00428881
 0.2 1.95669 -0.0876647 -1.48538 0.000262826 -0.0941254 0.00430447
 0.205 1.96386 -0.0880208 -1.49069 0.000261346 -0.094472 0.00431896
 0.21 1.97051 -0.0883505 -1.49561 0.000259961 -0.0947935 0.00433236
 0.215 1.97668 -0.08865580000000001 -1.50016 0.000258663 -0.0950918 0.00434476
 0.22 1.9824 -0.0889384 -1.50438 0.000257445 -0.0953686 0.00435623
 0.225 1.98613 -0.0878582 -1.51058 0.000319253 -0.0956288 0.0043577
 0.23 1.99135 -0.0881661 -1.51435 0.000314826 -0.09587950000000001 0.00436654
 0.235 1.99615 -0.0884645 -1.51776 0.000309865 -0.0961113 0.00437424
 0.24 2.00051 -0.0887328 -1.52086 0.000305586 -0.0963236 0.00438132
 0.245 2.00456 -0.08898109999999999 -1.52373 0.000301605 -0.0965208 0.00438786
 0.25 2.00832 -0.0892109 -1.52638 0.000297898 -0.0967039 0.00439389
 0.255 2.0118 -0.0894235 -1.52883 0.000294446 -0.096874 0.00439946
 0.26 2.01504 -0.08962009999999999 -1.5311 0.00029123 -0.09703199999999999 0.00440459
 0.265 2.01804 -0.08980200000000001 -1.53319 0.000288232 -0.0971788 0.00440931
 0.27 2.02083 -0.0899702 -1.53512 0.000285436 -0.0973152 0.00441366
 0.275 2.02171 -0.088685 -1.53939 0.00035078 -0.0974457 0.00440822
 0.28 2.02445 -0.0889011 -1.54121 0.000344659 -0.0975771 0.00441089
 0.285 2.02693 -0.08911479999999999 -1.54281 0.000338086 -0.0976981 0.00441282
 0.29 2.02914 -0.0893037 -1.54422 0.000332345 -0.09780759999999999 0.00441454
 0.295 2.0312 -0.0894784 -1.54552 0.000327006 -0.0979095 0.0044161
 0.3 2.03311 -0.08963980000000001 -1.54671 0.000322038 -0.0980043 0.00441751
 0.305 2.03488 -0.08978899999999999 -1.54781 0.000317414 -0.0980927 0.00441879
 0.31 2.03653 -0.0899268 -1.54882 0.000313109 -0.098175 0.00441995
 0.315 2.03643 -0.0886783 -1.55214 0.000374337 -0.0982551 0.00441233
 0.32 2.03817 -0.08886520000000001 -1.55315 0.000367056 -0.0983393 0.00441229
 0.325 2.03974 -0.08905150000000001 -1.55401 0.000359433 -0.0984168 0.00441171
 0.33 2.04111 -0.0892155 -1.55474 0.000352697 -0.0984862 0.0044111
 0.335 2.04238 -0.0893669 -1.5554 0.000346432 -0.098551 0.0044105
 0.34 2.04357 -0.0895068 -1.55601 0.000340605 -0.09861159999999999 0.00440991
 0.345 2.04467 -0.0896359 -1.55656 0.000335183 -0.0986682 0.00440932
 0.35 2.04409 -0.0884089 -1.55941 0.000394298 -0.0987244 0.00440062
 0.355 2.04536 -0.0885872 -1.56002 0.000386101 -0.09878629999999999 0.00439909
 0.36 2.04649 -0.08876530000000001 -1.56051 0.000377637 -0.09884320000000001 0.00439713
 0.365 2.04746 -0.08892170000000001 -1.5609 0.000370113 -0.0988937 0.00439523
 0.37 2.04836 -0.0890662 -1.56125 0.000363117 -0.098941 0.00439343
 0.375 2.0492 -0.0891995 -1.56156 0.000356611 -0.0989853 0.00439173
 0.38 2.04999 -0.0893225 -1.56184 0.000350558 -0.099027 0.00439011
 0.385 2.04897 -0.0879755 -1.56464 0.000414914 -0.0990697 0.00438014
 0.39 2.05001 -0.0881557 -1.56504 0.000405803 -0.0991204 0.00437763
 0.395 2.05091 -0.0883361 -1.56532 0.000396432 -0.0991667 0.00437469
 0.4 2.05166 -0.08849369999999999 -1.5655 0.000388112 -0.0992068 0.00437187
 0.405 2.05235 -0.088639 -1.56565 0.000380378 -0.0992446 0.00436922
 0.41 2.05301 -0.08877309999999999 -1.56579 0.000373186 -0.0992801 0.00436672
 0.415 2.05196 -0.08752459999999999 -1.56831 0.000432625 -0.099317 0.00435683
 0.42 2.05285 -0.0877096 -1.56857 0.000422752 -0.09936159999999999 0.0043536
 0.425 2.05363 -0.08789420000000001 -1.56872 0.000412707 -0.0994023 0.00435002
 0.43 2.05427 -0.0880561 -1.56879 0.000403735 -0.0994377 0.00434661
 0.435 2.05487 -0.08820550000000001 -1.56884 0.000395395 -0.09947110000000001 0.0043434
 0.44 2.05544 -0.0883433 -1.56888 0.00038764 -0.0995027 0.00434038
 0.445 2.05421 -0.0870272 -1.57146 0.000450355 -0.09953620000000001 0.00433001
 0.45 2.05506 -0.08722009999999999 -1.57164 0.000439751 -0.0995784 0.00432628
 0.455 2.05578 -0.0874124 -1.57173 0.000428987 -0.09961680000000001 0.00432217
 0.46 2.05637 -0.08758059999999999 -1.57172 0.000419378 -0.09964969999999999 0.00431826
 0.465 2.05691 -0.08773590000000001 -1.5717 0.000410447 -0.0996809 0.00431459
 0.47 2.05743 -0.087879 -1.57168 0.000402145 -0.0997104 0.00431114
 0.475 2.05605 -0.0864844 -1.57436 0.000468836 -0.09974230000000001 0.00430039
 0.48 2.05689 -0.0866874 -1.57451 0.000457466 -0.0997841 0.00429621
 0.485 2.05759 -0.0868896 -1.57454 0.000445945 -0.0998218 0.00429163
 0.49 2.05815 -0.08706609999999999 -1.57449 0.000435672 -0.09985380000000001 0.00428727
 0.495 2.05867 -0.087229 -1.57442 0.000426125 -0.0998841 0.00428317
 0.5 2.05749 -0.08601830000000001 -1.57678 0.000483968 -0.09991609999999999 0.00427304
 0.505 2.05828 -0.08622879999999999 -1.57687 0.000471988 -0.09995660000000001 0.0042684
 0.51 2.05896 -0.086437 -1.57686 0.000459971 -0.0999935 0.00426346
 0.515 2.05951 -0.0866205 -1.57678 0.000449178 -0.100025 0.00425876
 0.52 2.06003 -0.0867898 -1.57668 0.00043915 -0.100056 0.00425436
 0.525 2.05878 -0.0855525 -1.57909 0.000498514 -0.100088 0.00424419
 0.53 2.05959 -0.085771 -1.57916 0.000485986 -0.100129 0.00423924
 0.535 2.06027 -0.0859868 -1.57913 0.000473436 -0.100166 0.00423398
 0.54 2.06082 -0.0861769 -1.57903 0.000462166 -0.100198 0.00422898
 0.545 2.06134 -0.08635230000000001 -1.57891 0.000451695 -0.100229 0.00422429
 0.55 2.06003 -0.0850704 -1.5814 0.000513536 -0.100261 0.00421407
 0.555 2.06085 -0.0852976 -1.58147 0.000500433 -0.100303 0.00420883
 0.5600000000000001 2.06155 -0.085522 -1.58143 0.000487317 -0.100342 0.00420325
 0.5649999999999999 2.06211 -0.0857194 -1.5813 0.000475548 -0.100374 0.00419794
 0.57 2.06264 -0.0859014 -1.58117 0.000464614 -0.100405 0.00419296
 0.575 2.06125 -0.08457580000000001 -1.58375 0.0005289510000000001 -0.100439 0.00418275
 0.58 2.06211 -0.0848124 -1.58381 0.000515252 -0.100482 0.00417722
 0.585 2.06282 -0.0850458 -1.58376 0.000501549 -0.100521 0.00417131
 0.59 2.06339 -0.0852509 -1.58363 0.00048926 -0.100555 0.00416569
 0.595 2.06393 -0.0854401 -1.58348 0.000477846 -0.100586 0.00416041
 0.6 2.06249 -0.08407340000000001 -1.58615 0.000544612 -0.100621 0.00415028
 0.605 2.06337 -0.0843197 -1.58621 0.000530302 -0.100666 0.00414444
 0.61 2.06411 -0.0845624 -1.58616 0.0005159989999999999 -0.100706 0.0041382
 0.615 2.06469 -0.0847757 -1.58601 0.00050318 -0.10074 0.00413226
 0.62 2.06358 -0.0836751 -1.58823 0.000556793 -0.100776 0.00412274
 0.625 2.06442 -0.0839274 -1.58824 0.0005420069999999999 -0.10082 0.00411647
 0.63 2.06514 -0.08417429999999999 -1.58815 0.000527377 -0.10086 0.00410995
 0.635 2.06574 -0.0843936 -1.58799 0.000514161 -0.100895 0.00410377
 0.64 2.06463 -0.08329789999999999 -1.59023 0.000567799 -0.100932 0.00409441
 0.645 2.06548 -0.08355600000000001 -1.59023 0.000552636 -0.100976 0.00408792
 0.65 2.06622 -0.0838082 -1.59014 0.0005376480000000001 -0.101017 0.00408118
 0.655 2.06683 -0.0840323 -1.58997 0.000524106 -0.101053 0.00407479
 0.66 2.06569 -0.08291709999999999 -1.59226 0.000579035 -0.10109 0.00406556
 0.665 2.06656 -0.0831812 -1.59226 0.00056348 -0.101136 0.00405886
 0.67 2.06732 -0.08343929999999999 -1.59216 0.000548107 -0.101178 0.00405189
 0.675 2.06794 -0.08366850000000001 -1.59199 0.000534222 -0.101214 0.00404528
 0.68 2.06677 -0.082533 -1.59433 0.000590515 -0.101252 0.00403622
 0.6850000000000001 2.06766 -0.0828035 -1.59433 0.000574549 -0.101299 0.0040293
 0.6899999999999999 2.06844 -0.0830678 -1.59424 0.000558772 -0.101342 0.00402209
 0.695 2.06907 -0.0833024 -1.59406 0.0005445270000000001 -0.101379 0.00401524
 0.7 2.06787 -0.08214780000000001 -1.59645 0.000602144 -0.101418 0.00400637
 0.705 2.06879 -0.082425 -1.59646 0.000585751 -0.101466 0.00399921
 0.71 2.06958 -0.0826957 -1.59636 0.000569556 -0.101509 0.00399175
 0.715 2.07022 -0.082936 -1.59618 0.000554938 -0.101547 0.00398467
 0.72 2.06899 -0.08176369999999999 -1.59862 0.000613833 -0.101587 0.00397601
 0.725 2.06993 -0.0820477 -1.59862 0.000597004 -0.101636 0.00396861
 0.73 2.07074 -0.0823251 -1.59852 0.000580383 -0.101681 0.00396089
 0.735 2.0714 -0.08257100000000001 -1.59834 0.000565385 -0.101719 0.00395356
 0.74 2.07014 -0.0813826 -1.60083 0.00062551 -0.10176 0.00394514
 0.745 2.0711 -0.0816735 -1.60084 0.00060824 -0.10181 0.0039375
 0.75 2.07193 -0.0819574 -1.60074 0.000591188 -0.101855 0.00392952
 0.755 2.0726 -0.0822092 -1.60054 0.000575805 -0.101895 0.00392193
 0.76 2.07132 -0.08100590000000001 -1.60309 0.000637118 -0.101936 0.00391378
 0.765 2.0723 -0.08130370000000001 -1.6031 0.000619404 -0.101987 0.0039059
 0.77 2.07314 -0.08159429999999999 -1.60299 0.000601919 -0.102034 0.00389765
 0.775 2.07382 -0.0818518 -1.60279 0.000586149 -0.102074 0.0038898
 0.78 2.07251 -0.0806351 -1.60539 0.000648608 -0.102116 0.00388195
 0.785 2.07352 -0.0809397 -1.6054 0.00063045 -0.102168 0.00387382
 0.79 2.07438 -0.0812369 -1.60529 0.0006125320000000001 -0.102215 0.00386529
 0.795 2.07507 -0.08150019999999999 -1.60509 0.000596376 -0.102256 0.00385719
 0.8 2.07374 -0.08027140000000001 -1.60773 0.000659938 -0.102299 0.00384967
 0.805 2.07476 -0.0805828 -1.60774 0.000641339 -0.102352 0.00384128
 0.8100000000000001 2.07564 -0.0808865 -1.60763 0.00062299 -0.1024 0.00383248
 0.8149999999999999 2.07634 -0.08115559999999999 -1.60742 0.000606448 -0.102442 0.00382411
 0.82 2.07498 -0.0799158 -1.61011 0.000671073 -0.102485 0.00381696
 0.825 2.07603 -0.080234 -1.61012 0.000652036 -0.102539 0.00380831
 0.83 2.07692 -0.08054409999999999 -1.61001 0.000633258 -0.102589 0.00379924
 0.835 2.07764 -0.0808189 -1.60979 0.000616334 -0.102631 0.0037906
 0.84 2.07625 -0.0795695 -1.61252 0.000681981 -0.102675 0.00378384
 0.845 2.07732 -0.0798943 -1.61254 0.000662509 -0.10273 0.00377494
 0.85 2.07822 -0.0802108 -1.61242 0.000643308 -0.10278 0.00376559
 0.855 2.07895 -0.0804911 -1.61221 0.000626004 -0.102823 0.00375669
 0.86 2.07754 -0.0792334 -1.61498 0.000692633 -0.102867 0.00375034
 0.865 2.07863 -0.0795646 -1.61499 0.000672732 -0.102924 0.00374118
 0.87 2.07955 -0.07988729999999999 -1.61488 0.0006531109999999999 -0.102974 0.00373155
 0.875 2.08029 -0.0801731 -1.61466 0.000635432 -0.103018 0.00372239
 0.88 2.07886 -0.0789083 -1.61747 0.000703002 -0.103063 0.00371649
 0.885 2.07996 -0.07924589999999999 -1.61748 0.000682677 -0.10312 0.00370708
 0.89 2.08089 -0.0795747 -1.61737 0.000662643 -0.103172 0.00369717
 0.895 2.07996 -0.0786742 -1.61951 0.000710533 -0.103218 0.00369029
 0.9 2.08098 -0.07901519999999999 -1.61945 0.000689845 -0.103273 0.00368029
 0.905 2.08188 -0.0793447 -1.6193 0.000669674 -0.103323 0.00367011
 0.91 2.08264 -0.0796398 -1.61908 0.000651354 -0.103368 0.00366049
 0.915 2.08122 -0.07839989999999999 -1.62188 0.000718558 -0.103414 0.00365536
 0.92 2.08234 -0.0787458 -1.6219 0.000697638 -0.103473 0.00364554
 0.925 2.08329 -0.0790824 -1.62178 0.000677038 -0.103525 0.00363521
 0.93 2.08234 -0.07818 -1.62397 0.00072582 -0.103572 0.00362895
 0.9350000000000001 2.08339 -0.0785295 -1.62391 0.000704534 -0.103628 0.00361854
 0.9399999999999999 2.08431 -0.0788671 -1.62375 0.000683783 -0.10368 0.00360793
 0.945 2.08339 -0.077996 -1.6259 0.000731153 -0.103728 0.00360182
 0.95 2.08444 -0.0783478 -1.62584 0.000709674 -0.103784 0.00359124
 0.955 2.08536 -0.07868749999999999 -1.62568 0.000688755 -0.103835 0.00358049
 0.96 2.08444 -0.0778179 -1.62784 0.000736393 -0.103884 0.00357468
 0.965 2.0855 -0.0781722 -1.62778 0.000714724 -0.10394 0.00356396
 0.97 2.08643 -0.0785141 -1.62762 0.00069362 -0.103992 0.00355306
 0.975 2.0855 -0.0776439 -1.6298 0.000741661 -0.104041 0.00354758
 0.98 2.08656 -0.0780008 -1.62973 0.00071979 -0.104098 0.00353671
 0.985 2.0875 -0.0783454 -1.62958 0.000698486 -0.10415 0.00352564
 0.99 2.08656 -0.0774749 -1.63177 0.000746914 -0.104199 0.00352049
 0.995 2.08763 -0.07783470000000001 -1.63171 0.000724829 -0.104256 0.00350946
 1 2.08858 -0.078182 -1.63155 0.0007033160000000001 -0.104308 0.00349824
 1.005 2.08763 -0.07731200000000001 -1.63377 0.000752101 -0.104358 0.00349341
 1.01 2.08871 -0.0776747 -1.63371 0.000729794 -0.104415 0.00348222
 1.015 2.08966 -0.07802489999999999 -1.63355 0.000708064 -0.104468 0.00347083
 1.02 2.08871 -0.077156 -1.63578 0.000757178 -0.104518 0.00346633
 1.025 2.0898 -0.0775217 -1.63571 0.000734645 -0.104576 0.00345498
 1.03 2.09075 -0.07787479999999999 -1.63556 0.000712694 -0.104629 0.00344341
 1.035 2.08979 -0.0770076 -1.6378 0.00076211 -0.104679 0.00343925
 1.04 2.09089 -0.0773764 -1.63774 0.000739348 -0.104737 0.00342773
 1.045 2.09185 -0.07773239999999999 -1.63758 0.000717174 -0.10479 0.00341598
 1.05 2.09088 -0.0768674 -1.63983 0.000766867 -0.10484 0.00341216
 1.055 2.09198 -0.0772393 -1.63977 0.0007438739999999999 -0.104899 0.00340047
 1.06 2.09295 -0.07759820000000001 -1.63962 0.000721476 -0.104953 0.00338855
 1.065 2.09198 -0.076736 -1.64188 0.000771424 -0.105003 0.00338507
 1.07 2.09308 -0.0771109 -1.64182 0.000748201 -0.105062 0.00337321
 1.075 2.09406 -0.07747279999999999 -1.64166 0.00072558 -0.105116 0.00336111
 1.08 2.09308 -0.0766139 -1.64394 0.000775759 -0.105166 0.00335799
 1.085 2.09419 -0.0769918 -1.64388 0.000752308 -0.105226 0.00334595
 1.09 2.09517 -0.07735649999999999 -1.64372 0.000729465 -0.10528 0.00333367
 1.095 2.09418 -0.0765014 -1.64601 0.000779854 -0.105331 0.00333091
 1.1 2.0953 -0.0768822 -1.64595 0.000756177 -0.10539 0.00331871
 1.105 2.09628 -0.0772497 -1.64579 0.000733115 -0.105444 0.00330625
 1.11 2.09529 -0.07639890000000001 -1.64809 0.000783693 -0.105495 0.00330385
 1.115 2.09641 -0.07678260000000001 -1.64803 0.0007597940000000001 -0.105555 0.00329148
 1.12 2.0974 -0.07715279999999999 -1.64787 0.000736517 -0.10561 0.00327884
 1.125 2.0964 -0.07630670000000001 -1.65018 0.000787263 -0.105661 0.00327682
 1.13 2.09753 -0.0766931 -1.65012 0.000763146 -0.105721 0.00326427
 1.135 2.09852 -0.0770661 -1.64995 0.000739657 -0.105776 0.00325147
 1.14 2.09752 -0.076225 -1.65227 0.000790552 -0.105827 0.00324981
 1.145 2.09865 -0.07661419999999999 -1.65221 0.000766221 -0.105887 0.0032371
 1.15 2.09964 -0.07698969999999999 -1.65205 0.000742525 -0.105942 0.00322412
 1.155 2.09863 -0.07615420000000001 -1.65437 0.0007935489999999999 -0.105993 0.00322285
 1.16 2.09977 -0.0765459 -1.65431 0.00076901 -0.106054 0.00320997
 1.165 2.10077 -0.0769239 -1.65415 0.000745112 -0.106109 0.00319683
 1.17 2.09975 -0.0760943 -1.65648 0.000796244 -0.10616 0.00319594
 1.175 2.10089 -0.0764885 -1.65642 0.000771503 -0.106221 0.0031829
 1.18 2.10189 -0.0768689 -1.65625 0.000747409 -0.106276 0.00316959
 1.185 2.10088 -0.0760456 -1.65859 0.00079863 -0.106327 0.00316909
 1.19 2.10202 -0.0764422 -1.65853 0.000773693 -0.106388 0.00315589
 1.195 2.10302 -0.0768249 -1.65836 0.000749409 -0.106443 0.00314242
 1.2 2.102 -0.0760083 -1.6607 0.000800699 -0.106495 0.00314231
 1.205 2.10314 -0.07640719999999999 -1.66064 0.000775572 -0.106556 0.00312896
 1.21 2.10415 -0.076792 -1.66047 0.0007511040000000001 -0.106611 0.00311532
 1.215 2.10312 -0.07598249999999999 -1.66282 0.000802445 -0.106663 0.00311561
 1.22 2.10427 -0.07638349999999999 -1.66276 0.000777134 -0.106723 0.00310211
 1.225 2.10528 -0.0767704 -1.66259 0.0007524880000000001 -0.106779 0.00308832
 1.23 2.10425 -0.0759682 -1.66494 0.000803861 -0.10683 0.003089
 1.235 2.10539 -0.0763713 -1.66487 0.000778374 -0.106891 0.00307535
 1.24 2.1064 -0.0767601 -1.66471 0.000753557 -0.106947 0.00306141
 1.245 2.10537 -0.0759657 -1.66706 0.000804942 -0.106999 0.0030625
 1.25 2.10652 -0.0763706 -1.66699 0.000779286 -0.10706 0.0030487
 1.255 2.10753 -0.0767612 -1.66683 0.000754305 -0.107115 0.00303461
 1.26 2.10649 -0.0759749 -1.66918 0.000805683 -0.107167 0.0030361
 1.265 2.10764 -0.07638159999999999 -1.66911 0.000779865 -0.107228 0.00302217
 1.27 2.10865 -0.07677390000000001 -1.66894 0.000754727 -0.107283 0.00300794
 1.275 2.10762 -0.07599590000000001 -1.67129 0.000806079 -0.107335 0.00300983
 1.28 2.10877 -0.07640420000000001 -1.67123 0.000780108 -0.107396 0.00299576
 1.285 2.10978 -0.07679809999999999 -1.67106 0.000754821 -0.107451 0.00298139
 1.29 2.10874 -0.07602879999999999 -1.67341 0.000806128 -0.107503 0.00298369
 1.295 2.10989 -0.0764386 -1.67335 0.0007800110000000001 -0.107564 0.00296949
 1.3 2.1109 -0.076834 -1.67318 0.000754583 -0.107619 0.00295498
 1.305 2.10986 -0.07607360000000001 -1.67553 0.000805826 -0.107671 0.00295769
 1.31 2.111 -0.07648480000000001 -1.67547 0.00077957 -0.107732 0.00294336
 1.315 2.11201 -0.07688150000000001 -1.6753 0.000754008 -0.107787 0.00292873
 1.32 2.11097 -0.0761303 -1.67764 0.000805169 -0.107838 0.00293184
 1.325 2.11212 -0.07654270000000001 -1.67758 0.000778784 -0.107899 0.00291739
 1.33 2.11313 -0.0769406 -1.67741 0.000753096 -0.107954 0.00290263
 1.335 2.11209 -0.0761989 -1.67975 0.000804155 -0.108006 0.00290615
 1.34 2.11323 -0.0766124 -1.67969 0.000777649 -0.108066 0.00289158
 1.345 2.11424 -0.0770113 -1.67951 0.000751845 -0.108122 0.0028767
 1.35 2.1132 -0.0762794 -1.68185 0.0008027829999999999 -0.108173 0.00288062
 1.355 2.11434 -0.0766939 -1.68179 0.000776164 -0.108233 0.00286594
 1.36 2.11535 -0.0770937 -1.68162 0.000750251 -0.108288 0.00285095
 1.365 2.11431 -0.0763717 -1.68395 0.00080105 -0.10834 0.00285528
 1.37 2.11545 -0.07678699999999999 -1.68389 0.000774328 -0.1084 0.00284049
 1.375 2.11645 -0.0771876 -1.68371 0.000748315 -0.108455 0.00282539
 1.38 2.11541 -0.0764758 -1.68604 0.000798955 -0.108506 0.00283011
 1.385 2.11655 -0.0768918 -1.68598 0.000772139 -0.108566 0.00281522
 1.39 2.11755 -0.077293 -1.68581 0.000746035 -0.108621 0.00280003
 1.395 2.11651 -0.0765916 -1.68813 0.000796499 -0.108672 0.00280514
 1.4 2.11764 -0.0770081 -1.68806 0.000769597 -0.108732 0.00279016
 1.405 2.11864 -0.0774098 -1.68789 0.000743411 -0.108786 0.00277487
 1.41 2.1176 -0.076719 -1.6902 0.000793679 -0.108837 0.00278037
 1.415 2.11873 -0.07713589999999999 -1.69014 0.000766702 -0.108897 0.0027653
 1.42 2.11973 -0.077538 -1.68996 0.000740442 -0.108951 0.00274992
 1.425 2.11869 -0.076858 -1.69227 0.000790497 -0.109001 0.00275581
 1.43 2.11982 -0.0772751 -1.6922 0.000763454 -0.109061 0.00274065
 1.435 2.12081 -0.07767739999999999 -1.69203 0.00073713 -0.109115 0.00272519
 1.44 2.11978 -0.0770084 -1.69433 0.000786953 -0.109165 0.00273146
 1.445 2.1209 -0.0774256 -1.69426 0.000759853 -0.109224 0.00271623
 1.45 2.12188 -0.07782790000000001 -1.69409 0.000733475 -0.109278 0.00270069
 1.455 2.12085 -0.07717010000000001 -1.69637 0.000783047 -0.109328 0.00270734
 1.46 2.12197 -0.0775872 -1.6963 0.000755902 -0.109387 0.00269203
 1.465 2.12295 -0.0779894 -1.69613 0.000729479 -0.109441 0.00267642
 1.47 2.12192 -0.07734290000000001 -1.69841 0.000778782 -0.109491 0.00268344
 1.475 2.12303 -0.0777598 -1.69834 0.0007515999999999999 -0.109549 0.00266807
 1.48 2.12401 -0.0781618 -1.69817 0.000725142 -0.109603 0.0026524
 1.485 2.12299 -0.0775267 -1.70043 0.0007741580000000001 -0.109652 0.00265978
 1.49 2.12409 -0.0779432 -1.70036 0.00074695 -0.10971 0.00264435
 1.495 2.12507 -0.07834480000000001 -1.70019 0.000720467 -0.109763 0.00262862
 1.5 2.12405 -0.07772129999999999 -1.70244 0.000769178 -0.109813 0.00263636
 1.505 2.12514 -0.0781372 -1.70237 0.000741954 -0.109871 0.00262088
 1.51 2.12611 -0.07853830000000001 -1.7022 0.000715457 -0.109923 0.0026051
 1.515 2.1251 -0.0779265 -1.70443 0.000763844 -0.109972 0.00261318
 1.52 2.12619 -0.0783417 -1.70437 0.0007366160000000001 -0.11003 0.00259765
 1.525 2.12715 -0.0787421 -1.70419 0.000710113 -0.110082 0.00258184
 1.53 2.12614 -0.07814210000000001 -1.70642 0.00075816 -0.110131 0.00259026
 1.535 2.12722 -0.0785565 -1.70635 0.000730937 -0.110188 0.00257469
 1.54 2.12818 -0.0789561 -1.70618 0.00070444 -0.11024 0.00255885
 1.545 2.12718 -0.0783679 -1.70838 0.000752129 -0.110288 0.00256759
 1.55 2.12825 -0.0787813 -1.70831 0.000724922 -0.110345 0.00255199
 1.555 2.1292 -0.0791799 -1.70814 0.000698442 -0.110397 0.00253612
 1.56 2.1282 -0.0786037 -1.71033 0.0007457539999999999 -0.110444 0.00254518
 1.565 2.12927 -0.0790159 -1.71026 0.000718574 -0.110501 0.00252956
 1.57 2.13021 -0.0794134 -1.71009 0.000692121 -0.110552 0.00251367
 1.575 2.12922 -0.07884919999999999 -1.71226 0.000739039 -0.110599 0.00252304
 1.58 2.13028 -0.0792601 -1.71219 0.000711898 -0.110655 0.0025074
 1.585 2.13121 -0.0796562 -1.71202 0.000685483 -0.110706 0.0024915
 1.59 2.13023 -0.0791041 -1.71418 0.00073199 -0.110753 0.00250117
 1.595 2.13128 -0.0795135 -1.71411 0.000704899 -0.110809 0.00248552
 1.6 2.13221 -0.0799083 -1.71394 0.000678532 -0.110859 0.00246961
 1.605 2.13123 -0.0793683 -1.71608 0.000724612 -0.110906 0.00247956
 1.61 2.13227 -0.079776 -1.716 0.000697581 -0.110961 0.00246392
 1.615 2.13319 -0.0801692 -1.71584 0.000671274 -0.111011 0.00244802
 1.62 2.13222 -0.0796414 -1.71796 0.000716908 -0.111057 0.00245824
 1.625 2.13325 -0.0800473 -1.71788 0.00068995 -0.111112 0.0024426
 1.63 2.13417 -0.0804387 -1.71771 0.000663714 -0.111161 0.00242671
 1.635 2.13495 -0.08078879999999999 -1.71747 0.000639916 -0.111205 0.00241176
 1.64 2.13343 -0.0799883 -1.72027 0.000707419 -0.11125 0.00243103
 1.645 2.13454 -0.0803928 -1.72028 0.000680668 -0.111307 0.00241611
 1.65 2.13548 -0.0807866 -1.72015 0.000654299 -0.111358 0.00240035
 1.655 2.13448 -0.080262 -1.72229 0.000700882 -0.111403 0.00241189
 1.66 2.13549 -0.0806665 -1.72222 0.000673928 -0.111456 0.00239619
 1.665 2.13639 -0.0810568 -1.72205 0.000647669 -0.111505 0.00238022
 1.67 2.13716 -0.0814058 -1.72181 0.000623862 -0.111548 0.00236519
 1.675 2.13567 -0.0806441 -1.72455 0.000689833 -0.111592 0.00238509
 1.68 2.13675 -0.0810459 -1.72456 0.000663152 -0.111648 0.0023701
 1.685 2.13767 -0.0814372 -1.72442 0.000636855 -0.111697 0.00235429
 1.69 2.13842 -0.0817837 -1.72418 0.000613162 -0.111739 0.00233928
 1.695 2.13691 -0.0810216 -1.72694 0.0006800349999999999 -0.111782 0.00236023
 1.7 2.13798 -0.0814226 -1.72695 0.000653365 -0.111838 0.00234523
 1.705 2.13889 -0.08181330000000001 -1.72682 0.000627058 -0.111887 0.00232938
 1.71 2.13964 -0.0821591 -1.72657 0.000603365 -0.111928 0.00231433
 1.715 2.13814 -0.0814197 -1.72929 0.000669267 -0.111971 0.00233555
 1.72 2.13919 -0.08181910000000001 -1.7293 0.000642649 -0.112025 0.00232052
 1.725 2.14009 -0.08220810000000001 -1.72917 0.000616398 -0.112074 0.00230465
 1.73 2.14083 -0.08255270000000001 -1.72892 0.000592751 -0.112115 0.0022896
 1.735 2.13935 -0.0818376 -1.7316 0.000657488 -0.112157 0.00231102
 1.74 2.14039 -0.0822344 -1.7316 0.000630981 -0.11221 0.00229597
 1.745 2.14127 -0.082621 -1.73147 0.000604844 -0.112258 0.00228013
 1.75 2.142 -0.08296340000000001 -1.73123 0.000581293 -0.112298 0.00226511
 1.755 2.14055 -0.0822725 -1.73386 0.000644833 -0.112339 0.00228669
 1.76 2.14156 -0.082666 -1.73385 0.000618488 -0.112392 0.00227168
 1.765 2.14244 -0.0830494 -1.73372 0.000592513 -0.112439 0.0022559
 1.77 2.14315 -0.08338909999999999 -1.73348 0.000569104 -0.112479 0.00224095
 1.775 2.14173 -0.0827219 -1.73606 0.000631426 -0.112519 0.00226266
 1.78 2.14272 -0.0831115 -1.73606 0.000605286 -0.112571 0.00224771
 1.785 2.14358 -0.0834911 -1.73593 0.000579516 -0.112617 0.00223202
 1.79 2.14428 -0.0838276 -1.73569 0.000556286 -0.112656 0.00221716
 1.795 2.14288 -0.0831837 -1.73822 0.000617365 -0.112696 0.00223898
 1.8 2.14386 -0.0835689 -1.73821 0.0005914680000000001 -0.112747 0.00222411
 1.805 2.1447 -0.08394409999999999 -1.73808 0.000565939 -0.112792 0.00220853
 1.81 2.14539 -0.0842769 -1.73785 0.000542922 -0.11283 0.0021938
 1.815 2.14402 -0.0836562 -1.74033 0.000602729 -0.112869 0.00221568
 1.82 2.14497 -0.0840364 -1.74032 0.00057711 -0.112919 0.00220093
 1.825 2.1458 -0.08440690000000001 -1.74018 0.000551855 -0.112963 0.00218549
 1.83 2.14648 -0.08473550000000001 -1.73996 0.000529081 -0.113001 0.00217089
 1.835 2.14514 -0.08413760000000001 -1.74238 0.000587584 -0.113039 0.00219281
 1.84 2.14607 -0.0845125 -1.74237 0.000562273 -0.113088 0.00217818
 1.845 2.14688 -0.0848777 -1.74224 0.000537323 -0.113131 0.0021629
 1.85 2.14755 -0.0852019 -1.74202 0.000514818 -0.113168 0.00214847
 1.855 2.14623 -0.0846266 -1.74439 0.000571986 -0.113206 0.00217037
 1.86 2.14714 -0.08499569999999999 -1.74437 0.000547012 -0.113253 0.00215589
 1.865 2.14793 -0.0853554 -1.74424 0.000522394 -0.113295 0.00214079
 1.87 2.14859 -0.0856748 -1.74402 0.000500185 -0.113332 0.00212654
 1.875 2.14731 -0.0851218 -1.74634 0.000555983 -0.113368 0.00214839
 1.88 2.14819 -0.0854847 -1.74632 0.000531373 -0.113415 0.00213408
 1.885 2.14897 -0.0858385 -1.74619 0.000507112 -0.113456 0.00211917
 1.89 2.14961 -0.0861528 -1.74598 0.000485223 -0.113492 0.00210512
 1.895 2.14836 -0.0856219 -1.74824 0.000539617 -0.113528 0.00212687
 1.9 2.14922 -0.0859784 -1.74821 0.000515396 -0.113573 0.00211274
 1.905 2.14998 -0.086326 -1.74809 0.000491519 -0.113613 0.00209805
 1.91 2.15061 -0.0866348 -1.74788 0.000469971 -0.113648 0.00208422
 1.915 2.14939 -0.0861258 -1.75008 0.000522927 -0.113683 0.00210582
 1.92 2.15023 -0.0864755 -1.75006 0.00049912 -0.113727 0.00209189
 1.925 2.15097 -0.0868165 -1.74993 0.000475651 -0.113766 0.00207743
 1.93 2.15159 -0.08711960000000001 -1.74973 0.000454466 -0.1138 0.00206383
 1.935 2.1504 -0.08663220000000001 -1.75187 0.000505951 -0.113835 0.00208523
 1.94 2.15122 -0.0869748 -1.75184 0.00048258 -0.113877 0.00207152
 1.945 2.15194 -0.087309 -1.75172 0.000459542 -0.113916 0.00205731
 1.95 2.15254 -0.0876062 -1.75153 0.000438742 -0.113949 0.00204395
 1.955 2.1531 -0.0878785 -1.75133 0.000419563 -0.11398 0.00203155
 1.96 2.15155 -0.0872284 -1.75391 0.000486236 -0.114013 0.00206112
 1.965 2.1524 -0.0875633 -1.75394 0.000463483 -0.114057 0.00204823
 1.97 2.15312 -0.0878931 -1.75385 0.000440775 -0.114095 0.00203439
 1.975 2.1537 -0.0881837 -1.75366 0.000420394 -0.114127 0.00202127
 1.98 2.15425 -0.08845020000000001 -1.75346 0.000401602 -0.114157 0.0020091
 1.985 2.15271 -0.0878187 -1.756 0.000467283 -0.114189 0.00203884
 1.99 2.15354 -0.088147 -1.75603 0.000444946 -0.114231 0.00202614
 1.995 2.15424 -0.08847049999999999 -1.75594 0.000422636 -0.114268 0.00201252
 2 2.15481 -0.08875570000000001 -1.75575 0.000402611 -0.1143 0.00199962
 2.005 2.15534 -0.0890171 -1.75556 0.000384148 -0.114329 0.00198766
 2.01 2.15386 -0.0884211 -1.758 0.0004472 -0.114359 0.0020167
 2.015 2.15465 -0.0887414 -1.75802 0.000425359 -0.1144 0.00200421
 2.02 2.15533 -0.089057 -1.75794 0.00040355 -0.114436 0.00199086
 2.025 2.15587 -0.0893356 -1.75775 0.000383964 -0.114466 0.00197824
 2.03 2.15639 -0.089591 -1.75757 0.000365904 -0.114494 0.00196653
 2.035 2.15497 -0.089031 -1.75991 0.00042615 -0.114524 0.00199474
 2.04 2.15573 -0.089342 -1.75992 0.00040489 -0.114563 0.00198251
 2.045 2.15638 -0.08964859999999999 -1.75983 0.000383667 -0.114597 0.00196948
 2.05 2.15691 -0.0899195 -1.75966 0.000364596 -0.114626 0.0019572
 2.055 2.15741 -0.0901679 -1.75948 0.000347011 -0.114654 0.0019458
 2.06 2.15606 -0.0896431 -1.76171 0.000404409 -0.114682 0.00197311
 2.065 2.15678 -0.0899438 -1.76172 0.0003838 -0.114719 0.00196118
 2.07 2.1574 -0.0902404 -1.76163 0.000363232 -0.114752 0.00194853
 2.075 2.15791 -0.09050279999999999 -1.76147 0.000344739 -0.11478 0.00193663
 2.08 2.15839 -0.0907434 -1.7613 0.000327687 -0.114807 0.00192558
 2.085 2.15884 -0.0909638 -1.76113 0.00031197 -0.114831 0.00191533
 2.09 2.15724 -0.0903322 -1.76365 0.000379875 -0.114858 0.00194883
 2.095 2.15797 -0.0906217 -1.7637 0.000360117 -0.114895 0.00193774
 2.1 2.15858 -0.0909097 -1.76364 0.000340169 -0.114927 0.0019256
 2.105 2.15907 -0.09116249999999999 -1.76348 0.000322324 -0.114954 0.0019141
 2.11 2.15952 -0.0913944 -1.76332 0.000305869 -0.114979 0.00190343
 2.115 2.15995 -0.0916069 -1.76316 0.000290701 -0.115003 0.00189354
 2.12 2.15842 -0.09101330000000001 -1.76556 0.000355504 -0.115028 0.00192604
 2.125 2.1591 -0.09129130000000001 -1.76561 0.000336487 -0.115063 0.00191528
 2.13 2.15969 -0.0915682 -1.76555 0.000317279 -0.115093 0.00190356
 2.135 2.16015 -0.09181159999999999 -1.7654 0.000300086 -0.115119 0.00189249
 2.14 2.16059 -0.0920349 -1.76525 0.000284231 -0.115143 0.00188222
 2.145 2.161 -0.0922395 -1.76509 0.000269615 -0.115165 0.00187269
 2.15 2.15957 -0.0916964 -1.76734 0.00032993 -0.115189 0.00190337
 2.155 2.1602 -0.0919611 -1.76737 0.000311772 -0.115221 0.00189299
 2.16 2.16075 -0.0922249 -1.76731 0.000293441 -0.11525 0.00188178
 2.165 2.16119 -0.09245730000000001 -1.76717 0.000277014 -0.115274 0.00187121
 2.17 2.1616 -0.0926705 -1.76703 0.000261865 -0.115297 0.00186141
 2.175 2.16199 -0.092866 -1.76689 0.000247898 -0.115318 0.00185231
 2.18 2.16236 -0.093045 -1.76674 0.000235028 -0.115338 0.00184388
 2.185 2.16078 -0.09244239999999999 -1.76914 0.000301388 -0.11536 0.00187849
 2.19 2.1614 -0.0926918 -1.7692 0.000284328 -0.115391 0.00186897
 2.195 2.16192 -0.0929426 -1.76915 0.000266922 -0.115419 0.00185841
 2.2 2.16233 -0.0931622 -1.76903 0.000251386 -0.115441 0.00184842
 2.205 2.16272 -0.0933638 -1.7689 0.000237057 -0.115462 0.00183915
 2.21 2.16308 -0.0935487 -1.76877 0.000223845 -0.115482 0.00183056
 2.215 2.16342 -0.0937181 -1.76863 0.000211667 -0.115501 0.00182259
 2.22 2.16197 -0.09317449999999999 -1.77083 0.000272494 -0.115521 0.00185474
 2.225 2.16253 -0.0934074 -1.77088 0.000256511 -0.115549 0.00184571
 2.23 2.16302 -0.093642 -1.77084 0.000240206 -0.115574 0.00183578
 2.235 2.1634 -0.093848 -1.77072 0.000225632 -0.115595 0.00182643
 2.24 2.16376 -0.0940372 -1.77061 0.000212189 -0.115615 0.00181775
 2.245 2.16409 -0.09421069999999999 -1.77049 0.00019979 -0.115633 0.00180971
 2.25 2.16441 -0.0943698 -1.77037 0.000188361 -0.115651 0.00180225
 2.255 2.16471 -0.09451560000000001 -1.77025 0.000177828 -0.115667 0.00179533
 2.26 2.16321 -0.0939551 -1.77246 0.00024038 -0.115685 0.00182904
 2.265 2.16374 -0.0941685 -1.77252 0.000225759 -0.115711 0.00182088
 2.27 2.16418 -0.09438539999999999 -1.77249 0.000210699 -0.115734 0.00181176
 2.275 2.16453 -0.0945752 -1.77239 0.000197275 -0.115753 0.00180317
 2.28 2.16486 -0.0947496 -1.77229 0.000184889 -0.115771 0.0017952
 2.285 2.16516 -0.0949097 -1.77219 0.000173464 -0.115788 0.0017878
 2.29 2.16545 -0.0950566 -1.77208 0.000162927 -0.115803 0.00178095
 2.295 2.16572 -0.0951912 -1.77198 0.000153214 -0.115818 0.00177459
 2.3 2.16597 -0.0953145 -1.77187 0.000144263 -0.115832 0.00176869
 2.305 2.16621 -0.0954274 -1.77177 0.000136017 -0.115845 0.00176322
 2.31 2.16458 -0.0948107 -1.77411 0.000204157 -0.11586 0.00180074
 2.315 2.16506 -0.0950014 -1.77419 0.000191169 -0.115884 0.00179374
 2.32 2.16547 -0.0951984 -1.77419 0.000177542 -0.115905 0.0017856
 2.325 2.16578 -0.0953695 -1.7741 0.000165467 -0.115922 0.00177789
 2.33 2.16606 -0.0955268 -1.77402 0.000154321 -0.115937 0.00177074
 2.335 2.16633 -0.0956714 -1.77393 0.000144034 -0.115952 0.00176411
 2.34 2.16659 -0.09580420000000001 -1.77385 0.000134543 -0.115966 0.00175797
 2.345 2.16682 -0.0959261 -1.77376 0.000125787 -0.115979 0.00175227
 2.35 2.16704 -0.096038 -1.77368 0.000117713 -0.115991 0.00174698
 2.355 2.16725 -0.0961405 -1.77359 0.000110269 -0.116002 0.00174208
 2.36 2.16745 -0.0962345 -1.77351 0.000103407 -0.116013 0.00173753
 2.365 2.16763 -0.0963205 -1.77342 9.70848e-05 -0.116023 0.00173332
 2.37 2.1678 -0.09639929999999999 -1.77334 9.126100000000001e-05 -0.116033 0.00172941
 2.375 2.16613 -0.0957665 -1.77567 0.000160787 -0.116044 0.00176841
 2.38 2.16655 -0.0959276 -1.77577 0.000149903 -0.116065 0.00176275
 2.385 2.1669 -0.0960974 -1.77579 0.000138221 -0.116083 0.00175586
 2.39 2.16715 -0.096244 -1.77573 0.000127929 -0.116096 0.00174934
 2.395 2.16739 -0.09637900000000001 -1.77567 0.000118421 -0.116109 0.00174329
 2.4 2.16761 -0.0965034 -1.77561 0.000109638 -0.116121 0.00173768
 2.405 2.16782 -0.0966178 -1.77555 0.000101525 -0.116132 0.00173248
 2.41 2.16801 -0.0967232 -1.77549 9.40332e-05 -0.116143 0.00172766
 2.415 2.16819 -0.09682010000000001 -1.77543 8.71149e-05 -0.116152 0.00172319
 2.42 2.16836 -0.0969092 -1.77537 8.072709999999999e-05 -0.116162 0.00171905
 2.425 2.16852 -0.0969911 -1.77531 7.483e-05 -0.11617 0.00171521
 2.43 2.16867 -0.0970665 -1.77526 6.93862e-05 -0.116178 0.00171164
 2.435 2.16881 -0.09713579999999999 -1.7752 6.43606e-05 -0.116186 0.00170834
 2.44 2.16894 -0.09719940000000001 -1.77515 5.97229e-05 -0.116193 0.00170528
 2.445 2.16906 -0.09725789999999999 -1.77509 5.54425e-05 -0.1162 0.00170244
 2.45 2.16917 -0.0973116 -1.77504 5.14921e-05 -0.116206 0.0016998
 2.455 2.16928 -0.097361 -1.77499 4.7847e-05 -0.116212 0.00169736
 2.46 2.16938 -0.0974063 -1.77494 4.44837e-05 -0.116217 0.0016951
 2.465 2.16947 -0.0974479 -1.77489 4.13804e-05 -0.116223 0.001693
 2.47 2.16956 -0.09748610000000001 -1.77485 3.85167e-05 -0.116227 0.00169105
 2.475 2.16964 -0.0975212 -1.7748 3.5874e-05 -0.116232 0.00168925
 2.48 2.16971 -0.0975535 -1.77476 3.34349e-05 -0.116236 0.00168758
 2.485 2.16978 -0.09758310000000001 -1.77472 3.11833e-05 -0.11624 0.00168603
 2.49 2.16985 -0.0976104 -1.77468 2.91043e-05 -0.116244 0.00168459
 2.495 2.16991 -0.0976354 -1.77464 2.71839e-05 -0.116248 0.00168326
 2.5 2.16997 -0.0976585 -1.77461 2.54095e-05 -0.116251 0.00168202
 2.505 2.17002 -0.0976798 -1.77457 2.37692e-05 -0.116254 0.00168087
 2.51 2.17007 -0.09769940000000001 -1.77454 2.22514e-05 -0.116257 0.00167981
 2.515 2.17012 -0.0977176 -1.77451 2.08455e-05 -0.116259 0.00167883
 2.52 2.17016 -0.0977345 -1.77449 1.95439e-05 -0.116262 0.00167792
 2.525 2.1702 -0.09775 -1.77446 1.83386e-05 -0.116264 0.00167707
 2.53 2.17024 -0.0977644 -1.77444 1.72237e-05 -0.116266 0.00167629
 2.535 2.17028 -0.0977777 -1.77442 1.61948e-05 -0.116268 0.00167556
 2.54 2.17031 -0.0977898 -1.7744 1.52475e-05 -0.11627 0.00167489
 2.545 2.17035 -0.0978009 -1.77438 1.43777e-05 -0.116272 0.00167427
 2.55 2.17038 -0.097811 -1.77436 1.35818e-05 -0.116274 0.0016737
 2.555 2.17041 -0.09782009999999999 -1.77434 1.28565e-05 -0.116275 0.00167318
 2.56 2.17045 -0.09782830000000001 -1.77433 1.21985e-05 -0.116277 0.0016727
 2.565 2.17048 -0.09783559999999999 -1.77432 1.16051e-05 -0.116279 0.00167225
 2.57 2.17051 -0.097842 -1.7743 1.10735e-05 -0.11628 0.00167185
 2.575 2.17055 -0.0978475 -1.77429 1.06013e-05 -0.116282 0.00167148
 2.58 2.17059 -0.0978522 -1.77428 1.01862e-05 -0.116284 0.00167114
 2.585 2.17063 -0.0978561 -1.77427 9.825909999999999e-06 -0.116286 0.00167083
 2.59 2.17067 -0.0978593 -1.77426 9.51861e-06 -0.116287 0.00167056
 2.595 2.17071 -0.09786160000000001 -1.77425 9.2624e-06 -0.116289 0.00167031
 2.6 2.17075 -0.0978632 -1.77424 9.05558e-06 -0.116291 0.00167009
 2.605 2.1708 -0.09786400000000001 -1.77423 8.89689e-06 -0.116293 0.0016699
 2.61 2.17085 -0.0978641 -1.77423 8.785599999999999e-06 -0.116295 0.00166973
 2.615 2.1709 -0.09786350000000001 -1.77422 8.71971e-06 -0.116297 0.00166958
 2.62 2.17096 -0.0978622 -1.77421 8.697930000000001e-06 -0.116299 0.00166946
 2.625 2.17102 -0.09786019999999999 -1.77421 8.71969e-06 -0.116301 0.00166935
 2.63 2.17108 -0.0978576 -1.7742 8.78331e-06 -0.116304 0.00166927
 2.635 2.17114 -0.0978542 -1.7742 8.8873e-06 -0.116306 0.00166921
 2.64 2.17121 -0.0978503 -1.77419 9.0307e-06 -0.116309 0.00166916
 2.645 2.17031 -0.101348 -1.77525 -0.00010803 -0.116311 0.00175444
 2.65 2.17054 -0.101218 -1.77537 -0.000100866 -0.116316 0.00175577
 2.655 2.17073 -0.101052 -1.77543 -9.23177e-05 -0.116321 0.00175742
 2.66 2.17089 -0.100906 -1.77546 -8.5016e-05 -0.116326 0.00175889
 2.665 2.17104 -0.10077 -1.77548 -7.81912e-05 -0.11633 0.00176027
 2.67 2.17119 -0.100642 -1.77549 -7.18064e-05 -0.116335 0.00176156
 2.675 2.17134 -0.100523 -1.77551 -6.582740000000001e-05 -0.11634 0.00176278
 2.68 2.17149 -0.100411 -1.77553 -6.02226e-05 -0.116344 0.00176392
 2.685 2.17202 -0.103571 -1.7749 -0.000196853 -0.116348 0.00180653
 2.69 2.17219 -0.103317 -1.77494 -0.000183181 -0.116352 0.0018106
 2.695 2.17233 -0.103028 -1.77497 -0.000167536 -0.116354 0.00181544
 2.7 2.17246 -0.10277 -1.77498 -0.000153568 -0.116356 0.00181977
 2.705 2.17259 -0.102529 -1.77499 -0.000140549 -0.116358 0.0018238
 2.71 2.17272 -0.102305 -1.77501 -0.000128408 -0.116361 0.00182756
 2.715 2.17285 -0.102095 -1.77502 -0.000117078 -0.116363 0.00183107
 2.72 2.17355 -0.105399 -1.77415 -0.000262401 -0.116366 0.00187438
 2.725 2.17372 -0.105046 -1.77419 -0.000242936 -0.116368 0.00188097
 2.73 2.17384 -0.104659 -1.77421 -0.000221538 -0.116368 0.00188828
 2.735 2.17395 -0.104311 -1.77422 -0.000202247 -0.116368 0.00189485
 2.74 2.17407 -0.103986 -1.77422 -0.000184282 -0.116369 0.00190096
 2.745 2.17419 -0.103684 -1.77423 -0.000167542 -0.11637 0.00190666
 2.75 2.1749 -0.106926 -1.77333 -0.000309312 -0.11637 0.00195179
 2.755 2.17506 -0.106491 -1.77337 -0.000285096 -0.116371 0.00196032
 2.76 2.17517 -0.106028 -1.77339 -0.000259242 -0.11637 0.00196944
 2.765 2.17528 -0.105609 -1.77339 -0.000235808 -0.116369 0.00197769
 2.77 2.1754 -0.105218 -1.77339 -0.000213991 -0.116368 0.00198536
 2.775 2.17606 -0.108167 -1.77254 -0.000341652 -0.116367 0.00202983
 2.78 2.17621 -0.107666 -1.77257 -0.000313622 -0.116367 0.00203986
 2.785 2.17633 -0.107146 -1.77259 -0.000284429 -0.116365 0.00205029
 2.79 2.17644 -0.106671 -1.77259 -0.000257857 -0.116363 0.00205978
 2.795 2.17656 -0.10623 -1.77259 -0.000233121 -0.116362 0.0020686
 2.8 2.17727 -0.109393 -1.77167 -0.000369741 -0.116361 0.00211698
 2.805 2.17744 -0.108836 -1.77171 -0.000338497 -0.11636 0.00212828
 2.81 2.17756 -0.108259 -1.77172 -0.000306054 -0.116358 0.00213998
 2.815 2.17768 -0.107732 -1.77172 -0.000276495 -0.116355 0.00215062
 2.82 2.17831 -0.110394 -1.77091 -0.000389749 -0.116353 0.00219588
 2.825 2.17847 -0.109784 -1.77093 -0.000355479 -0.116351 0.00220831
 2.83 2.17859 -0.109165 -1.77094 -0.00032064 -0.116348 0.00222093
 2.835 2.17871 -0.108599 -1.77094 -0.000288789 -0.116346 0.00223244
 2.84 2.17938 -0.111355 -1.7701 -0.000405835 -0.116343 0.00227992
 2.845 2.17954 -0.110704 -1.77013 -0.000369231 -0.116341 0.00229326
 2.85 2.17968 -0.110045 -1.77014 -0.000332091 -0.116338 0.00230675
 2.855 2.17981 -0.109441 -1.77013 -0.000298117 -0.116335 0.00231908
 2.86 2.18051 -0.112348 -1.76924 -0.000421463 -0.116332 0.0023693
 2.865 2.18069 -0.111656 -1.76928 -0.000382534 -0.11633 0.00238353
 2.87 2.18083 -0.110956 -1.76929 -0.000343045 -0.116326 0.00239791
 2.875 2.18097 -0.110314 -1.76929 -0.000306912 -0.116323 0.00241105
 2.88 2.18171 -0.113373 -1.76835 -0.000436627 -0.11632 0.00246405
 2.885 2.1819 -0.112639 -1.76838 -0.000395337 -0.116318 0.00247918
 2.89 2.18205 -0.111897 -1.76839 -0.000353465 -0.116314 0.00249446
 2.895 2.1822 -0.111216 -1.76839 -0.00031514 -0.116311 0.00250843
 2.9 2.18297 -0.114423 -1.76741 -0.000451062 -0.116307 0.00256415
 2.905 2.18318 -0.113648 -1.76745 -0.000407393 -0.116305 0.00258019
 2.91 2.18334 -0.112863 -1.76746 -0.000363123 -0.116302 0.00259638
 2.915 2.18398 -0.115241 -1.76666 -0.000460937 -0.116297 0.00264557
 2.92 2.18417 -0.114421 -1.76669 -0.00041473 -0.116293 0.00266252
 2.925 2.18433 -0.113608 -1.7667 -0.000368841 -0.116289 0.0026793
 2.93 2.18498 -0.115972 -1.76589 -0.000465738 -0.116284 0.0027292
 2.935 2.18517 -0.115125 -1.76592 -0.000417993 -0.11628 0.00274673
 2.94 2.18534 -0.114286 -1.76593 -0.000370657 -0.116276 0.00276406
 2.945 2.18601 -0.116716 -1.76511 -0.000470224 -0.11627 0.0028154
 2.95 2.18621 -0.115843 -1.76514 -0.000420991 -0.116267 0.00283349
 2.955 2.18639 -0.114978 -1.76515 -0.000372181 -0.116262 0.00285138
 2.96 2.18709 -0.11748 -1.7643 -0.000474667 -0.116257 0.00290422
 2.965 2.1873 -0.11658 -1.76433 -0.000423917 -0.116254 0.0029229
 2.97 2.18748 -0.115689 -1.76435 -0.0003736 -0.116249 0.00294136
 2.975 2.1882 -0.118261 -1.76348 -0.00047893 -0.116244 0.0029957
 2.98 2.18842 -0.117334 -1.76351 -0.000426639 -0.11624 0.00301496
 2.985 2.18861 -0.116415 -1.76353 -0.000374793 -0.116235 0.003034
 2.99 2.18935 -0.119055 -1.76263 -0.000482869 -0.11623 0.00308982
 2.995 2.18958 -0.118101 -1.76267 -0.000429023 -0.116226 0.00310968
 3 2.18978 -0.117155 -1.76269 -0.000375639 -0.116222 0.0031293
 3.005 2.19054 -0.119861 -1.76177 -0.000486365 -0.116216 0.00318658
 3.01 2.19077 -0.11888 -1.76181 -0.000430962 -0.116212 0.00320704
 3.015 2.19098 -0.117907 -1.76183 -0.000376037 -0.116208 0.00322724
 3.02 2.19176 -0.120676 -1.76089 -0.000489324 -0.116202 0.00328596
 3.025 2.19201 -0.119667 -1.76093 -0.000432366 -0.116198 0.00330701
 3.03 2.19222 -0.118668 -1.76095 -0.000375905 -0.116193 0.00332779
 3.035 2.19302 -0.121499 -1.75999 -0.000491669 -0.116187 0.00338791
 3.04 2.19327 -0.120463 -1.76004 -0.000433166 -0.116183 0.00340956
 3.045 2.19349 -0.119437 -1.76006 -0.00037518 -0.116178 0.00343092
 3.05 2.19431 -0.122328 -1.75908 -0.000493339 -0.116172 0.00349241
 3.055 2.19457 -0.121265 -1.75913 -0.000433306 -0.116168 0.00351465
 3.06 2.19479 -0.120212 -1.75915 -0.00037381 -0.116163 0.00353659
 3.065 2.19563 -0.123162 -1.75815 -0.000494285 -0.116157 0.00359942
 3.07 2.1959 -0.122073 -1.7582 -0.000432741 -0.116153 0.00362224
 3.075 2.19613 -0.120993 -1.75823 -0.000371756 -0.116147 0.00364474
 3.08 2.19698 -0.124 -1.75721 -0.000494469 -0.116141 0.00370888
 3.085 2.19726 -0.122884 -1.75726 -0.000431436 -0.116137 0.00373227
 3.09 2.1975 -0.121779 -1.75729 -0.000368984 -0.116131 0.00375534
 3.095 2.19837 -0.124841 -1.75625 -0.000493859 -0.116125 0.00382075
 3.1 2.19866 -0.123699 -1.75631 -0.000429363 -0.116121 0.00384471
 3.105 2.1989 -0.122569 -1.75634 -0.00036547 -0.116115 0.00386833
 3.11 2.19978 -0.125684 -1.75528 -0.00049243 -0.116108 0.00393497
 3.115 2.20008 -0.124517 -1.75534 -0.000426499 -0.116104 0.00395948
 3.12 2.20033 -0.123362 -1.75537 -0.000361193 -0.116098 0.00398364
 3.125 2.20123 -0.126528 -1.75429 -0.000490162 -0.116091 0.00405148
 3.13 2.20153 -0.125336 -1.75435 -0.000422827 -0.116087 0.00407654
 3.135 2.20179 -0.124157 -1.75439 -0.000356138 -0.116081 0.00410124
 3.14 2.2027 -0.127372 -1.75329 -0.000487041 -0.116074 0.00417022
 3.145 2.20301 -0.126157 -1.75336 -0.000418333 -0.11607 0.00419583
 3.15 2.20328 -0.124954 -1.7534 -0.000350294 -0.116063 0.00422104
 3.155 2.2042 -0.128217 -1.75228 -0.000483054 -0.116056 0.00429114
 3.16 2.20452 -0.126978 -1.75235 -0.000413007 -0.116052 0.00431727
 3.165 2.20526 -0.128848 -1.75159 -0.00048207 -0.116043 0.00437623
 3.17 2.20553 -0.127571 -1.75163 -0.000409796 -0.116037 0.00440307
 3.175 2.20579 -0.126332 -1.75166 -0.000339659 -0.11603 0.00442905
 3.18 2.20672 -0.129535 -1.75056 -0.000469351 -0.116022 0.00449952
 3.185 1.97989 -0.0382437 -1.17208 -0.008772149999999999 -0.093 0.00462989
 3.19 1.3154 0.225064 0.521574 -0.0332434 -0.0255837 0.00495536
 3.195 1.19787 0.298016 0.89271 -0.0411795 -0.011303 0.00584043
 3.2 0.714618 0.564383 2.33213 -0.06972639999999999 0.0445436 0.008458759999999999
 3.205 0.650168 0.653738 2.51552 -0.0708386 0.0513875 0.00409736
 3.21 0.311548 0.98799 3.47611 -0.0813305 0.0875367 -0.00835291
 3.215 0.430169 0.955637 3.41725 -0.0836162 0.0826639 -0.00387295
 3.22 0.531829 0.9940099999999999 3.9309 -0.101808 0.0947698 0.008508140000000001
 3.225 0.643638 0.95848 3.86343 -0.103754 0.0899312 0.0128238
 3.23 0.718143 1.00388 4.35548 -0.120289 0.102279 0.0233728
 3.235 0.743798 1.03575 4.23152 -0.11496 0.0976345 0.0181335
 3.24 0.712496 1.19667 4.41938 -0.112416 0.102679 0.00791149
 3.245 0.6274420000000001 1.22344 4.56365 -0.11502 0.109755 0.00757222
 3.25 0.189049 1.42516 5.72445 -0.138054 0.156855 0.00975355
 3.255 0.315037 1.32538 5.2424 -0.129012 0.139617 0.009477090000000001
 3.26 0.454391 1.21998 4.73092 -0.119522 0.120922 0.009190250000000001
 3.265 0.6216930000000001 1.12795 4.29424 -0.112156 0.103634 0.0101485
 3.27 0.868388 1.05404 3.97911 -0.109184 0.08723309999999999 0.0142031
 3.275 1.01166 0.973939 3.60359 -0.102875 0.0723992 0.0150426
 3.28 1.1002 0.894207 3.21215 -0.0952953 0.0586257 0.0143622
 3.285 1.18225 0.819746 2.84956 -0.0882126 0.0459759 0.0136877
 3.29 1.25839 0.751271 2.51335 -0.0817049 0.0341374 0.0131135
 3.295 1.32902 0.6868649999999999 2.20205 -0.0756435 0.0232655 0.0125484
 3.3 1.39451 0.628087 1.91329 -0.0700544 0.0130903 0.0120645
 3.305 1.45532 0.57234 1.64604 -0.0648687 0.00374654 0.0115927
 3.31 1.51165 0.521915 1.39802 -0.060067 -0.00499888 0.0111858
 3.315 1.56404 0.473623 1.16861 -0.055632 -0.0130291 0.0107937
 3.32 1.6125 0.430395 0.955588 -0.051505 -0.0205456 0.0104523
 3.325 1.65764 0.388524 0.75867 -0.0477137 -0.0274468 0.0101281
 3.33 1.69934 0.351495 0.575702 -0.044165 -0.0339068 0.00984256
 3.335 1.73825 0.315153 0.406693 -0.0409255 -0.0398375 0.00957621
 3.34 1.77414 0.283465 0.249537 -0.0378723 -0.0453896 0.009338249999999999
 3.345 1.8077 0.251884 0.104499 -0.035106 -0.0504861 0.009121290000000001
 3.35 1.8386 0.224797 -0.0304883 -0.0324774 -0.0552576 0.008923820000000001
 3.355 1.86756 0.197316 -0.154938 -0.0301166 -0.0596371 0.00874898
 3.36 1.89417 0.174193 -0.270886 -0.0278519 -0.06373760000000001 0.00858597
 3.365 1.91918 0.150244 -0.377654 -0.0258387 -0.0675008 0.008447049999999999
 3.37 1.94209 0.130536 -0.47725 -0.0238858 -0.0710245 0.00831338
 3.375 1.96371 0.109628 -0.568831 -0.0221707 -0.0742579 0.00820509
 3.38 1.98346 0.0928636 -0.654384 -0.0204849 -0.0772859 0.0080964
 3.385 2.00216 0.0745741 -0.732922 -0.0190253 -0.08006389999999999 0.008014230000000001
 3.39 2.01919 0.0603453 -0.806414 -0.0175684 -0.0826658 0.007926799999999999
 3.395 2.03538 0.0443114 -0.87375 -0.0163277 -0.0850523 0.00786689
 3.4 2.05007 0.0322675 -0.9368840000000001 -0.0150669 -0.0872878 0.00779756
 3.405 2.0641 0.0181763 -0.994598 -0.0140139 -0.0893379 0.00775662
 3.41 2.07678 0.008015009999999999 -1.04884 -0.0129211 -0.09125850000000001 0.00770271
 3.415 2.08897 -0.00440281 -1.09829 -0.012029 -0.0930193 0.00767795
 3.42 2.09992 -0.0129419 -1.14488 -0.0110801 -0.0946693 0.00763715
 3.425 2.11051 -0.0239183 -1.18724 -0.0103259 -0.0961815 0.00762617
 3.43 2.11998 -0.0310594 -1.22728 -0.0095003 -0.0975987 0.00759654
 3.435 2.1292 -0.0407942 -1.26353 -0.008864240000000001 -0.0988972 0.00759731
 3.44 2.13739 -0.0467306 -1.29794 -0.008144230000000001 -0.100114 0.00757718
 3.445 2.14545 -0.0553957 -1.32896 -0.00760942 -0.101229 0.00758795
 3.45 2.15254 -0.0602941 -1.35852 -0.00697989 -0.102275 0.00757592
 3.455 2.15959 -0.0680375 -1.38505 -0.00653183 -0.103231 0.00759521
 3.46 2.16574 -0.0720413 -1.41046 -0.00597979 -0.104129 0.00759006
 3.465 2.17192 -0.07899050000000001 -1.43313 -0.00560606 -0.10495 0.00761661
 3.47 2.17726 -0.0822233 -1.45497 -0.0051204 -0.10572 0.00761733
 3.475 2.18269 -0.088488 -1.47432 -0.00481035 -0.106425 0.00765005
 3.48 2.18734 -0.0910565 -1.49309 -0.00438153 -0.107086 0.00765576
 3.485 2.19213 -0.0967311 -1.5096 -0.00412603 -0.10769 0.00769372
 3.49 2.19619 -0.0987271 -1.52574 -0.00374591 -0.108257 0.00770368
 3.495 2.20043 -0.103893 -1.5398 -0.00353711 -0.108775 0.00774611
 3.5 2.20397 -0.105396 -1.55368 -0.00319871 -0.109262 0.00775969
 3.505 2.20773 -0.110122 -1.56564 -0.00302991 -0.109705 0.0078059
 3.51 2.21084 -0.1112 -1.57758 -0.00272723 -0.110123 0.007822549999999999
 3.515 2.2142 -0.115548 -1.58773 -0.00259267 -0.110503 0.007871980000000001
 3.52 2.21692 -0.11626 -1.59801 -0.00232059 -0.11086 0.007891250000000001
 3.525 2.21993 -0.120281 -1.60662 -0.00221533 -0.111185 0.00794339
 3.53 2.22232 -0.120677 -1.61546 -0.00196946 -0.111492 0.007964890000000001
 3.535 2.22503 -0.124416 -1.62274 -0.00188928 -0.11177 0.00801933
 3.54 2.22715 -0.124541 -1.63035 -0.00166587 -0.112032 0.00804273
 3.545 2.2296 -0.128035 -1.63649 -0.00160712 -0.11227 0.0080991
 3.55 2.23148 -0.127926 -1.64305 -0.00140296 -0.112494 0.00812411
 3.555 2.23371 -0.131209 -1.64821 -0.00136254 -0.112697 0.008182109999999999
 3.56 2.23538 -0.130899 -1.65386 -0.00117486 -0.112889 0.008208480000000001
 3.565 2.23742 -0.133999 -1.65818 -0.00115009 -0.113062 0.00826784
 3.57 2.23891 -0.133515 -1.66305 -0.000976553 -0.113226 0.00829537
 3.575 2.24079 -0.136457 -1.66665 -0.00096515 -0.113373 0.00835586
 3.58 2.24213 -0.135824 -1.67085 -0.000803732 -0.113512 0.00838437
 3.585 2.24386 -0.138628 -1.67383 -0.000803725 -0.113637 0.0084458
 3.59 2.24507 -0.137868 -1.67746 -0.000652708 -0.113757 0.008475140000000001
 3.595 2.24668 -0.140551 -1.67991 -0.00066241 -0.113863 0.008537339999999999
 3.6 2.24778 -0.139681 -1.68305 -0.000520321 -0.113964 0.008567369999999999
 3.605 2.24929 -0.14226 -1.68504 -0.000538284 -0.114054 0.008630189999999999
 3.61 2.25029 -0.141296 -1.68776 -0.000403865 -0.11414 0.00866081
 3.615 2.2517 -0.143784 -1.68936 -0.000428845 -0.114215 0.00872412
 3.62 2.25262 -0.142739 -1.69171 -0.00030102 -0.114288 0.008755229999999999
 3.625 2.25396 -0.145146 -1.69298 -0.000331949 -0.114352 0.008818930000000001
 3.63 2.25481 -0.144033 -1.69502 -0.000209801 -0.114413 0.008850449999999999
 3.635 2.25608 -0.14637 -1.696 -0.000245762 -0.114466 0.008914419999999999
 3.64 2.25686 -0.145197 -1.69777 -0.000128507 -0.114518 0.008946279999999999
 3.645 2.25807 -0.147472 -1.69851 -0.000168712 -0.114563 0.00901046
 3.65 2.25881 -0.146249 -1.70005 -5.56834e-05 -0.114606 0.00904258
 3.655 2.25997 -0.148469 -1.70057 -9.94538e-05 -0.114643 0.009106889999999999
 3.66 2.26065 -0.147204 -1.70192 9.91816e-06 -0.114679 0.00913924
 3.665 2.26177 -0.149374 -1.70227 -3.68344e-05 -0.114709 0.009203609999999999
 3.67 2.31796 -0.149988 -1.66302 -0.00337046 -0.114163 0.0131607
 3.675 2.48324 -0.15801 -1.54355 -0.0135957 -0.11246 0.0248255
 3.68 2.52703 -0.158136 -1.5132 -0.0161593 -0.112031 0.0279039
 3.685 2.59152 -0.0772336 -1.05857 -0.0378706 -0.0948378 0.0411373
 3.69 2.29884 0.217163 0.07849829999999999 -0.0783247 -0.0433015 0.0492754
 3.695 2.26394 0.287163 0.392815 -0.0908789 -0.0297774 0.054095
 3.7 2.44046 0.250882 0.366096 -0.0948756 -0.0341324 0.0631355
 3.705 2.03392 0.396875 0.727347 -0.0988507 -0.0113753 0.0489544
 3.71 0.765096 0.939025 2.2338 -0.127859 0.07471750000000001 0.0128353
 3.715 0.505034 1.03212 2.44074 -0.129364 0.08858539999999999 0.00299865
 3.72 0.361385 1.04268 2.37869 -0.122634 0.0888654 -0.00581972
 3.725 -0.136403 1.29988 3.06667 -0.137802 0.126779 -0.0199644
 3.73 -1.13968 1.96964 5.04424 -0.193748 0.226927 -0.0380563
 3.735 -1.35786 2.11258 5.43892 -0.204304 0.247641 -0.0428326
 3.74 -2.69 3.01121 8.071099999999999 -0.279052 0.380998 -0.0674201
 3.745 -3.60249 3.61652 9.83872 -0.328656 0.471469 -0.0842324
 3.75 -3.1719 3.34196 8.9932 -0.304487 0.428547 -0.0773044
 3.755 -2.77196 3.09323 8.20772 -0.281568 0.389101 -0.0710881
 3.76 -2.40207 2.85693 7.48162 -0.260844 0.352209 -0.0651152
 3.765 -2.05842 2.64238 6.80719 -0.241214 0.318302 -0.0597492
 3.77 -2.15793 2.71412 7.00424 -0.246904 0.328385 -0.0619443
 3.775 -3.08383 3.33692 8.82625 -0.298547 0.421665 -0.0788851
 3.78 -2.7099 3.08919 8.07166 -0.276772 0.383434 -0.0729534
 3.785 -2.42163 2.88403 7.41859 -0.256545 0.351363 -0.0696982
 3.79 -2.14085 2.68265 6.79374 -0.237728 0.32018 -0.0662372
 3.795 -1.81605 2.48021 6.16996 -0.21983 0.288589 -0.0607494
 3.8 -1.51578 2.28866 5.59316 -0.203619 0.259058 -0.055506
 3.805 -1.2367 2.11401 5.0576 -0.188291 0.231905 -0.05077
 3.81 -0.978735 1.94924 4.56225 -0.174387 0.206524 -0.0462503
 3.815 -0.738923 1.79854 4.10244 -0.161261 0.183185 -0.0421622
 3.82 -0.517308 1.65683 3.67704 -0.149334 0.161371 -0.0382659
 3.825 -0.311905 1.52554 3.28278 -0.138277 0.141155 -0.0346535
 3.83 -0.120542 1.40517 2.91679 -0.127799 0.122626 -0.0314132
 3.835 0.0559915 1.29219 2.5782 -0.118321 0.105243 -0.0282942
 3.84 0.220233 1.1879 2.26417 -0.109411 0.0892638 -0.0254635
 3.845 0.371864 1.09081 1.9734 -0.101275 0.0743269 -0.022773
 3.85 0.512402 1.00089 1.70393 -0.0937323 0.0604841 -0.0202783
 3.855 0.643528 0.917007 1.45415 -0.0866493 0.0477937 -0.0180248
 3.86 0.764347 0.839684 1.2227 -0.08017920000000001 0.0358913 -0.0158696
 3.865 0.876876 0.767332 1.00832 -0.0741414 0.0249484 -0.0139022
 3.87 0.980654 0.700956 0.809559 -0.0685843 0.0147217 -0.0120419
 3.875 1.07684 0.639494 0.625353 -0.06343070000000001 0.00524442 -0.0103166
 3.88 1.18675 0.577911 0.459581 -0.059434 -0.00355085 -0.00752741
 3.885 1.32795 0.516675 0.314819 -0.0572941 -0.0120056 -0.00247573
 3.89 1.39886 0.468663 0.166864 -0.0529649 -0.0195256 -0.00144141
 3.895 1.4653 0.421764 0.0303033 -0.0489942 -0.026414 -0.000496668
 3.9 1.5263 0.38058 -0.0967951 -0.045275 -0.0328806 0.000400698
 3.905 1.58281 0.342489 -0.214572 -0.0418236 -0.0388712 0.00123382
 3.91 1.63587 0.304414 -0.323049 -0.0386968 -0.0443593 0.00200324
 3.915 1.6845 0.27178 -0.424234 -0.0357293 -0.0495106 0.00272675
 3.92 1.72956 0.241612 -0.517995 -0.0329747 -0.0542824 0.00339873
 3.925 1.77197 0.210613 -0.604128 -0.0305166 -0.0586545 0.00402747
 3.93 1.81075 0.184806 -0.68469 -0.028146 -0.0627577 0.0046118
 3.935 1.84668 0.160964 -0.759338 -0.0259446 -0.0665582 0.00515476
 3.94 1.88061 0.135636 -0.827697 -0.0240165 -0.0700409 0.00567052
 3.945 1.91156 0.115279 -0.891846 -0.0221197 -0.073309 0.0061434
 3.95 1.94022 0.0964868 -0.951284 -0.0203576 -0.0763355 0.00658305
 3.955 1.96739 0.0757085 -1.0055 -0.0188493 -0.0791099 0.00700826
 3.96 1.94017 0.188972 -0.799463 -0.0242768 -0.0698091 0.00320341
 3.965 1.81105 0.552549 -0.0942061 -0.0431984 -0.0373749 -0.00870041
 3.97 1.79822 0.628167 0.0466152 -0.0469677 -0.0310396 -0.0112674
 3.975 1.68592 0.959628 0.692334 -0.0644342 -0.00136483 -0.0218323
 3.98 1.67746 1.00747 0.771402 -0.0663477 0.00219549 -0.0236565
 3.985 1.56265 1.30866 1.35718 -0.08170810000000001 0.0294696 -0.0341039
 3.99 1.56478 1.33651 1.40048 -0.0828101 0.0313303 -0.0350272
 3.995 1.36498 1.71155 2.22045 -0.105573 0.0706859 -0.045952
 4 0.991739 1.99228 3.12848 -0.132714 0.118909 -0.0499599
 4.005 0.681629 2.21852 3.86941 -0.155046 0.158296 -0.0529481
 4.01 0.800604 2.0474 3.46352 -0.14357 0.138397 -0.0482566
 4.015 0.9118810000000001 1.89719 3.09641 -0.132856 0.120485 -0.0445244
 4.02 1.01367 1.76508 2.76352 -0.123214 0.103973 -0.0413687
 4.025 1.10564 1.65822 2.47721 -0.114737 0.0896166 -0.0391896
 4.03 1.18675 1.61416 2.28337 -0.108054 0.0793789 -0.0401716
 4.035 1.32469 1.49179 2.01682 -0.102191 0.06528150000000001 -0.0338961
 4.04 1.56574 1.3511 1.76934 -0.100207 0.0503809 -0.0212096
 4.045 1.62146 1.23987 1.51569 -0.0926583 0.0384322 -0.0187658
 4.05 1.67211 1.13845 1.28034 -0.0857255 0.0272366 -0.0164477
 4.055 1.71903 1.04452 1.06223 -0.07929650000000001 0.0168621 -0.014298
 4.06 1.81747 0.948827 0.868358 -0.07510790000000001 0.0067898 -0.009405
 4.065 2.0158 0.849019 0.703985 -0.0748166 -0.00374173 0.00102671
 4.07 2.03767 0.776238 0.528095 -0.06918439999999999 -0.0118475 0.00190477
 4.075 2.05874 0.706837 0.366153 -0.0639907 -0.0192613 0.00266134
 4.08 2.07758 0.646151 0.216475 -0.0591582 -0.0261848 0.0033096
 4.085 2.09502 0.588186 0.07630290000000001 -0.0546706 -0.0326465 0.00402769
 4.09 2.11189 0.531823 -0.0529738 -0.0505601 -0.0385709 0.00468505
 4.095 2.12692 0.482137 -0.173395 -0.0467037 -0.0441261 0.00530826
 4.1 2.14083 0.436145 -0.284996 -0.0431263 -0.0492734 0.00588699
 4.105 2.15437 0.390825 -0.387762 -0.0398772 -0.053994 0.00642299
 4.11 2.16637 0.35143 -0.483645 -0.0368012 -0.058419 0.00692574
 4.115 2.17749 0.314974 -0.572503 -0.0339471 -0.0625188 0.00739279
 4.12 2.1878 0.281179 -0.654855 -0.0313024 -0.066319 0.007825500000000001
 4.125 2.19815 0.24716 -0.729619 -0.0289617 -0.0697743 0.008182149999999999
 4.13 2.2072 0.220734 -0.798426 -0.0266925 -0.0729809 0.008402649999999999
 4.135 2.21545 0.193808 -0.864209 -0.0245764 -0.07601380000000001 0.008770129999999999
 4.14 2.04307 -0.00470663 -0.364263 -0.00241202 -0.0474419 0.01237
 4.145 1.49666 -0.554326 1.28056 0.0609462 0.0450901 0.0225526
 4.15 1.37481 -0.605892 1.51097 0.0765595 0.0582386 0.0183143
 4.155 1.09497 -0.6828689999999999 2.21397 0.115914 0.09619800000000001 0.00164046
 4.16 1.04283 -0.723125 2.50797 0.137164 0.111236 -0.0107132
 4.165 0.732295 -0.930308 3.26878 0.174451 0.153746 -0.0136501
 4.17 -0.0557044 -1.51087 4.60525 0.220978 0.235262 0.0231524
 4.175 -0.335643 -1.88767 5.41325 0.255523 0.28251 0.0357432
 4.18 -0.0119371 -1.84989 5.12919 0.252738 0.264428 0.0242456
 4.185 0.295154 -1.86612 5.04158 0.260141 0.25633 0.00961162
 4.19 0.510385 -1.7352 4.52171 0.240514 0.226977 0.008154460000000001
 4.195 0.843274 -1.60326 3.98634 0.220825 0.195334 0.00328816
 4.2 1.07718 -1.56225 3.72188 0.21582 0.179247 -0.00374661
 4.205 1.50581 -1.53594 4.02359 0.226523 0.188147 -0.0290936
 4.21 1.45871 -1.07398 4.33417 0.189475 0.198871 -0.0357641
 4.215 1.48196 -0.8877159999999999 4.13095 0.169183 0.186767 -0.0356241
 4.22 1.42318 -0.477952 4.41873 0.137192 0.197188 -0.0424769
 4.225 1.44524 -0.466464 4.30689 0.134543 0.191271 -0.0422193
 4.23 1.3836 -0.478619 4.87267 0.145859 0.220042 -0.0497154
 4.235 1.44336 -0.382419 4.61259 0.133638 0.205749 -0.0503173
 4.24 1.50368 -0.163107 4.83959 0.120791 0.21404 -0.0625785
 4.245 1.62591 -0.132544 4.66358 0.116171 0.203773 -0.06579790000000001
 4.25 1.64746 0.09346889999999999 4.89026 0.102348 0.212214 -0.07612480000000001
 4.255 1.65789 0.220532 4.70254 0.086636 0.201578 -0.07335750000000001
 4.26 1.61439 0.522326 4.90112 0.0615402 0.208574 -0.0758112
 4.265 1.62298 0.613052 4.70061 0.0493218 0.197768 -0.0732222
 4.27 1.57144 0.888615 4.90095 0.0272013 0.205301 -0.0762702
 4.275 1.59047 0.948785 4.69723 0.0176784 0.194422 -0.0732715
 4.28 1.56152 1.20139 4.90763 -0.00294037 0.202345 -0.0753732
 4.285 1.57788 1.23746 4.69746 -0.0102288 0.191562 -0.0725783
 4.29 1.53629 1.46684 4.89937 -0.0281728 0.199561 -0.0753824
 4.295 1.61763 1.34511 4.41916 -0.0266663 0.176335 -0.0675519
 4.3 1.71983 1.22843 3.97678 -0.0261074 0.154513 -0.0588236
 4.305 1.79718 1.11829 3.57678 -0.0245222 0.135058 -0.0514909
 4.31 1.66774 0.827834 3.79502 -0.00186242 0.149882 -0.0373157
 4.315 0.988094 0.221868 5.10325 0.0655012 0.228328 -0.0207294
 4.32 0.9430229999999999 0.0606256 5.2036 0.0793473 0.235747 -0.0200409
 4.325 0.590395 -0.335199 6.30509 0.122638 0.298527 -0.0175207
 4.33 0.568611 -0.450625 6.3082 0.131788 0.300386 -0.0169057
 4.335 0.260616 -0.8132 7.32585 0.171859 0.358115 -0.015386
 4.34 0.160454 -0.929419 7.29029 0.180996 0.359565 -0.00774524
 4.345 -0.427055 -1.40283 8.42686 0.230191 0.430075 0.0152268
 4.35 -0.425722 -1.48365 8.32619 0.234467 0.425835 0.0169055
 4.355 -0.661466 -1.76641 9.149800000000001 0.266694 0.47196 0.0163417
 4.36 -0.548026 -1.79364 8.93008 0.267251 0.459941 0.0132095


