# Created by Octave 3.8.2, Mon May 25 09:47:05 2015 CST <waldronluo@Debian>
# name: approachSig
# type: matrix
# rows: 747
# columns: 7
 0 0.0375657 -0.00170152 -0.0284831 4.31391e-06 -0.00180521 8.30314e-05
 0.005 0.185079 -0.00838305 -0.140331 2.12538e-05 -0.00889393 0.00040908
 0.01 0.321796 -0.0145756 -0.243993 3.69539e-05 -0.0154638 0.000711265
 0.015 0.448506 -0.0203148 -0.340067 5.15048e-05 -0.0215529 0.0009913330000000001
 0.02 0.565943 -0.025634 -0.42911 6.49904e-05 -0.0271963 0.0012509
 0.025 0.6747840000000001 -0.0305639 -0.511635 7.748809999999999e-05 -0.0324267 0.00149147
 0.03 0.77566 -0.0351329 -0.58812 8.907010000000001e-05 -0.0372743 0.00171443
 0.035 0.869153 -0.0393675 -0.659006 9.980280000000001e-05 -0.0417671 0.00192107
 0.04 0.955803 -0.0432921 -0.724703 0.000109748 -0.0459311 0.00211258
 0.045 1.03611 -0.0469294 -0.785591 0.000118963 -0.0497904 0.00229008
 0.05 1.11054 -0.0503004 -0.842022 0.000127502 -0.0533674 0.00245457
 0.055 1.17953 -0.0534246 -0.894321 0.000135412 -0.0566825 0.00260703
 0.06 1.24347 -0.0563201 -0.94279 0.00014274 -0.0597551 0.00274832
 0.065 1.30272 -0.0590036 -0.987711 0.000149528 -0.06260300000000001 0.00287926
 0.07000000000000001 1.35765 -0.0614906 -1.02934 0.000155814 -0.06524240000000001 0.00300061
 0.075 1.40855 -0.0637955 -1.06793 0.000161637 -0.06768879999999999 0.00311308
 0.08 1.45573 -0.06593160000000001 -1.10368 0.000167028 -0.0699562 0.0032173
 0.08500000000000001 1.49945 -0.0679112 -1.13682 0.000172019 -0.07205780000000001 0.00331389
 0.09 1.53998 -0.0697459 -1.16753 0.00017664 -0.07400569999999999 0.0034034
 0.095 1.57754 -0.0714461 -1.19599 0.000180916 -0.07581110000000001 0.00348635
 0.1 1.61236 -0.07302169999999999 -1.22236 0.000184873 -0.0774846 0.00356322
 0.105 1.64463 -0.0744819 -1.24681 0.000188533 -0.0790357 0.00363445
 0.11 1.67454 -0.0758351 -1.26945 0.000191918 -0.0804734 0.00370046
 0.115 1.70226 -0.07708909999999999 -1.29044 0.000195048 -0.081806 0.00376163
 0.12 1.72795 -0.0782511 -1.30989 0.000197941 -0.0830413 0.0038183
 0.125 1.75177 -0.07932790000000001 -1.32792 0.000200615 -0.08418639999999999 0.00387082
 0.13 1.77384 -0.0803257 -1.34462 0.000203084 -0.0852478 0.00391948
 0.135 1.7943 -0.0812504 -1.36009 0.000205363 -0.08623169999999999 0.00396456
 0.14 1.81327 -0.0821071 -1.37443 0.000207466 -0.08714379999999999 0.00400633
 0.145 1.83085 -0.082901 -1.38771 0.000209406 -0.08798930000000001 0.00404503
 0.15 1.84714 -0.0836365 -1.40002 0.000211194 -0.0887732 0.00408088
 0.155 1.86225 -0.084318 -1.41143 0.000212841 -0.08949989999999999 0.00411409
 0.16 1.87625 -0.08494939999999999 -1.42199 0.000214357 -0.09017360000000001 0.00414485
 0.165 1.88772 -0.08423460000000001 -1.434 0.000276399 -0.0908017 0.00416415
 0.17 1.90006 -0.084838 -1.44324 0.000274529 -0.0913934 0.00418954
 0.175 1.91144 -0.0854105 -1.45173 0.000271934 -0.0919411 0.00421259
 0.18 1.92191 -0.08593290000000001 -1.45953 0.000269852 -0.09244620000000001 0.0042339
 0.185 1.93161 -0.0864168 -1.46675 0.000267911 -0.0929146 0.00425363
 0.19 1.94061 -0.0868651 -1.47345 0.000266099 -0.0933489 0.0042719
 0.195 1.94895 -0.0872802 -1.47964 0.000264407 -0.0937518 0.00428881
 0.2 1.95669 -0.0876647 -1.48538 0.000262826 -0.0941254 0.00430447
 0.205 1.96386 -0.0880208 -1.49069 0.000261346 -0.094472 0.00431896
 0.21 1.97051 -0.0883505 -1.49561 0.000259961 -0.0947935 0.00433236
 0.215 1.97668 -0.08865580000000001 -1.50016 0.000258663 -0.0950918 0.00434476
 0.22 1.9824 -0.0889384 -1.50438 0.000257445 -0.0953686 0.00435623
 0.225 1.98613 -0.0878582 -1.51058 0.000319253 -0.0956288 0.0043577
 0.23 1.99135 -0.0881661 -1.51435 0.000314826 -0.09587950000000001 0.00436654
 0.235 1.99615 -0.0884645 -1.51776 0.000309865 -0.0961113 0.00437424
 0.24 2.00051 -0.0887328 -1.52086 0.000305586 -0.0963236 0.00438132
 0.245 2.00456 -0.08898109999999999 -1.52373 0.000301605 -0.0965208 0.00438786
 0.25 2.00832 -0.0892109 -1.52638 0.000297898 -0.0967039 0.00439389
 0.255 2.0118 -0.0894235 -1.52883 0.000294446 -0.096874 0.00439946
 0.26 2.01504 -0.08962009999999999 -1.5311 0.00029123 -0.09703199999999999 0.00440459
 0.265 2.01804 -0.08980200000000001 -1.53319 0.000288232 -0.0971788 0.00440931
 0.27 2.02083 -0.0899702 -1.53512 0.000285436 -0.0973152 0.00441366
 0.275 2.02171 -0.088685 -1.53939 0.00035078 -0.0974457 0.00440822
 0.28 2.02445 -0.0889011 -1.54121 0.000344659 -0.0975771 0.00441089
 0.285 2.02693 -0.08911479999999999 -1.54281 0.000338086 -0.0976981 0.00441282
 0.29 2.02914 -0.0893037 -1.54422 0.000332345 -0.09780759999999999 0.00441454
 0.295 2.0312 -0.0894784 -1.54552 0.000327006 -0.0979095 0.0044161
 0.3 2.03311 -0.08963980000000001 -1.54671 0.000322038 -0.0980043 0.00441751
 0.305 2.03488 -0.08978899999999999 -1.54781 0.000317414 -0.0980927 0.00441879
 0.31 2.03653 -0.0899268 -1.54882 0.000313109 -0.098175 0.00441995
 0.315 2.03643 -0.0886783 -1.55214 0.000374337 -0.0982551 0.00441233
 0.32 2.03817 -0.08886520000000001 -1.55315 0.000367056 -0.0983393 0.00441229
 0.325 2.03974 -0.08905150000000001 -1.55401 0.000359433 -0.0984168 0.00441171
 0.33 2.04111 -0.0892155 -1.55474 0.000352697 -0.0984862 0.0044111
 0.335 2.04238 -0.0893669 -1.5554 0.000346432 -0.098551 0.0044105
 0.34 2.04357 -0.0895068 -1.55601 0.000340605 -0.09861159999999999 0.00440991
 0.345 2.04467 -0.0896359 -1.55656 0.000335183 -0.0986682 0.00440932
 0.35 2.04409 -0.0884089 -1.55941 0.000394298 -0.0987244 0.00440062
 0.355 2.04536 -0.0885872 -1.56002 0.000386101 -0.09878629999999999 0.00439909
 0.36 2.04649 -0.08876530000000001 -1.56051 0.000377637 -0.09884320000000001 0.00439713
 0.365 2.04746 -0.08892170000000001 -1.5609 0.000370113 -0.0988937 0.00439523
 0.37 2.04836 -0.0890662 -1.56125 0.000363117 -0.098941 0.00439343
 0.375 2.0492 -0.0891995 -1.56156 0.000356611 -0.0989853 0.00439173
 0.38 2.04999 -0.0893225 -1.56184 0.000350558 -0.099027 0.00439011
 0.385 2.04897 -0.0879755 -1.56464 0.000414914 -0.0990697 0.00438014
 0.39 2.05001 -0.0881557 -1.56504 0.000405803 -0.0991204 0.00437763
 0.395 2.05091 -0.0883361 -1.56532 0.000396432 -0.0991667 0.00437469
 0.4 2.05166 -0.08849369999999999 -1.5655 0.000388112 -0.0992068 0.00437187
 0.405 2.05235 -0.088639 -1.56565 0.000380378 -0.0992446 0.00436922
 0.41 2.05301 -0.08877309999999999 -1.56579 0.000373186 -0.0992801 0.00436672
 0.415 2.05196 -0.08752459999999999 -1.56831 0.000432625 -0.099317 0.00435683
 0.42 2.05285 -0.0877096 -1.56857 0.000422752 -0.09936159999999999 0.0043536
 0.425 2.05363 -0.08789420000000001 -1.56872 0.000412707 -0.0994023 0.00435002
 0.43 2.05427 -0.0880561 -1.56879 0.000403735 -0.0994377 0.00434661
 0.435 2.05487 -0.08820550000000001 -1.56884 0.000395395 -0.09947110000000001 0.0043434
 0.44 2.05544 -0.0883433 -1.56888 0.00038764 -0.0995027 0.00434038
 0.445 2.05421 -0.0870272 -1.57146 0.000450355 -0.09953620000000001 0.00433001
 0.45 2.05506 -0.08722009999999999 -1.57164 0.000439751 -0.0995784 0.00432628
 0.455 2.05578 -0.0874124 -1.57173 0.000428987 -0.09961680000000001 0.00432217
 0.46 2.05637 -0.08758059999999999 -1.57172 0.000419378 -0.09964969999999999 0.00431826
 0.465 2.05691 -0.08773590000000001 -1.5717 0.000410447 -0.0996809 0.00431459
 0.47 2.05743 -0.087879 -1.57168 0.000402145 -0.0997104 0.00431114
 0.475 2.05605 -0.0864844 -1.57436 0.000468836 -0.09974230000000001 0.00430039
 0.48 2.05689 -0.0866874 -1.57451 0.000457466 -0.0997841 0.00429621
 0.485 2.05759 -0.0868896 -1.57454 0.000445945 -0.0998218 0.00429163
 0.49 2.05815 -0.08706609999999999 -1.57449 0.000435672 -0.09985380000000001 0.00428727
 0.495 2.05867 -0.087229 -1.57442 0.000426125 -0.0998841 0.00428317
 0.5 2.05749 -0.08601830000000001 -1.57678 0.000483968 -0.09991609999999999 0.00427304
 0.505 2.05828 -0.08622879999999999 -1.57687 0.000471988 -0.09995660000000001 0.0042684
 0.51 2.05896 -0.086437 -1.57686 0.000459971 -0.0999935 0.00426346
 0.515 2.05951 -0.0866205 -1.57678 0.000449178 -0.100025 0.00425876
 0.52 2.06003 -0.0867898 -1.57668 0.00043915 -0.100056 0.00425436
 0.525 2.05878 -0.0855525 -1.57909 0.000498514 -0.100088 0.00424419
 0.53 2.05959 -0.085771 -1.57916 0.000485986 -0.100129 0.00423924
 0.535 2.06027 -0.0859868 -1.57913 0.000473436 -0.100166 0.00423398
 0.54 2.06082 -0.0861769 -1.57903 0.000462166 -0.100198 0.00422898
 0.545 2.06134 -0.08635230000000001 -1.57891 0.000451695 -0.100229 0.00422429
 0.55 2.06003 -0.0850704 -1.5814 0.000513536 -0.100261 0.00421407
 0.555 2.06085 -0.0852976 -1.58147 0.000500433 -0.100303 0.00420883
 0.5600000000000001 2.06155 -0.085522 -1.58143 0.000487317 -0.100342 0.00420325
 0.5649999999999999 2.06211 -0.0857194 -1.5813 0.000475548 -0.100374 0.00419794
 0.57 2.06264 -0.0859014 -1.58117 0.000464614 -0.100405 0.00419296
 0.575 2.06125 -0.08457580000000001 -1.58375 0.0005289510000000001 -0.100439 0.00418275
 0.58 2.06211 -0.0848124 -1.58381 0.000515252 -0.100482 0.00417722
 0.585 2.06282 -0.0850458 -1.58376 0.000501549 -0.100521 0.00417131
 0.59 2.06339 -0.0852509 -1.58363 0.00048926 -0.100555 0.00416569
 0.595 2.06393 -0.0854401 -1.58348 0.000477846 -0.100586 0.00416041
 0.6 2.06249 -0.08407340000000001 -1.58615 0.000544612 -0.100621 0.00415028
 0.605 2.06337 -0.0843197 -1.58621 0.000530302 -0.100666 0.00414444
 0.61 2.06411 -0.0845624 -1.58616 0.0005159989999999999 -0.100706 0.0041382
 0.615 2.06469 -0.0847757 -1.58601 0.00050318 -0.10074 0.00413226
 0.62 2.06358 -0.0836751 -1.58823 0.000556793 -0.100776 0.00412274
 0.625 2.06442 -0.0839274 -1.58824 0.0005420069999999999 -0.10082 0.00411647
 0.63 2.06514 -0.08417429999999999 -1.58815 0.000527377 -0.10086 0.00410995
 0.635 2.06574 -0.0843936 -1.58799 0.000514161 -0.100895 0.00410377
 0.64 2.06463 -0.08329789999999999 -1.59023 0.000567799 -0.100932 0.00409441
 0.645 2.06548 -0.08355600000000001 -1.59023 0.000552636 -0.100976 0.00408792
 0.65 2.06622 -0.0838082 -1.59014 0.0005376480000000001 -0.101017 0.00408118
 0.655 2.06683 -0.0840323 -1.58997 0.000524106 -0.101053 0.00407479
 0.66 2.06569 -0.08291709999999999 -1.59226 0.000579035 -0.10109 0.00406556
 0.665 2.06656 -0.0831812 -1.59226 0.00056348 -0.101136 0.00405886
 0.67 2.06732 -0.08343929999999999 -1.59216 0.000548107 -0.101178 0.00405189
 0.675 2.06794 -0.08366850000000001 -1.59199 0.000534222 -0.101214 0.00404528
 0.68 2.06677 -0.082533 -1.59433 0.000590515 -0.101252 0.00403622
 0.6850000000000001 2.06766 -0.0828035 -1.59433 0.000574549 -0.101299 0.0040293
 0.6899999999999999 2.06844 -0.0830678 -1.59424 0.000558772 -0.101342 0.00402209
 0.695 2.06907 -0.0833024 -1.59406 0.0005445270000000001 -0.101379 0.00401524
 0.7 2.06787 -0.08214780000000001 -1.59645 0.000602144 -0.101418 0.00400637
 0.705 2.06879 -0.082425 -1.59646 0.000585751 -0.101466 0.00399921
 0.71 2.06958 -0.0826957 -1.59636 0.000569556 -0.101509 0.00399175
 0.715 2.07022 -0.082936 -1.59618 0.000554938 -0.101547 0.00398467
 0.72 2.06899 -0.08176369999999999 -1.59862 0.000613833 -0.101587 0.00397601
 0.725 2.06993 -0.0820477 -1.59862 0.000597004 -0.101636 0.00396861
 0.73 2.07074 -0.0823251 -1.59852 0.000580383 -0.101681 0.00396089
 0.735 2.0714 -0.08257100000000001 -1.59834 0.000565385 -0.101719 0.00395356
 0.74 2.07014 -0.0813826 -1.60083 0.00062551 -0.10176 0.00394514
 0.745 2.0711 -0.0816735 -1.60084 0.00060824 -0.10181 0.0039375
 0.75 2.07193 -0.0819574 -1.60074 0.000591188 -0.101855 0.00392952
 0.755 2.0726 -0.0822092 -1.60054 0.000575805 -0.101895 0.00392193
 0.76 2.07132 -0.08100590000000001 -1.60309 0.000637118 -0.101936 0.00391378
 0.765 2.0723 -0.08130370000000001 -1.6031 0.000619404 -0.101987 0.0039059
 0.77 2.07314 -0.08159429999999999 -1.60299 0.000601919 -0.102034 0.00389765
 0.775 2.07382 -0.0818518 -1.60279 0.000586149 -0.102074 0.0038898
 0.78 2.07251 -0.0806351 -1.60539 0.000648608 -0.102116 0.00388195
 0.785 2.07352 -0.0809397 -1.6054 0.00063045 -0.102168 0.00387382
 0.79 2.07438 -0.0812369 -1.60529 0.0006125320000000001 -0.102215 0.00386529
 0.795 2.07507 -0.08150019999999999 -1.60509 0.000596376 -0.102256 0.00385719
 0.8 2.07374 -0.08027140000000001 -1.60773 0.000659938 -0.102299 0.00384967
 0.805 2.07476 -0.0805828 -1.60774 0.000641339 -0.102352 0.00384128
 0.8100000000000001 2.07564 -0.0808865 -1.60763 0.00062299 -0.1024 0.00383248
 0.8149999999999999 2.07634 -0.08115559999999999 -1.60742 0.000606448 -0.102442 0.00382411
 0.82 2.07498 -0.0799158 -1.61011 0.000671073 -0.102485 0.00381696
 0.825 2.07603 -0.080234 -1.61012 0.000652036 -0.102539 0.00380831
 0.83 2.07692 -0.08054409999999999 -1.61001 0.000633258 -0.102589 0.00379924
 0.835 2.07764 -0.0808189 -1.60979 0.000616334 -0.102631 0.0037906
 0.84 2.07625 -0.0795695 -1.61252 0.000681981 -0.102675 0.00378384
 0.845 2.07732 -0.0798943 -1.61254 0.000662509 -0.10273 0.00377494
 0.85 2.07822 -0.0802108 -1.61242 0.000643308 -0.10278 0.00376559
 0.855 2.07895 -0.0804911 -1.61221 0.000626004 -0.102823 0.00375669
 0.86 2.07754 -0.0792334 -1.61498 0.000692633 -0.102867 0.00375034
 0.865 2.07863 -0.0795646 -1.61499 0.000672732 -0.102924 0.00374118
 0.87 2.07955 -0.07988729999999999 -1.61488 0.0006531109999999999 -0.102974 0.00373155
 0.875 2.08029 -0.0801731 -1.61466 0.000635432 -0.103018 0.00372239
 0.88 2.07886 -0.0789083 -1.61747 0.000703002 -0.103063 0.00371649
 0.885 2.07996 -0.07924589999999999 -1.61748 0.000682677 -0.10312 0.00370708
 0.89 2.08089 -0.0795747 -1.61737 0.000662643 -0.103172 0.00369717
 0.895 2.07996 -0.0786742 -1.61951 0.000710533 -0.103218 0.00369029
 0.9 2.08098 -0.07901519999999999 -1.61945 0.000689845 -0.103273 0.00368029
 0.905 2.08188 -0.0793447 -1.6193 0.000669674 -0.103323 0.00367011
 0.91 2.08264 -0.0796398 -1.61908 0.000651354 -0.103368 0.00366049
 0.915 2.08122 -0.07839989999999999 -1.62188 0.000718558 -0.103414 0.00365536
 0.92 2.08234 -0.0787458 -1.6219 0.000697638 -0.103473 0.00364554
 0.925 2.08329 -0.0790824 -1.62178 0.000677038 -0.103525 0.00363521
 0.93 2.08234 -0.07818 -1.62397 0.00072582 -0.103572 0.00362895
 0.9350000000000001 2.08339 -0.0785295 -1.62391 0.000704534 -0.103628 0.00361854
 0.9399999999999999 2.08431 -0.0788671 -1.62375 0.000683783 -0.10368 0.00360793
 0.945 2.08339 -0.077996 -1.6259 0.000731153 -0.103728 0.00360182
 0.95 2.08444 -0.0783478 -1.62584 0.000709674 -0.103784 0.00359124
 0.955 2.08536 -0.07868749999999999 -1.62568 0.000688755 -0.103835 0.00358049
 0.96 2.08444 -0.0778179 -1.62784 0.000736393 -0.103884 0.00357468
 0.965 2.0855 -0.0781722 -1.62778 0.000714724 -0.10394 0.00356396
 0.97 2.08643 -0.0785141 -1.62762 0.00069362 -0.103992 0.00355306
 0.975 2.0855 -0.0776439 -1.6298 0.000741661 -0.104041 0.00354758
 0.98 2.08656 -0.0780008 -1.62973 0.00071979 -0.104098 0.00353671
 0.985 2.0875 -0.0783454 -1.62958 0.000698486 -0.10415 0.00352564
 0.99 2.08656 -0.0774749 -1.63177 0.000746914 -0.104199 0.00352049
 0.995 2.08763 -0.07783470000000001 -1.63171 0.000724829 -0.104256 0.00350946
 1 2.08858 -0.078182 -1.63155 0.0007033160000000001 -0.104308 0.00349824
 1.005 2.08763 -0.07731200000000001 -1.63377 0.000752101 -0.104358 0.00349341
 1.01 2.08871 -0.0776747 -1.63371 0.000729794 -0.104415 0.00348222
 1.015 2.08966 -0.07802489999999999 -1.63355 0.000708064 -0.104468 0.00347083
 1.02 2.08871 -0.077156 -1.63578 0.000757178 -0.104518 0.00346633
 1.025 2.0898 -0.0775217 -1.63571 0.000734645 -0.104576 0.00345498
 1.03 2.09075 -0.07787479999999999 -1.63556 0.000712694 -0.104629 0.00344341
 1.035 2.08979 -0.0770076 -1.6378 0.00076211 -0.104679 0.00343925
 1.04 2.09089 -0.0773764 -1.63774 0.000739348 -0.104737 0.00342773
 1.045 2.09185 -0.07773239999999999 -1.63758 0.000717174 -0.10479 0.00341598
 1.05 2.09088 -0.0768674 -1.63983 0.000766867 -0.10484 0.00341216
 1.055 2.09198 -0.0772393 -1.63977 0.0007438739999999999 -0.104899 0.00340047
 1.06 2.09295 -0.07759820000000001 -1.63962 0.000721476 -0.104953 0.00338855
 1.065 2.09198 -0.076736 -1.64188 0.000771424 -0.105003 0.00338507
 1.07 2.09308 -0.0771109 -1.64182 0.000748201 -0.105062 0.00337321
 1.075 2.09406 -0.07747279999999999 -1.64166 0.00072558 -0.105116 0.00336111
 1.08 2.09308 -0.0766139 -1.64394 0.000775759 -0.105166 0.00335799
 1.085 2.09419 -0.0769918 -1.64388 0.000752308 -0.105226 0.00334595
 1.09 2.09517 -0.07735649999999999 -1.64372 0.000729465 -0.10528 0.00333367
 1.095 2.09418 -0.0765014 -1.64601 0.000779854 -0.105331 0.00333091
 1.1 2.0953 -0.0768822 -1.64595 0.000756177 -0.10539 0.00331871
 1.105 2.09628 -0.0772497 -1.64579 0.000733115 -0.105444 0.00330625
 1.11 2.09529 -0.07639890000000001 -1.64809 0.000783693 -0.105495 0.00330385
 1.115 2.09641 -0.07678260000000001 -1.64803 0.0007597940000000001 -0.105555 0.00329148
 1.12 2.0974 -0.07715279999999999 -1.64787 0.000736517 -0.10561 0.00327884
 1.125 2.0964 -0.07630670000000001 -1.65018 0.000787263 -0.105661 0.00327682
 1.13 2.09753 -0.0766931 -1.65012 0.000763146 -0.105721 0.00326427
 1.135 2.09852 -0.0770661 -1.64995 0.000739657 -0.105776 0.00325147
 1.14 2.09752 -0.076225 -1.65227 0.000790552 -0.105827 0.00324981
 1.145 2.09865 -0.07661419999999999 -1.65221 0.000766221 -0.105887 0.0032371
 1.15 2.09964 -0.07698969999999999 -1.65205 0.000742525 -0.105942 0.00322412
 1.155 2.09863 -0.07615420000000001 -1.65437 0.0007935489999999999 -0.105993 0.00322285
 1.16 2.09977 -0.0765459 -1.65431 0.00076901 -0.106054 0.00320997
 1.165 2.10077 -0.0769239 -1.65415 0.000745112 -0.106109 0.00319683
 1.17 2.09975 -0.0760943 -1.65648 0.000796244 -0.10616 0.00319594
 1.175 2.10089 -0.0764885 -1.65642 0.000771503 -0.106221 0.0031829
 1.18 2.10189 -0.0768689 -1.65625 0.000747409 -0.106276 0.00316959
 1.185 2.10088 -0.0760456 -1.65859 0.00079863 -0.106327 0.00316909
 1.19 2.10202 -0.0764422 -1.65853 0.000773693 -0.106388 0.00315589
 1.195 2.10302 -0.0768249 -1.65836 0.000749409 -0.106443 0.00314242
 1.2 2.102 -0.0760083 -1.6607 0.000800699 -0.106495 0.00314231
 1.205 2.10314 -0.07640719999999999 -1.66064 0.000775572 -0.106556 0.00312896
 1.21 2.10415 -0.076792 -1.66047 0.0007511040000000001 -0.106611 0.00311532
 1.215 2.10312 -0.07598249999999999 -1.66282 0.000802445 -0.106663 0.00311561
 1.22 2.10427 -0.07638349999999999 -1.66276 0.000777134 -0.106723 0.00310211
 1.225 2.10528 -0.0767704 -1.66259 0.0007524880000000001 -0.106779 0.00308832
 1.23 2.10425 -0.0759682 -1.66494 0.000803861 -0.10683 0.003089
 1.235 2.10539 -0.0763713 -1.66487 0.000778374 -0.106891 0.00307535
 1.24 2.1064 -0.0767601 -1.66471 0.000753557 -0.106947 0.00306141
 1.245 2.10537 -0.0759657 -1.66706 0.000804942 -0.106999 0.0030625
 1.25 2.10652 -0.0763706 -1.66699 0.000779286 -0.10706 0.0030487
 1.255 2.10753 -0.0767612 -1.66683 0.000754305 -0.107115 0.00303461
 1.26 2.10649 -0.0759749 -1.66918 0.000805683 -0.107167 0.0030361
 1.265 2.10764 -0.07638159999999999 -1.66911 0.000779865 -0.107228 0.00302217
 1.27 2.10865 -0.07677390000000001 -1.66894 0.000754727 -0.107283 0.00300794
 1.275 2.10762 -0.07599590000000001 -1.67129 0.000806079 -0.107335 0.00300983
 1.28 2.10877 -0.07640420000000001 -1.67123 0.000780108 -0.107396 0.00299576
 1.285 2.10978 -0.07679809999999999 -1.67106 0.000754821 -0.107451 0.00298139
 1.29 2.10874 -0.07602879999999999 -1.67341 0.000806128 -0.107503 0.00298369
 1.295 2.10989 -0.0764386 -1.67335 0.0007800110000000001 -0.107564 0.00296949
 1.3 2.1109 -0.076834 -1.67318 0.000754583 -0.107619 0.00295498
 1.305 2.10986 -0.07607360000000001 -1.67553 0.000805826 -0.107671 0.00295769
 1.31 2.111 -0.07648480000000001 -1.67547 0.00077957 -0.107732 0.00294336
 1.315 2.11201 -0.07688150000000001 -1.6753 0.000754008 -0.107787 0.00292873
 1.32 2.11097 -0.0761303 -1.67764 0.000805169 -0.107838 0.00293184
 1.325 2.11212 -0.07654270000000001 -1.67758 0.000778784 -0.107899 0.00291739
 1.33 2.11313 -0.0769406 -1.67741 0.000753096 -0.107954 0.00290263
 1.335 2.11209 -0.0761989 -1.67975 0.000804155 -0.108006 0.00290615
 1.34 2.11323 -0.0766124 -1.67969 0.000777649 -0.108066 0.00289158
 1.345 2.11424 -0.0770113 -1.67951 0.000751845 -0.108122 0.0028767
 1.35 2.1132 -0.0762794 -1.68185 0.0008027829999999999 -0.108173 0.00288062
 1.355 2.11434 -0.0766939 -1.68179 0.000776164 -0.108233 0.00286594
 1.36 2.11535 -0.0770937 -1.68162 0.000750251 -0.108288 0.00285095
 1.365 2.11431 -0.0763717 -1.68395 0.00080105 -0.10834 0.00285528
 1.37 2.11545 -0.07678699999999999 -1.68389 0.000774328 -0.1084 0.00284049
 1.375 2.11645 -0.0771876 -1.68371 0.000748315 -0.108455 0.00282539
 1.38 2.11541 -0.0764758 -1.68604 0.000798955 -0.108506 0.00283011
 1.385 2.11655 -0.0768918 -1.68598 0.000772139 -0.108566 0.00281522
 1.39 2.11755 -0.077293 -1.68581 0.000746035 -0.108621 0.00280003
 1.395 2.11651 -0.0765916 -1.68813 0.000796499 -0.108672 0.00280514
 1.4 2.11764 -0.0770081 -1.68806 0.000769597 -0.108732 0.00279016
 1.405 2.11864 -0.0774098 -1.68789 0.000743411 -0.108786 0.00277487
 1.41 2.1176 -0.076719 -1.6902 0.000793679 -0.108837 0.00278037
 1.415 2.11873 -0.07713589999999999 -1.69014 0.000766702 -0.108897 0.0027653
 1.42 2.11973 -0.077538 -1.68996 0.000740442 -0.108951 0.00274992
 1.425 2.11869 -0.076858 -1.69227 0.000790497 -0.109001 0.00275581
 1.43 2.11982 -0.0772751 -1.6922 0.000763454 -0.109061 0.00274065
 1.435 2.12081 -0.07767739999999999 -1.69203 0.00073713 -0.109115 0.00272519
 1.44 2.11978 -0.0770084 -1.69433 0.000786953 -0.109165 0.00273146
 1.445 2.1209 -0.0774256 -1.69426 0.000759853 -0.109224 0.00271623
 1.45 2.12188 -0.07782790000000001 -1.69409 0.000733475 -0.109278 0.00270069
 1.455 2.12085 -0.07717010000000001 -1.69637 0.000783047 -0.109328 0.00270734
 1.46 2.12197 -0.0775872 -1.6963 0.000755902 -0.109387 0.00269203
 1.465 2.12295 -0.0779894 -1.69613 0.000729479 -0.109441 0.00267642
 1.47 2.12192 -0.07734290000000001 -1.69841 0.000778782 -0.109491 0.00268344
 1.475 2.12303 -0.0777598 -1.69834 0.0007515999999999999 -0.109549 0.00266807
 1.48 2.12401 -0.0781618 -1.69817 0.000725142 -0.109603 0.0026524
 1.485 2.12299 -0.0775267 -1.70043 0.0007741580000000001 -0.109652 0.00265978
 1.49 2.12409 -0.0779432 -1.70036 0.00074695 -0.10971 0.00264435
 1.495 2.12507 -0.07834480000000001 -1.70019 0.000720467 -0.109763 0.00262862
 1.5 2.12405 -0.07772129999999999 -1.70244 0.000769178 -0.109813 0.00263636
 1.505 2.12514 -0.0781372 -1.70237 0.000741954 -0.109871 0.00262088
 1.51 2.12611 -0.07853830000000001 -1.7022 0.000715457 -0.109923 0.0026051
 1.515 2.1251 -0.0779265 -1.70443 0.000763844 -0.109972 0.00261318
 1.52 2.12619 -0.0783417 -1.70437 0.0007366160000000001 -0.11003 0.00259765
 1.525 2.12715 -0.0787421 -1.70419 0.000710113 -0.110082 0.00258184
 1.53 2.12614 -0.07814210000000001 -1.70642 0.00075816 -0.110131 0.00259026
 1.535 2.12722 -0.0785565 -1.70635 0.000730937 -0.110188 0.00257469
 1.54 2.12818 -0.0789561 -1.70618 0.00070444 -0.11024 0.00255885
 1.545 2.12718 -0.0783679 -1.70838 0.000752129 -0.110288 0.00256759
 1.55 2.12825 -0.0787813 -1.70831 0.000724922 -0.110345 0.00255199
 1.555 2.1292 -0.0791799 -1.70814 0.000698442 -0.110397 0.00253612
 1.56 2.1282 -0.0786037 -1.71033 0.0007457539999999999 -0.110444 0.00254518
 1.565 2.12927 -0.0790159 -1.71026 0.000718574 -0.110501 0.00252956
 1.57 2.13021 -0.0794134 -1.71009 0.000692121 -0.110552 0.00251367
 1.575 2.12922 -0.07884919999999999 -1.71226 0.000739039 -0.110599 0.00252304
 1.58 2.13028 -0.0792601 -1.71219 0.000711898 -0.110655 0.0025074
 1.585 2.13121 -0.0796562 -1.71202 0.000685483 -0.110706 0.0024915
 1.59 2.13023 -0.0791041 -1.71418 0.00073199 -0.110753 0.00250117
 1.595 2.13128 -0.0795135 -1.71411 0.000704899 -0.110809 0.00248552
 1.6 2.13221 -0.0799083 -1.71394 0.000678532 -0.110859 0.00246961
 1.605 2.13123 -0.0793683 -1.71608 0.000724612 -0.110906 0.00247956
 1.61 2.13227 -0.079776 -1.716 0.000697581 -0.110961 0.00246392
 1.615 2.13319 -0.0801692 -1.71584 0.000671274 -0.111011 0.00244802
 1.62 2.13222 -0.0796414 -1.71796 0.000716908 -0.111057 0.00245824
 1.625 2.13325 -0.0800473 -1.71788 0.00068995 -0.111112 0.0024426
 1.63 2.13417 -0.0804387 -1.71771 0.000663714 -0.111161 0.00242671
 1.635 2.13495 -0.08078879999999999 -1.71747 0.000639916 -0.111205 0.00241176
 1.64 2.13343 -0.0799883 -1.72027 0.000707419 -0.11125 0.00243103
 1.645 2.13454 -0.0803928 -1.72028 0.000680668 -0.111307 0.00241611
 1.65 2.13548 -0.0807866 -1.72015 0.000654299 -0.111358 0.00240035
 1.655 2.13448 -0.080262 -1.72229 0.000700882 -0.111403 0.00241189
 1.66 2.13549 -0.0806665 -1.72222 0.000673928 -0.111456 0.00239619
 1.665 2.13639 -0.0810568 -1.72205 0.000647669 -0.111505 0.00238022
 1.67 2.13716 -0.0814058 -1.72181 0.000623862 -0.111548 0.00236519
 1.675 2.13567 -0.0806441 -1.72455 0.000689833 -0.111592 0.00238509
 1.68 2.13675 -0.0810459 -1.72456 0.000663152 -0.111648 0.0023701
 1.685 2.13767 -0.0814372 -1.72442 0.000636855 -0.111697 0.00235429
 1.69 2.13842 -0.0817837 -1.72418 0.000613162 -0.111739 0.00233928
 1.695 2.13691 -0.0810216 -1.72694 0.0006800349999999999 -0.111782 0.00236023
 1.7 2.13798 -0.0814226 -1.72695 0.000653365 -0.111838 0.00234523
 1.705 2.13889 -0.08181330000000001 -1.72682 0.000627058 -0.111887 0.00232938
 1.71 2.13964 -0.0821591 -1.72657 0.000603365 -0.111928 0.00231433
 1.715 2.13814 -0.0814197 -1.72929 0.000669267 -0.111971 0.00233555
 1.72 2.13919 -0.08181910000000001 -1.7293 0.000642649 -0.112025 0.00232052
 1.725 2.14009 -0.08220810000000001 -1.72917 0.000616398 -0.112074 0.00230465
 1.73 2.14083 -0.08255270000000001 -1.72892 0.000592751 -0.112115 0.0022896
 1.735 2.13935 -0.0818376 -1.7316 0.000657488 -0.112157 0.00231102
 1.74 2.14039 -0.0822344 -1.7316 0.000630981 -0.11221 0.00229597
 1.745 2.14127 -0.082621 -1.73147 0.000604844 -0.112258 0.00228013
 1.75 2.142 -0.08296340000000001 -1.73123 0.000581293 -0.112298 0.00226511
 1.755 2.14055 -0.0822725 -1.73386 0.000644833 -0.112339 0.00228669
 1.76 2.14156 -0.082666 -1.73385 0.000618488 -0.112392 0.00227168
 1.765 2.14244 -0.0830494 -1.73372 0.000592513 -0.112439 0.0022559
 1.77 2.14315 -0.08338909999999999 -1.73348 0.000569104 -0.112479 0.00224095
 1.775 2.14173 -0.0827219 -1.73606 0.000631426 -0.112519 0.00226266
 1.78 2.14272 -0.0831115 -1.73606 0.000605286 -0.112571 0.00224771
 1.785 2.14358 -0.0834911 -1.73593 0.000579516 -0.112617 0.00223202
 1.79 2.14428 -0.0838276 -1.73569 0.000556286 -0.112656 0.00221716
 1.795 2.14288 -0.0831837 -1.73822 0.000617365 -0.112696 0.00223898
 1.8 2.14386 -0.0835689 -1.73821 0.0005914680000000001 -0.112747 0.00222411
 1.805 2.1447 -0.08394409999999999 -1.73808 0.000565939 -0.112792 0.00220853
 1.81 2.14539 -0.0842769 -1.73785 0.000542922 -0.11283 0.0021938
 1.815 2.14402 -0.0836562 -1.74033 0.000602729 -0.112869 0.00221568
 1.82 2.14497 -0.0840364 -1.74032 0.00057711 -0.112919 0.00220093
 1.825 2.1458 -0.08440690000000001 -1.74018 0.000551855 -0.112963 0.00218549
 1.83 2.14648 -0.08473550000000001 -1.73996 0.000529081 -0.113001 0.00217089
 1.835 2.14514 -0.08413760000000001 -1.74238 0.000587584 -0.113039 0.00219281
 1.84 2.14607 -0.0845125 -1.74237 0.000562273 -0.113088 0.00217818
 1.845 2.14688 -0.0848777 -1.74224 0.000537323 -0.113131 0.0021629
 1.85 2.14755 -0.0852019 -1.74202 0.000514818 -0.113168 0.00214847
 1.855 2.14623 -0.0846266 -1.74439 0.000571986 -0.113206 0.00217037
 1.86 2.14714 -0.08499569999999999 -1.74437 0.000547012 -0.113253 0.00215589
 1.865 2.14793 -0.0853554 -1.74424 0.000522394 -0.113295 0.00214079
 1.87 2.14859 -0.0856748 -1.74402 0.000500185 -0.113332 0.00212654
 1.875 2.14731 -0.0851218 -1.74634 0.000555983 -0.113368 0.00214839
 1.88 2.14819 -0.0854847 -1.74632 0.000531373 -0.113415 0.00213408
 1.885 2.14897 -0.0858385 -1.74619 0.000507112 -0.113456 0.00211917
 1.89 2.14961 -0.0861528 -1.74598 0.000485223 -0.113492 0.00210512
 1.895 2.14836 -0.0856219 -1.74824 0.000539617 -0.113528 0.00212687
 1.9 2.14922 -0.0859784 -1.74821 0.000515396 -0.113573 0.00211274
 1.905 2.14998 -0.086326 -1.74809 0.000491519 -0.113613 0.00209805
 1.91 2.15061 -0.0866348 -1.74788 0.000469971 -0.113648 0.00208422
 1.915 2.14939 -0.0861258 -1.75008 0.000522927 -0.113683 0.00210582
 1.92 2.15023 -0.0864755 -1.75006 0.00049912 -0.113727 0.00209189
 1.925 2.15097 -0.0868165 -1.74993 0.000475651 -0.113766 0.00207743
 1.93 2.15159 -0.08711960000000001 -1.74973 0.000454466 -0.1138 0.00206383
 1.935 2.1504 -0.08663220000000001 -1.75187 0.000505951 -0.113835 0.00208523
 1.94 2.15122 -0.0869748 -1.75184 0.00048258 -0.113877 0.00207152
 1.945 2.15194 -0.087309 -1.75172 0.000459542 -0.113916 0.00205731
 1.95 2.15254 -0.0876062 -1.75153 0.000438742 -0.113949 0.00204395
 1.955 2.1531 -0.0878785 -1.75133 0.000419563 -0.11398 0.00203155
 1.96 2.15155 -0.0872284 -1.75391 0.000486236 -0.114013 0.00206112
 1.965 2.1524 -0.0875633 -1.75394 0.000463483 -0.114057 0.00204823
 1.97 2.15312 -0.0878931 -1.75385 0.000440775 -0.114095 0.00203439
 1.975 2.1537 -0.0881837 -1.75366 0.000420394 -0.114127 0.00202127
 1.98 2.15425 -0.08845020000000001 -1.75346 0.000401602 -0.114157 0.0020091
 1.985 2.15271 -0.0878187 -1.756 0.000467283 -0.114189 0.00203884
 1.99 2.15354 -0.088147 -1.75603 0.000444946 -0.114231 0.00202614
 1.995 2.15424 -0.08847049999999999 -1.75594 0.000422636 -0.114268 0.00201252
 2 2.15481 -0.08875570000000001 -1.75575 0.000402611 -0.1143 0.00199962
 2.005 2.15534 -0.0890171 -1.75556 0.000384148 -0.114329 0.00198766
 2.01 2.15386 -0.0884211 -1.758 0.0004472 -0.114359 0.0020167
 2.015 2.15465 -0.0887414 -1.75802 0.000425359 -0.1144 0.00200421
 2.02 2.15533 -0.089057 -1.75794 0.00040355 -0.114436 0.00199086
 2.025 2.15587 -0.0893356 -1.75775 0.000383964 -0.114466 0.00197824
 2.03 2.15639 -0.089591 -1.75757 0.000365904 -0.114494 0.00196653
 2.035 2.15497 -0.089031 -1.75991 0.00042615 -0.114524 0.00199474
 2.04 2.15573 -0.089342 -1.75992 0.00040489 -0.114563 0.00198251
 2.045 2.15638 -0.08964859999999999 -1.75983 0.000383667 -0.114597 0.00196948
 2.05 2.15691 -0.0899195 -1.75966 0.000364596 -0.114626 0.0019572
 2.055 2.15741 -0.0901679 -1.75948 0.000347011 -0.114654 0.0019458
 2.06 2.15606 -0.0896431 -1.76171 0.000404409 -0.114682 0.00197311
 2.065 2.15678 -0.0899438 -1.76172 0.0003838 -0.114719 0.00196118
 2.07 2.1574 -0.0902404 -1.76163 0.000363232 -0.114752 0.00194853
 2.075 2.15791 -0.09050279999999999 -1.76147 0.000344739 -0.11478 0.00193663
 2.08 2.15839 -0.0907434 -1.7613 0.000327687 -0.114807 0.00192558
 2.085 2.15884 -0.0909638 -1.76113 0.00031197 -0.114831 0.00191533
 2.09 2.15724 -0.0903322 -1.76365 0.000379875 -0.114858 0.00194883
 2.095 2.15797 -0.0906217 -1.7637 0.000360117 -0.114895 0.00193774
 2.1 2.15858 -0.0909097 -1.76364 0.000340169 -0.114927 0.0019256
 2.105 2.15907 -0.09116249999999999 -1.76348 0.000322324 -0.114954 0.0019141
 2.11 2.15952 -0.0913944 -1.76332 0.000305869 -0.114979 0.00190343
 2.115 2.15995 -0.0916069 -1.76316 0.000290701 -0.115003 0.00189354
 2.12 2.15842 -0.09101330000000001 -1.76556 0.000355504 -0.115028 0.00192604
 2.125 2.1591 -0.09129130000000001 -1.76561 0.000336487 -0.115063 0.00191528
 2.13 2.15969 -0.0915682 -1.76555 0.000317279 -0.115093 0.00190356
 2.135 2.16015 -0.09181159999999999 -1.7654 0.000300086 -0.115119 0.00189249
 2.14 2.16059 -0.0920349 -1.76525 0.000284231 -0.115143 0.00188222
 2.145 2.161 -0.0922395 -1.76509 0.000269615 -0.115165 0.00187269
 2.15 2.15957 -0.0916964 -1.76734 0.00032993 -0.115189 0.00190337
 2.155 2.1602 -0.0919611 -1.76737 0.000311772 -0.115221 0.00189299
 2.16 2.16075 -0.0922249 -1.76731 0.000293441 -0.11525 0.00188178
 2.165 2.16119 -0.09245730000000001 -1.76717 0.000277014 -0.115274 0.00187121
 2.17 2.1616 -0.0926705 -1.76703 0.000261865 -0.115297 0.00186141
 2.175 2.16199 -0.092866 -1.76689 0.000247898 -0.115318 0.00185231
 2.18 2.16236 -0.093045 -1.76674 0.000235028 -0.115338 0.00184388
 2.185 2.16078 -0.09244239999999999 -1.76914 0.000301388 -0.11536 0.00187849
 2.19 2.1614 -0.0926918 -1.7692 0.000284328 -0.115391 0.00186897
 2.195 2.16192 -0.0929426 -1.76915 0.000266922 -0.115419 0.00185841
 2.2 2.16233 -0.0931622 -1.76903 0.000251386 -0.115441 0.00184842
 2.205 2.16272 -0.0933638 -1.7689 0.000237057 -0.115462 0.00183915
 2.21 2.16308 -0.0935487 -1.76877 0.000223845 -0.115482 0.00183056
 2.215 2.16342 -0.0937181 -1.76863 0.000211667 -0.115501 0.00182259
 2.22 2.16197 -0.09317449999999999 -1.77083 0.000272494 -0.115521 0.00185474
 2.225 2.16253 -0.0934074 -1.77088 0.000256511 -0.115549 0.00184571
 2.23 2.16302 -0.093642 -1.77084 0.000240206 -0.115574 0.00183578
 2.235 2.1634 -0.093848 -1.77072 0.000225632 -0.115595 0.00182643
 2.24 2.16376 -0.0940372 -1.77061 0.000212189 -0.115615 0.00181775
 2.245 2.16409 -0.09421069999999999 -1.77049 0.00019979 -0.115633 0.00180971
 2.25 2.16441 -0.0943698 -1.77037 0.000188361 -0.115651 0.00180225
 2.255 2.16471 -0.09451560000000001 -1.77025 0.000177828 -0.115667 0.00179533
 2.26 2.16321 -0.0939551 -1.77246 0.00024038 -0.115685 0.00182904
 2.265 2.16374 -0.0941685 -1.77252 0.000225759 -0.115711 0.00182088
 2.27 2.16418 -0.09438539999999999 -1.77249 0.000210699 -0.115734 0.00181176
 2.275 2.16453 -0.0945752 -1.77239 0.000197275 -0.115753 0.00180317
 2.28 2.16486 -0.0947496 -1.77229 0.000184889 -0.115771 0.0017952
 2.285 2.16516 -0.0949097 -1.77219 0.000173464 -0.115788 0.0017878
 2.29 2.16545 -0.0950566 -1.77208 0.000162927 -0.115803 0.00178095
 2.295 2.16572 -0.0951912 -1.77198 0.000153214 -0.115818 0.00177459
 2.3 2.16597 -0.0953145 -1.77187 0.000144263 -0.115832 0.00176869
 2.305 2.16621 -0.0954274 -1.77177 0.000136017 -0.115845 0.00176322
 2.31 2.16458 -0.0948107 -1.77411 0.000204157 -0.11586 0.00180074
 2.315 2.16506 -0.0950014 -1.77419 0.000191169 -0.115884 0.00179374
 2.32 2.16547 -0.0951984 -1.77419 0.000177542 -0.115905 0.0017856
 2.325 2.16578 -0.0953695 -1.7741 0.000165467 -0.115922 0.00177789
 2.33 2.16606 -0.0955268 -1.77402 0.000154321 -0.115937 0.00177074
 2.335 2.16633 -0.0956714 -1.77393 0.000144034 -0.115952 0.00176411
 2.34 2.16659 -0.09580420000000001 -1.77385 0.000134543 -0.115966 0.00175797
 2.345 2.16682 -0.0959261 -1.77376 0.000125787 -0.115979 0.00175227
 2.35 2.16704 -0.096038 -1.77368 0.000117713 -0.115991 0.00174698
 2.355 2.16725 -0.0961405 -1.77359 0.000110269 -0.116002 0.00174208
 2.36 2.16745 -0.0962345 -1.77351 0.000103407 -0.116013 0.00173753
 2.365 2.16763 -0.0963205 -1.77342 9.70848e-05 -0.116023 0.00173332
 2.37 2.1678 -0.09639929999999999 -1.77334 9.126100000000001e-05 -0.116033 0.00172941
 2.375 2.16613 -0.0957665 -1.77567 0.000160787 -0.116044 0.00176841
 2.38 2.16655 -0.0959276 -1.77577 0.000149903 -0.116065 0.00176275
 2.385 2.1669 -0.0960974 -1.77579 0.000138221 -0.116083 0.00175586
 2.39 2.16715 -0.096244 -1.77573 0.000127929 -0.116096 0.00174934
 2.395 2.16739 -0.09637900000000001 -1.77567 0.000118421 -0.116109 0.00174329
 2.4 2.16761 -0.0965034 -1.77561 0.000109638 -0.116121 0.00173768
 2.405 2.16782 -0.0966178 -1.77555 0.000101525 -0.116132 0.00173248
 2.41 2.16801 -0.0967232 -1.77549 9.40332e-05 -0.116143 0.00172766
 2.415 2.16819 -0.09682010000000001 -1.77543 8.71149e-05 -0.116152 0.00172319
 2.42 2.16836 -0.0969092 -1.77537 8.072709999999999e-05 -0.116162 0.00171905
 2.425 2.16852 -0.0969911 -1.77531 7.483e-05 -0.11617 0.00171521
 2.43 2.16867 -0.0970665 -1.77526 6.93862e-05 -0.116178 0.00171164
 2.435 2.16881 -0.09713579999999999 -1.7752 6.43606e-05 -0.116186 0.00170834
 2.44 2.16894 -0.09719940000000001 -1.77515 5.97229e-05 -0.116193 0.00170528
 2.445 2.16906 -0.09725789999999999 -1.77509 5.54425e-05 -0.1162 0.00170244
 2.45 2.16917 -0.0973116 -1.77504 5.14921e-05 -0.116206 0.0016998
 2.455 2.16928 -0.097361 -1.77499 4.7847e-05 -0.116212 0.00169736
 2.46 2.16938 -0.0974063 -1.77494 4.44837e-05 -0.116217 0.0016951
 2.465 2.16947 -0.0974479 -1.77489 4.13804e-05 -0.116223 0.001693
 2.47 2.16956 -0.09748610000000001 -1.77485 3.85167e-05 -0.116227 0.00169105
 2.475 2.16964 -0.0975212 -1.7748 3.5874e-05 -0.116232 0.00168925
 2.48 2.16971 -0.0975535 -1.77476 3.34349e-05 -0.116236 0.00168758
 2.485 2.16978 -0.09758310000000001 -1.77472 3.11833e-05 -0.11624 0.00168603
 2.49 2.16985 -0.0976104 -1.77468 2.91043e-05 -0.116244 0.00168459
 2.495 2.16991 -0.0976354 -1.77464 2.71839e-05 -0.116248 0.00168326
 2.5 2.16997 -0.0976585 -1.77461 2.54095e-05 -0.116251 0.00168202
 2.505 2.17002 -0.0976798 -1.77457 2.37692e-05 -0.116254 0.00168087
 2.51 2.17007 -0.09769940000000001 -1.77454 2.22514e-05 -0.116257 0.00167981
 2.515 2.17012 -0.0977176 -1.77451 2.08455e-05 -0.116259 0.00167883
 2.52 2.17016 -0.0977345 -1.77449 1.95439e-05 -0.116262 0.00167792
 2.525 2.1702 -0.09775 -1.77446 1.83382e-05 -0.116264 0.00167707
 2.53 2.17024 -0.0977645 -1.77444 1.72207e-05 -0.116266 0.00167629
 2.535 2.17028 -0.0977778 -1.77442 1.6186e-05 -0.116268 0.00167556
 2.54 2.17031 -0.0977901 -1.7744 1.52288e-05 -0.11627 0.00167488
 2.545 2.17035 -0.0978015 -1.77438 1.4344e-05 -0.116272 0.00167426
 2.55 2.17038 -0.09781189999999999 -1.77436 1.35271e-05 -0.116274 0.00167368
 2.555 2.17041 -0.09782150000000001 -1.77434 1.27738e-05 -0.116275 0.00167314
 2.56 2.16894 -0.0964622 -1.77635 0.000111806 -0.116279 0.00170261
 2.565 2.16918 -0.09658940000000001 -1.77648 0.000103717 -0.116292 0.00169917
 2.57 2.16938 -0.09673950000000001 -1.77654 9.41582e-05 -0.116302 0.00169436
 2.575 2.16951 -0.096868 -1.77654 8.59362e-05 -0.116309 0.00168989
 2.58 2.16964 -0.096987 -1.77655 7.83237e-05 -0.116316 0.00168575
 2.585 2.16977 -0.097097 -1.77655 7.12768e-05 -0.116322 0.00168191
 2.59 2.16988 -0.0971988 -1.77655 6.4755e-05 -0.116328 0.00167834
 2.595 2.17 -0.0972929 -1.77656 5.87204e-05 -0.116334 0.00167504
 2.6 2.17011 -0.0973798 -1.77656 5.31384e-05 -0.116339 0.00167199
 2.605 2.17022 -0.09746009999999999 -1.77656 4.79763e-05 -0.116345 0.00166915
 2.61 2.17033 -0.0975342 -1.77656 4.32041e-05 -0.11635 0.00166652
 2.615 2.17044 -0.0976026 -1.77657 3.87952e-05 -0.116355 0.00166408
 2.62 2.17096 -0.0942278 -1.77625 0.000191057 -0.116361 0.00162731
 2.625 2.17108 -0.0944632 -1.77626 0.000177158 -0.116369 0.00162134
 2.63 2.17115 -0.0947344 -1.77626 0.000161296 -0.116375 0.00161466
 2.635 2.17122 -0.09497129999999999 -1.77624 0.00014746 -0.11638 0.00160877
 2.64 2.17129 -0.0951905 -1.77623 0.000134653 -0.116385 0.00160331
 2.645 2.17136 -0.0953932 -1.77622 0.000122801 -0.11639 0.00159825
 2.65 2.17144 -0.0955806 -1.77621 0.000111835 -0.116395 0.00159356
 2.655 2.1721 -0.09227580000000001 -1.77568 0.00025628 -0.1164 0.00155013
 2.66 2.17219 -0.0926119 -1.77568 0.000236968 -0.116407 0.00154238
 2.665 2.17223 -0.0929751 -1.77566 0.000216145 -0.116413 0.0015341
 2.67 2.17227 -0.093297 -1.77563 0.0001977 -0.116418 0.00152673
 2.675 2.17232 -0.09359480000000001 -1.77561 0.000180627 -0.116422 0.00151989
 2.68 2.17238 -0.0938703 -1.77558 0.000164826 -0.116427 0.00151355
 2.685 2.17308 -0.0903901 -1.77498 0.000315879 -0.116432 0.00146531
 2.69 2.17315 -0.0908146 -1.77497 0.000291715 -0.11644 0.00145587
 2.695 2.17319 -0.0912632 -1.77494 0.000266198 -0.116445 0.00144597
 2.7 2.17321 -0.09166290000000001 -1.77491 0.000243469 -0.11645 0.00143711
 2.705 2.17325 -0.0920327 -1.77487 0.00022243 -0.116455 0.0014289
 2.71 2.17393 -0.0886902 -1.77427 0.000366415 -0.11646 0.00137949
 2.715 2.17399 -0.0891931 -1.77425 0.000337907 -0.116468 0.0013685
 2.72 2.17401 -0.0897135 -1.77421 0.00030841 -0.116474 0.00135716
 2.725 2.17403 -0.0901798 -1.77417 0.000281984 -0.116479 0.00134697
 2.73 2.17463 -0.0872778 -1.7736 0.000405447 -0.116484 0.00129976
 2.735 2.17467 -0.0878454 -1.77357 0.000373325 -0.116491 0.00128744
 2.74 2.17469 -0.08842079999999999 -1.77352 0.000340773 -0.116497 0.00127498
 2.745 2.17471 -0.08893959999999999 -1.77347 0.000311433 -0.116503 0.00126372
 2.75 2.17535 -0.0858435 -1.77287 0.00044302 -0.116509 0.00121281
 2.755 2.1754 -0.08646860000000001 -1.77283 0.000407703 -0.116517 0.00119929
 2.76 2.17541 -0.0871007 -1.77278 0.000371991 -0.116523 0.00118565
 2.765 2.17543 -0.08767079999999999 -1.77273 0.000339787 -0.116529 0.00117331
 2.77 2.17612 -0.0843235 -1.77207 0.000482054 -0.116535 0.00111808
 2.775 2.17617 -0.085008 -1.77203 0.000443422 -0.116544 0.00110331
 2.78 2.17619 -0.0856995 -1.77198 0.000404396 -0.116551 0.00108841
 2.785 2.17675 -0.0831194 -1.77141 0.0005115160000000001 -0.116557 0.00103877
 2.79 2.17678 -0.08385860000000001 -1.77136 0.000469822 -0.116565 0.00102285
 2.795 2.17679 -0.0845909 -1.7713 0.000428515 -0.116572 0.00100708
 2.8 2.17736 -0.0819679 -1.77071 0.00053713 -0.116579 0.000955671
 2.805 2.17739 -0.08274919999999999 -1.77066 0.000493085 -0.116587 0.000938845
 2.81 2.1774 -0.08352179999999999 -1.77059 0.000449531 -0.116595 0.000922215
 2.815 2.178 -0.08077810000000001 -1.76998 0.000563149 -0.116602 0.000868267
 2.82 2.17804 -0.0816017 -1.76993 0.000516745 -0.116611 0.000850524
 2.825 2.17805 -0.08241569999999999 -1.76986 0.000470877 -0.116619 0.000832996
 2.83 2.17868 -0.0795464 -1.76922 0.000589712 -0.116626 0.000776434
 2.835 2.17872 -0.0804134 -1.76916 0.000540892 -0.116636 0.000757745
 2.84 2.17874 -0.08126990000000001 -1.76909 0.000492651 -0.116644 0.000739293
 2.845 2.17939 -0.0782771 -1.76842 0.000616605 -0.116652 0.000680111
 2.85 2.17944 -0.0791882 -1.76836 0.000565322 -0.116662 0.000660455
 2.855 2.17945 -0.08008800000000001 -1.76829 0.000514667 -0.116671 0.000641058
 2.86 2.18013 -0.0769744 -1.76759 0.000643621 -0.116679 0.000579265
 2.865 2.18019 -0.07793020000000001 -1.76753 0.000589847 -0.11669 0.000558624
 2.87 2.18021 -0.07887379999999999 -1.76745 0.000536752 -0.116699 0.000538269
 2.875 2.18091 -0.0756421 -1.76673 0.000670595 -0.116707 0.000473881
 2.88 2.18097 -0.0766429 -1.76667 0.000614313 -0.116719 0.000452244
 2.885 2.18099 -0.0776304 -1.76658 0.000558765 -0.116729 0.00043092
 2.89 2.18172 -0.0742831 -1.76583 0.000697392 -0.116737 0.000363961
 2.895 2.18178 -0.0753291 -1.76577 0.000638595 -0.116749 0.000341321
 2.9 2.18181 -0.0763607 -1.76568 0.00058059 -0.116759 0.000319022
 2.905 2.18256 -0.0729002 -1.7649 0.000723904 -0.116768 0.000249518
 2.91 2.18263 -0.0739914 -1.76484 0.000662595 -0.116781 0.00022587
 2.915 2.18317 -0.0719027 -1.76425 0.000743209 -0.116791 0.000167229
 2.92 2.18319 -0.0730401 -1.76416 0.000679308 -0.116802 0.000142616
 2.925 2.1832 -0.07414080000000001 -1.76406 0.000617467 -0.116812 0.000118793
 2.93 2.18398 -0.0706326 -1.76325 0.000762323 -0.116821 4.65776e-05
 2.935 2.18405 -0.0717936 -1.76319 0.000697136 -0.116835 2.1359e-05
 2.94 2.18462 -0.0696121 -1.76257 0.000781291 -0.116846 -4.04697e-05
 2.945 2.18465 -0.0708187 -1.76248 0.00071355 -0.116858 -6.66404e-05
 2.95 2.18519 -0.0687237 -1.76186 0.000793639 -0.116868 -0.000128288
 2.955 2.18522 -0.0699558 -1.76177 0.000724487 -0.11688 -0.000155036
 2.96 2.18578 -0.06783260000000001 -1.76114 0.00080565 -0.11689 -0.000217734
 2.965 2.18581 -0.0690887 -1.76104 0.000735175 -0.116903 -0.000245031
 2.97 2.18638 -0.066927 -1.7604 0.0008178699999999999 -0.116913 -0.000308905
 2.975 2.18642 -0.0682072 -1.76031 0.0007460569999999999 -0.116926 -0.000336759
 2.98 2.187 -0.0660071 -1.75966 0.000830279 -0.116937 -0.000401819
 2.985 2.18704 -0.067312 -1.75957 0.00075711 -0.11695 -0.000430239
 2.99 2.18763 -0.0650746 -1.7589 0.000842811 -0.116961 -0.0004964840000000001
 2.995 2.18768 -0.0664042 -1.75881 0.000768273 -0.116975 -0.000525477
 3 2.18828 -0.06413049999999999 -1.75814 0.000855407 -0.116986 -0.000592901
 3.005 2.18833 -0.06548519999999999 -1.75804 0.00077949 -0.117 -0.000622472
 3.01 2.18894 -0.0631763 -1.75736 0.0008680130000000001 -0.117012 -0.000691068
 3.015 2.189 -0.064556 -1.75727 0.000790711 -0.117026 -0.000721221
 3.02 2.18962 -0.0622128 -1.75657 0.000880584 -0.117038 -0.000790981
 3.025 2.18968 -0.0636177 -1.75648 0.000801897 -0.117052 -0.000821718
 3.03 2.19031 -0.0612412 -1.75577 0.00089308 -0.117064 -0.000892631
 3.035 2.19037 -0.0626713 -1.75568 0.000813009 -0.117079 -0.000923953
 3.04 2.19101 -0.0602624 -1.75496 0.000905468 -0.117091 -0.000996009
 3.045 2.19107 -0.0617174 -1.75487 0.000824018 -0.117106 -0.00102792
 3.05 2.19172 -0.059277 -1.75414 0.000917718 -0.117119 -0.0011011
 3.055 2.19179 -0.060757 -1.75405 0.000834896 -0.117134 -0.00113359
 3.06 2.19245 -0.0582858 -1.75331 0.0009298070000000001 -0.117147 -0.00120789
 3.065 2.19251 -0.0597906 -1.75322 0.000845622 -0.117162 -0.00124097
 3.07 2.19318 -0.0572895 -1.75247 0.000941711 -0.117175 -0.00131637
 3.075 2.19325 -0.058819 -1.75238 0.000856174 -0.117191 -0.00135002
 3.08 2.19393 -0.0562887 -1.75162 0.000953414 -0.117204 -0.00142651
 3.085 2.194 -0.0578426 -1.75152 0.000866537 -0.11722 -0.00146074
 3.09 2.19469 -0.055284 -1.75076 0.0009648979999999999 -0.117233 -0.0015383
 3.095 2.19476 -0.0568621 -1.75066 0.0008766960000000001 -0.117249 -0.00157311
 3.1 2.19545 -0.0542759 -1.74989 0.00097615 -0.117262 -0.00165172
 3.105 2.19553 -0.0558779 -1.74979 0.000886639 -0.117279 -0.00168709
 3.11 2.19623 -0.0532649 -1.74901 0.0009871579999999999 -0.117292 -0.00176675
 3.115 2.19631 -0.0548906 -1.74891 0.000896354 -0.117309 -0.00180268
 3.12 2.19702 -0.0522515 -1.74812 0.000997913 -0.117323 -0.00188335
 3.125 2.1971 -0.0539005 -1.74802 0.000905832 -0.11734 -0.00191985
 3.13 2.19782 -0.0512361 -1.74722 0.0010084 -0.117354 -0.00200152
 3.135 2.1979 -0.0529082 -1.74712 0.000915067 -0.117371 -0.00203857
 3.14 2.19862 -0.0502192 -1.74632 0.00101862 -0.117385 -0.00212123
 3.145 2.19871 -0.051914 -1.74622 0.00092405 -0.117402 -0.00215882
 3.15 2.19944 -0.0492012 -1.7454 0.00102857 -0.117416 -0.00224244
 3.155 2.19952 -0.0509183 -1.7453 0.0009327750000000001 -0.117434 -0.00228058
 3.16 2.20026 -0.0481824 -1.74448 0.00103823 -0.117448 -0.00236515
 3.165 2.20035 -0.0499215 -1.74438 0.000941239 -0.117466 -0.00240382
 3.17 2.20109 -0.0471632 -1.74355 0.0010476 -0.11748 -0.00248931
 3.175 2.20118 -0.048924 -1.74345 0.000949436 -0.117498 -0.00252851
 3.18 2.20193 -0.0461441 -1.74261 0.00105668 -0.117512 -0.0026149
 3.185 2.20202 -0.0479261 -1.74251 0.000957362 -0.117531 -0.00265462
 3.19 2.20278 -0.0451254 -1.74166 0.00106546 -0.117545 -0.0027419
 3.195 2.20287 -0.0469282 -1.74156 0.0009650149999999999 -0.117564 -0.00278213
 3.2 2.20363 -0.0441073 -1.74071 0.00107395 -0.117578 -0.00287027
 3.205 2.20373 -0.0459307 -1.74061 0.000972392 -0.117597 -0.00291101
 3.21 2.2045 -0.0430903 -1.73975 0.00108213 -0.117611 -0.003
 3.215 2.2046 -0.0449337 -1.73965 0.0009794890000000001 -0.11763 -0.00304124
 3.22 2.20537 -0.0420748 -1.73878 0.00109001 -0.117645 -0.00313104
 3.225 2.20547 -0.0439378 -1.73868 0.0009863059999999999 -0.117664 -0.00317277
 3.23 2.08063 -0.09913660000000001 -1.26418 0.010168 -0.100053 -0.00357092
 3.235 1.7079 -0.273141 0.141383 0.0369859 -0.0477674 -0.00453995
 3.24 1.6079 -0.315993 0.519367 0.0440147 -0.0336149 -0.00484256
 3.245 1.28503 -0.462325 1.7356 0.0665969 0.0117682 -0.00557919
 3.25 1.05026 -0.520183 2.16008 0.0727336 0.0316223 -0.00180711
 3.255 0.264295 -0.745147 3.84592 0.0995325 0.105365 0.00843228
 3.26 0.318558 -0.761076 3.99259 0.103243 0.10822 0.0054859
 3.265 0.06560199999999999 -0.888608 5.05271 0.123589 0.147273 0.0039294
 3.27 0.206892 -0.836442 4.61343 0.115386 0.130244 0.00334904
 3.275 0.41801 -0.789669 4.25724 0.110106 0.113303 -0.000112667
 3.28 0.7423959999999999 -0.766409 4.14365 0.111405 0.100283 -0.009027550000000001
 3.285 0.84998 -0.714924 3.71362 0.103225 0.08429830000000001 -0.008699810000000001
 3.29 0.949704 -0.666986 3.31517 0.0955075 0.0696668 -0.008333419999999999
 3.295 1.04218 -0.622721 2.94587 0.0884901 0.0559195 -0.00806722
 3.3 1.12801 -0.5808219999999999 2.60379 0.08189979999999999 0.0433373 -0.00777401
 3.305 1.20751 -0.542808 2.28663 0.0758779 0.0315143 -0.00755946
 3.31 1.28139 -0.506134 1.99296 0.0702528 0.0206941 -0.00732816
 3.315 1.34974 -0.473529 1.72058 0.0650828 0.0105256 -0.00715701
 3.32 1.41336 -0.441376 1.46849 0.0602843 0.00122019 -0.0069781
 3.325 1.47211 -0.413454 1.23457 0.0558435 -0.00752571 -0.0068434
 3.33 1.52691 -0.385213 1.01819 0.0517529 -0.0155287 -0.00670879
 3.335 1.57742 -0.361344 0.8173010000000001 0.047936 -0.0230515 -0.0066047
 3.34 1.62463 -0.336487 0.631602 0.0444517 -0.0299346 -0.00650754
 3.345 1.66807 -0.316127 0.459078 0.0411687 -0.0364058 -0.00642913
 3.35 1.70876 -0.2942 0.299724 0.0382035 -0.0423261 -0.00636363
 3.355 1.74611 -0.276878 0.151564 0.0353774 -0.0478931 -0.00630675
 3.36 1.7812 -0.257484 0.0148372 0.0328567 -0.0529856 -0.00626801
 3.365 1.81332 -0.242792 -0.112398 0.0304215 -0.0577751 -0.00622918
 3.37 1.8436 -0.225591 -0.229691 0.0282814 -0.0621558 -0.00621304
 3.375 1.87122 -0.213176 -0.338955 0.0261806 -0.0662769 -0.00618935
 3.38 1.89736 -0.197873 -0.439558 0.0243664 -0.0700457 -0.00619229
 3.385 1.92112 -0.187429 -0.5333869999999999 0.0225518 -0.07359209999999999 -0.00618127
 3.39 1.94371 -0.173768 -0.619654 0.0210166 -0.0768346 -0.00620032
 3.395 1.96415 -0.16503 -0.700229 0.0194467 -0.0798869 -0.00619991
 3.4 1.98368 -0.152791 -0.774183 0.0181504 -0.082677 -0.00623256
 3.405 2.00126 -0.145531 -0.843374 0.0167898 -0.0853044 -0.00624104
 3.41 2.01816 -0.134523 -0.9067539999999999 0.015698 -0.08770550000000001 -0.00628516
 3.415 2.0333 -0.128542 -0.966167 0.0145165 -0.08996759999999999 -0.00630106
 3.42 2.04794 -0.118599 -1.02047 0.0135998 -0.0920342 -0.00635486
 3.425 2.06097 -0.113726 -1.07148 0.0125714 -0.0939823 -0.00637698
 3.43 2.07368 -0.104705 -1.11798 0.0118045 -0.09576129999999999 -0.00643894
 3.435 2.08489 -0.100792 -1.16179 0.0109072 -0.0974392 -0.00646626
 3.44 2.09593 -0.0925685 -1.20158 0.0102685 -0.0989709 -0.00653509
 3.445 2.10559 -0.0894861 -1.2392 0.009483149999999999 -0.100417 -0.00656674
 3.45 2.1152 -0.08195470000000001 -1.27324 0.00895426 -0.101736 -0.00664136
 3.455 2.12352 -0.0795917 -1.30554 0.00826469 -0.102982 -0.00667665
 3.46 2.13189 -0.0726595 -1.33464 0.00782973 -0.104118 -0.00675614
 3.465 2.13907 -0.07091939999999999 -1.36237 0.00722207 -0.105193 -0.00679446
 3.47 2.14638 -0.0645066 -1.38723 0.00686747 -0.106172 -0.00687804
 3.475 2.15257 -0.0633058 -1.41103 0.00632985 -0.107099 -0.00691889
 3.48 2.15897 -0.0573433 -1.43225 0.006044 -0.107942 -0.0070059
 3.485 2.16431 -0.0566096 -1.45268 0.00556626 -0.108742 -0.00704887
 3.49 2.16993 -0.0510377 -1.47077 0.00533922 -0.10947 -0.00713877
 3.495 2.17454 -0.0507084 -1.48831 0.00491269 -0.110161 -0.0071835
 3.5 2.17949 -0.0454757 -1.50371 0.00473594 -0.110789 -0.0072758
 3.505 2.18348 -0.0454964 -1.51877 0.00435319 -0.111386 -0.00732201
 3.51 2.18784 -0.0405583 -1.53186 0.00421944 -0.111927 -0.00741632
 3.515 2.19129 -0.0408822 -1.54478 0.00387412 -0.112444 -0.00746376
 3.52 2.19516 -0.0362003 -1.55589 0.00377713 -0.112911 -0.00755974
 3.525 2.19815 -0.0367864 -1.56698 0.00346382 -0.113359 -0.0076082
 3.53 2.20159 -0.0323276 -1.57639 0.00339823 -0.113763 -0.00770556
 3.535 2.20418 -0.0331406 -1.58591 0.00311229 -0.11415 -0.00775488
 3.54 2.20726 -0.0288762 -1.59385 0.00307352 -0.1145 -0.00785337
 3.545 2.20951 -0.0298855 -1.60202 0.00281099 -0.114836 -0.0079034
 3.55 2.21226 -0.025791 -1.60871 0.00279512 -0.115138 -0.008002820000000001
 3.555 2.21422 -0.02697 -1.61572 0.00255261 -0.11543 -0.00805343
 3.56 2.2167 -0.0230241 -1.62134 0.00255627 -0.115692 -0.00815359
 3.565 2.21841 -0.0243496 -1.62735 0.0023309 -0.115946 -0.008204690000000001
 3.57 2.22066 -0.0205341 -1.63204 0.00235121 -0.116173 -0.008305450000000001
 3.575 2.22215 -0.0219862 -1.6372 0.00214051 -0.116395 -0.00835695
 3.58 2.2242 -0.0182853 -1.64109 0.00217499 -0.116592 -0.008458169999999999
 3.585 2.2255 -0.0198464 -1.64552 0.00197685 -0.116786 -0.00850999
 3.59 2.22738 -0.0162467 -1.64873 0.00202339 -0.116957 -0.008611550000000001
 3.595 2.22852 -0.0179018 -1.65253 0.00183601 -0.117127 -0.00866364
 3.6 2.23025 -0.0143916 -1.65516 0.00189279 -0.117276 -0.008765439999999999
 3.605 2.23125 -0.0161276 -1.65841 0.00171465 -0.117425 -0.008817749999999999
 3.61 2.23285 -0.012697 -1.66054 0.0017801 -0.117555 -0.008919699999999999
 3.615 2.23374 -0.0145023 -1.66333 0.00160989 -0.117686 -0.00897217
 3.62 2.23522 -0.0111428 -1.66503 0.00168268 -0.117799 -0.009074209999999999
 3.625 2.23601 -0.0130075 -1.66742 0.00151929 -0.117915 -0.009126799999999999
 3.63 2.2374 -0.009711920000000001 -1.66875 0.00159827 -0.118015 -0.00922885
 3.635 2.2381 -0.0116272 -1.6708 0.00144074 -0.118117 -0.00928153
 3.64 2.2394 -0.00838932 -1.67181 0.00152492 -0.118204 -0.009383519999999999
 3.645 2.24003 -0.0103476 -1.67357 0.00137246 -0.118295 -0.00943627
 3.65 2.24126 -0.00716218 -1.67432 0.00146099 -0.118372 -0.00953816
 3.655 2.24183 -0.00915677 -1.67582 0.00131291 -0.118453 -0.009590939999999999
 3.66 2.24299 -0.00601938 -1.67633 0.00140506 -0.118521 -0.00969267
 3.665 2.23931 -0.00530094 -1.66884 0.00097275 -0.118158 -0.009764220000000001
 3.67 1.91858 0.199437 -0.995133 -0.0213663 -0.0845653 -0.0105826
 3.675 0.926389 0.820816 1.08394 -0.0906994 0.0192776 -0.0129335
 3.68 0.0627397 1.22575 2.33455 -0.122841 0.0869784 -0.0294707
 3.685 -1.92983 2.06327 4.87958 -0.179881 0.23003 -0.0752034
 3.69 -2.12045 2.22208 5.43256 -0.201311 0.256126 -0.07229140000000001
 3.695 -2.70914 2.63646 6.82134 -0.249985 0.324842 -0.0704987
 3.7 -2.61411 2.63409 6.89959 -0.258554 0.325587 -0.0623938
 3.705 -2.47566 2.66968 7.18362 -0.279247 0.334157 -0.0449749
 3.71 -2.1368 2.46511 6.53439 -0.259421 0.300464 -0.0424667
 3.715 -1.81538 2.28248 5.93249 -0.240477 0.269714 -0.0401768
 3.72 -1.94759 2.39422 6.16504 -0.246758 0.28102 -0.045421
 3.725 -2.91662 3.0786 7.96902 -0.299145 0.372778 -0.065132
 3.73 -2.98698 3.13748 8.087109999999999 -0.302607 0.378268 -0.0683356


