# Created by Octave 3.8.2, Mon May 25 09:46:42 2015 CST <waldronluo@Debian>
# name: approachSig
# type: matrix
# rows: 863
# columns: 7
 0 0.0375657 -0.00170152 -0.0284831 4.31391e-06 -0.00180521 8.30314e-05
 0.005 0.185079 -0.00838305 -0.140331 2.12538e-05 -0.00889393 0.00040908
 0.01 0.321796 -0.0145756 -0.243993 3.69539e-05 -0.0154638 0.000711265
 0.015 0.448506 -0.0203148 -0.340067 5.15048e-05 -0.0215529 0.0009913330000000001
 0.02 0.565943 -0.025634 -0.42911 6.49904e-05 -0.0271963 0.0012509
 0.025 0.6747840000000001 -0.0305639 -0.511635 7.748809999999999e-05 -0.0324267 0.00149147
 0.03 0.77566 -0.0351329 -0.58812 8.907010000000001e-05 -0.0372743 0.00171443
 0.035 0.869153 -0.0393675 -0.659006 9.980280000000001e-05 -0.0417671 0.00192107
 0.04 0.955803 -0.0432921 -0.724703 0.000109748 -0.0459311 0.00211258
 0.045 1.03611 -0.0469294 -0.785591 0.000118963 -0.0497904 0.00229008
 0.05 1.11054 -0.0503004 -0.842022 0.000127502 -0.0533674 0.00245457
 0.055 1.17953 -0.0534246 -0.894321 0.000135412 -0.0566825 0.00260703
 0.06 1.24347 -0.0563201 -0.94279 0.00014274 -0.0597551 0.00274832
 0.065 1.30272 -0.0590036 -0.987711 0.000149528 -0.06260300000000001 0.00287926
 0.07000000000000001 1.35765 -0.0614906 -1.02934 0.000155814 -0.06524240000000001 0.00300061
 0.075 1.40855 -0.0637955 -1.06793 0.000161637 -0.06768879999999999 0.00311308
 0.08 1.45573 -0.06593160000000001 -1.10368 0.000167028 -0.0699562 0.0032173
 0.08500000000000001 1.49945 -0.0679112 -1.13682 0.000172019 -0.07205780000000001 0.00331389
 0.09 1.53998 -0.0697459 -1.16753 0.00017664 -0.07400569999999999 0.0034034
 0.095 1.57754 -0.0714461 -1.19599 0.000180916 -0.07581110000000001 0.00348635
 0.1 1.61236 -0.07302169999999999 -1.22236 0.000184873 -0.0774846 0.00356322
 0.105 1.64463 -0.0744819 -1.24681 0.000188533 -0.0790357 0.00363445
 0.11 1.67454 -0.0758351 -1.26945 0.000191918 -0.0804734 0.00370046
 0.115 1.70226 -0.07708909999999999 -1.29044 0.000195048 -0.081806 0.00376163
 0.12 1.72795 -0.0782511 -1.30989 0.000197941 -0.0830413 0.0038183
 0.125 1.75177 -0.07932790000000001 -1.32792 0.000200615 -0.08418639999999999 0.00387082
 0.13 1.77384 -0.0803257 -1.34462 0.000203084 -0.0852478 0.00391948
 0.135 1.7943 -0.0812504 -1.36009 0.000205363 -0.08623169999999999 0.00396456
 0.14 1.81327 -0.0821071 -1.37443 0.000207466 -0.08714379999999999 0.00400633
 0.145 1.83085 -0.082901 -1.38771 0.000209406 -0.08798930000000001 0.00404503
 0.15 1.84714 -0.0836365 -1.40002 0.000211194 -0.0887732 0.00408088
 0.155 1.86225 -0.084318 -1.41143 0.000212841 -0.08949989999999999 0.00411409
 0.16 1.87625 -0.08494939999999999 -1.42199 0.000214357 -0.09017360000000001 0.00414485
 0.165 1.88772 -0.08423460000000001 -1.434 0.000276399 -0.0908017 0.00416415
 0.17 1.90006 -0.084838 -1.44324 0.000274529 -0.0913934 0.00418954
 0.175 1.91144 -0.0854105 -1.45173 0.000271934 -0.0919411 0.00421259
 0.18 1.92191 -0.08593290000000001 -1.45953 0.000269852 -0.09244620000000001 0.0042339
 0.185 1.93161 -0.0864168 -1.46675 0.000267911 -0.0929146 0.00425363
 0.19 1.94061 -0.0868651 -1.47345 0.000266099 -0.0933489 0.0042719
 0.195 1.94895 -0.0872802 -1.47964 0.000264407 -0.0937518 0.00428881
 0.2 1.95669 -0.0876647 -1.48538 0.000262826 -0.0941254 0.00430447
 0.205 1.96386 -0.0880208 -1.49069 0.000261346 -0.094472 0.00431896
 0.21 1.97051 -0.0883505 -1.49561 0.000259961 -0.0947935 0.00433236
 0.215 1.97668 -0.08865580000000001 -1.50016 0.000258663 -0.0950918 0.00434476
 0.22 1.9824 -0.0889384 -1.50438 0.000257445 -0.0953686 0.00435623
 0.225 1.98613 -0.0878582 -1.51058 0.000319253 -0.0956288 0.0043577
 0.23 1.99135 -0.0881661 -1.51435 0.000314826 -0.09587950000000001 0.00436654
 0.235 1.99615 -0.0884645 -1.51776 0.000309865 -0.0961113 0.00437424
 0.24 2.00051 -0.0887328 -1.52086 0.000305586 -0.0963236 0.00438132
 0.245 2.00456 -0.08898109999999999 -1.52373 0.000301605 -0.0965208 0.00438786
 0.25 2.00832 -0.0892109 -1.52638 0.000297898 -0.0967039 0.00439389
 0.255 2.0118 -0.0894235 -1.52883 0.000294446 -0.096874 0.00439946
 0.26 2.01504 -0.08962009999999999 -1.5311 0.00029123 -0.09703199999999999 0.00440459
 0.265 2.01804 -0.08980200000000001 -1.53319 0.000288232 -0.0971788 0.00440931
 0.27 2.02083 -0.0899702 -1.53512 0.000285436 -0.0973152 0.00441366
 0.275 2.02171 -0.088685 -1.53939 0.00035078 -0.0974457 0.00440822
 0.28 2.02445 -0.0889011 -1.54121 0.000344659 -0.0975771 0.00441089
 0.285 2.02693 -0.08911479999999999 -1.54281 0.000338086 -0.0976981 0.00441282
 0.29 2.02914 -0.0893037 -1.54422 0.000332345 -0.09780759999999999 0.00441454
 0.295 2.0312 -0.0894784 -1.54552 0.000327006 -0.0979095 0.0044161
 0.3 2.03311 -0.08963980000000001 -1.54671 0.000322038 -0.0980043 0.00441751
 0.305 2.03488 -0.08978899999999999 -1.54781 0.000317414 -0.0980927 0.00441879
 0.31 2.03653 -0.0899268 -1.54882 0.000313109 -0.098175 0.00441995
 0.315 2.03643 -0.0886783 -1.55214 0.000374337 -0.0982551 0.00441233
 0.32 2.03817 -0.08886520000000001 -1.55315 0.000367056 -0.0983393 0.00441229
 0.325 2.03974 -0.08905150000000001 -1.55401 0.000359433 -0.0984168 0.00441171
 0.33 2.04111 -0.0892155 -1.55474 0.000352697 -0.0984862 0.0044111
 0.335 2.04238 -0.0893669 -1.5554 0.000346432 -0.098551 0.0044105
 0.34 2.04357 -0.0895068 -1.55601 0.000340605 -0.09861159999999999 0.00440991
 0.345 2.04467 -0.0896359 -1.55656 0.000335183 -0.0986682 0.00440932
 0.35 2.04409 -0.0884089 -1.55941 0.000394298 -0.0987244 0.00440062
 0.355 2.04536 -0.0885872 -1.56002 0.000386101 -0.09878629999999999 0.00439909
 0.36 2.04649 -0.08876530000000001 -1.56051 0.000377637 -0.09884320000000001 0.00439713
 0.365 2.04746 -0.08892170000000001 -1.5609 0.000370113 -0.0988937 0.00439523
 0.37 2.04836 -0.0890662 -1.56125 0.000363117 -0.098941 0.00439343
 0.375 2.0492 -0.0891995 -1.56156 0.000356611 -0.0989853 0.00439173
 0.38 2.04999 -0.0893225 -1.56184 0.000350558 -0.099027 0.00439011
 0.385 2.04897 -0.0879755 -1.56464 0.000414914 -0.0990697 0.00438014
 0.39 2.05001 -0.0881557 -1.56504 0.000405803 -0.0991204 0.00437763
 0.395 2.05091 -0.0883361 -1.56532 0.000396432 -0.0991667 0.00437469
 0.4 2.05166 -0.08849369999999999 -1.5655 0.000388112 -0.0992068 0.00437187
 0.405 2.05235 -0.088639 -1.56565 0.000380378 -0.0992446 0.00436922
 0.41 2.05301 -0.08877309999999999 -1.56579 0.000373186 -0.0992801 0.00436672
 0.415 2.05196 -0.08752459999999999 -1.56831 0.000432625 -0.099317 0.00435683
 0.42 2.05285 -0.0877096 -1.56857 0.000422752 -0.09936159999999999 0.0043536
 0.425 2.05363 -0.08789420000000001 -1.56872 0.000412707 -0.0994023 0.00435002
 0.43 2.05427 -0.0880561 -1.56879 0.000403735 -0.0994377 0.00434661
 0.435 2.05487 -0.08820550000000001 -1.56884 0.000395395 -0.09947110000000001 0.0043434
 0.44 2.05544 -0.0883433 -1.56888 0.00038764 -0.0995027 0.00434038
 0.445 2.05421 -0.0870272 -1.57146 0.000450355 -0.09953620000000001 0.00433001
 0.45 2.05506 -0.08722009999999999 -1.57164 0.000439751 -0.0995784 0.00432628
 0.455 2.05578 -0.0874124 -1.57173 0.000428987 -0.09961680000000001 0.00432217
 0.46 2.05637 -0.08758059999999999 -1.57172 0.000419378 -0.09964969999999999 0.00431826
 0.465 2.05691 -0.08773590000000001 -1.5717 0.000410447 -0.0996809 0.00431459
 0.47 2.05743 -0.087879 -1.57168 0.000402145 -0.0997104 0.00431114
 0.475 2.05605 -0.0864844 -1.57436 0.000468836 -0.09974230000000001 0.00430039
 0.48 2.05689 -0.0866874 -1.57451 0.000457466 -0.0997841 0.00429621
 0.485 2.05759 -0.0868896 -1.57454 0.000445945 -0.0998218 0.00429163
 0.49 2.05815 -0.08706609999999999 -1.57449 0.000435672 -0.09985380000000001 0.00428727
 0.495 2.05867 -0.087229 -1.57442 0.000426125 -0.0998841 0.00428317
 0.5 2.05749 -0.08601830000000001 -1.57678 0.000483968 -0.09991609999999999 0.00427304
 0.505 2.05828 -0.08622879999999999 -1.57687 0.000471988 -0.09995660000000001 0.0042684
 0.51 2.05896 -0.086437 -1.57686 0.000459971 -0.0999935 0.00426346
 0.515 2.05951 -0.0866205 -1.57678 0.000449178 -0.100025 0.00425876
 0.52 2.06003 -0.0867898 -1.57668 0.00043915 -0.100056 0.00425436
 0.525 2.05878 -0.0855525 -1.57909 0.000498514 -0.100088 0.00424419
 0.53 2.05959 -0.085771 -1.57916 0.000485986 -0.100129 0.00423924
 0.535 2.06027 -0.0859868 -1.57913 0.000473436 -0.100166 0.00423398
 0.54 2.06082 -0.0861769 -1.57903 0.000462166 -0.100198 0.00422898
 0.545 2.06134 -0.08635230000000001 -1.57891 0.000451695 -0.100229 0.00422429
 0.55 2.06003 -0.0850704 -1.5814 0.000513536 -0.100261 0.00421407
 0.555 2.06085 -0.0852976 -1.58147 0.000500433 -0.100303 0.00420883
 0.5600000000000001 2.06155 -0.085522 -1.58143 0.000487317 -0.100342 0.00420325
 0.5649999999999999 2.06211 -0.0857194 -1.5813 0.000475548 -0.100374 0.00419794
 0.57 2.06264 -0.0859014 -1.58117 0.000464614 -0.100405 0.00419296
 0.575 2.06125 -0.08457580000000001 -1.58375 0.0005289510000000001 -0.100439 0.00418275
 0.58 2.06211 -0.0848124 -1.58381 0.000515252 -0.100482 0.00417722
 0.585 2.06282 -0.0850458 -1.58376 0.000501549 -0.100521 0.00417131
 0.59 2.06339 -0.0852509 -1.58363 0.00048926 -0.100555 0.00416569
 0.595 2.06393 -0.0854401 -1.58348 0.000477846 -0.100586 0.00416041
 0.6 2.06249 -0.08407340000000001 -1.58615 0.000544612 -0.100621 0.00415028
 0.605 2.06337 -0.0843197 -1.58621 0.000530302 -0.100666 0.00414444
 0.61 2.06411 -0.0845624 -1.58616 0.0005159989999999999 -0.100706 0.0041382
 0.615 2.06469 -0.0847757 -1.58601 0.00050318 -0.10074 0.00413226
 0.62 2.06358 -0.0836751 -1.58823 0.000556793 -0.100776 0.00412274
 0.625 2.06442 -0.0839274 -1.58824 0.0005420069999999999 -0.10082 0.00411647
 0.63 2.06514 -0.08417429999999999 -1.58815 0.000527377 -0.10086 0.00410995
 0.635 2.06574 -0.0843936 -1.58799 0.000514161 -0.100895 0.00410377
 0.64 2.06463 -0.08329789999999999 -1.59023 0.000567799 -0.100932 0.00409441
 0.645 2.06548 -0.08355600000000001 -1.59023 0.000552636 -0.100976 0.00408792
 0.65 2.06622 -0.0838082 -1.59014 0.0005376480000000001 -0.101017 0.00408118
 0.655 2.06683 -0.0840323 -1.58997 0.000524106 -0.101053 0.00407479
 0.66 2.06569 -0.08291709999999999 -1.59226 0.000579035 -0.10109 0.00406556
 0.665 2.06656 -0.0831812 -1.59226 0.00056348 -0.101136 0.00405886
 0.67 2.06732 -0.08343929999999999 -1.59216 0.000548107 -0.101178 0.00405189
 0.675 2.06794 -0.08366850000000001 -1.59199 0.000534222 -0.101214 0.00404528
 0.68 2.06677 -0.082533 -1.59433 0.000590515 -0.101252 0.00403622
 0.6850000000000001 2.06766 -0.0828035 -1.59433 0.000574549 -0.101299 0.0040293
 0.6899999999999999 2.06844 -0.0830678 -1.59424 0.000558772 -0.101342 0.00402209
 0.695 2.06907 -0.0833024 -1.59406 0.0005445270000000001 -0.101379 0.00401524
 0.7 2.06787 -0.08214780000000001 -1.59645 0.000602144 -0.101418 0.00400637
 0.705 2.06879 -0.082425 -1.59646 0.000585751 -0.101466 0.00399921
 0.71 2.06958 -0.0826957 -1.59636 0.000569556 -0.101509 0.00399175
 0.715 2.07022 -0.082936 -1.59618 0.000554938 -0.101547 0.00398467
 0.72 2.06899 -0.08176369999999999 -1.59862 0.000613833 -0.101587 0.00397601
 0.725 2.06993 -0.0820477 -1.59862 0.000597004 -0.101636 0.00396861
 0.73 2.07074 -0.0823251 -1.59852 0.000580383 -0.101681 0.00396089
 0.735 2.0714 -0.08257100000000001 -1.59834 0.000565385 -0.101719 0.00395356
 0.74 2.07014 -0.0813826 -1.60083 0.00062551 -0.10176 0.00394514
 0.745 2.0711 -0.0816735 -1.60084 0.00060824 -0.10181 0.0039375
 0.75 2.07193 -0.0819574 -1.60074 0.000591188 -0.101855 0.00392952
 0.755 2.0726 -0.0822092 -1.60054 0.000575805 -0.101895 0.00392193
 0.76 2.07132 -0.08100590000000001 -1.60309 0.000637118 -0.101936 0.00391378
 0.765 2.0723 -0.08130370000000001 -1.6031 0.000619404 -0.101987 0.0039059
 0.77 2.07314 -0.08159429999999999 -1.60299 0.000601919 -0.102034 0.00389765
 0.775 2.07382 -0.0818518 -1.60279 0.000586149 -0.102074 0.0038898
 0.78 2.07251 -0.0806351 -1.60539 0.000648608 -0.102116 0.00388195
 0.785 2.07352 -0.0809397 -1.6054 0.00063045 -0.102168 0.00387382
 0.79 2.07438 -0.0812369 -1.60529 0.0006125320000000001 -0.102215 0.00386529
 0.795 2.07507 -0.08150019999999999 -1.60509 0.000596376 -0.102256 0.00385719
 0.8 2.07374 -0.08027140000000001 -1.60773 0.000659938 -0.102299 0.00384967
 0.805 2.07476 -0.0805828 -1.60774 0.000641339 -0.102352 0.00384128
 0.8100000000000001 2.07564 -0.0808865 -1.60763 0.00062299 -0.1024 0.00383248
 0.8149999999999999 2.07634 -0.08115559999999999 -1.60742 0.000606448 -0.102442 0.00382411
 0.82 2.07498 -0.0799158 -1.61011 0.000671073 -0.102485 0.00381696
 0.825 2.07603 -0.080234 -1.61012 0.000652036 -0.102539 0.00380831
 0.83 2.07692 -0.08054409999999999 -1.61001 0.000633258 -0.102589 0.00379924
 0.835 2.07764 -0.0808189 -1.60979 0.000616334 -0.102631 0.0037906
 0.84 2.07625 -0.0795695 -1.61252 0.000681981 -0.102675 0.00378384
 0.845 2.07732 -0.0798943 -1.61254 0.000662509 -0.10273 0.00377494
 0.85 2.07822 -0.0802108 -1.61242 0.000643308 -0.10278 0.00376559
 0.855 2.07895 -0.0804911 -1.61221 0.000626004 -0.102823 0.00375669
 0.86 2.07754 -0.0792334 -1.61498 0.000692633 -0.102867 0.00375034
 0.865 2.07863 -0.0795646 -1.61499 0.000672732 -0.102924 0.00374118
 0.87 2.07955 -0.07988729999999999 -1.61488 0.0006531109999999999 -0.102974 0.00373155
 0.875 2.08029 -0.0801731 -1.61466 0.000635432 -0.103018 0.00372239
 0.88 2.07886 -0.0789083 -1.61747 0.000703002 -0.103063 0.00371649
 0.885 2.07996 -0.07924589999999999 -1.61748 0.000682677 -0.10312 0.00370708
 0.89 2.08089 -0.0795747 -1.61737 0.000662643 -0.103172 0.00369717
 0.895 2.07996 -0.0786742 -1.61951 0.000710533 -0.103218 0.00369029
 0.9 2.08098 -0.07901519999999999 -1.61945 0.000689845 -0.103273 0.00368029
 0.905 2.08188 -0.0793447 -1.6193 0.000669674 -0.103323 0.00367011
 0.91 2.08264 -0.0796398 -1.61908 0.000651354 -0.103368 0.00366049
 0.915 2.08122 -0.07839989999999999 -1.62188 0.000718558 -0.103414 0.00365536
 0.92 2.08234 -0.0787458 -1.6219 0.000697638 -0.103473 0.00364554
 0.925 2.08329 -0.0790824 -1.62178 0.000677038 -0.103525 0.00363521
 0.93 2.08234 -0.07818 -1.62397 0.00072582 -0.103572 0.00362895
 0.9350000000000001 2.08339 -0.0785295 -1.62391 0.000704534 -0.103628 0.00361854
 0.9399999999999999 2.08431 -0.0788671 -1.62375 0.000683783 -0.10368 0.00360793
 0.945 2.08339 -0.077996 -1.6259 0.000731153 -0.103728 0.00360182
 0.95 2.08444 -0.0783478 -1.62584 0.000709674 -0.103784 0.00359124
 0.955 2.08536 -0.07868749999999999 -1.62568 0.000688755 -0.103835 0.00358049
 0.96 2.08444 -0.0778179 -1.62784 0.000736393 -0.103884 0.00357468
 0.965 2.0855 -0.0781722 -1.62778 0.000714724 -0.10394 0.00356396
 0.97 2.08643 -0.0785141 -1.62762 0.00069362 -0.103992 0.00355306
 0.975 2.0855 -0.0776439 -1.6298 0.000741661 -0.104041 0.00354758
 0.98 2.08656 -0.0780008 -1.62973 0.00071979 -0.104098 0.00353671
 0.985 2.0875 -0.0783454 -1.62958 0.000698486 -0.10415 0.00352564
 0.99 2.08656 -0.0774749 -1.63177 0.000746914 -0.104199 0.00352049
 0.995 2.08763 -0.07783470000000001 -1.63171 0.000724829 -0.104256 0.00350946
 1 2.08858 -0.078182 -1.63155 0.0007033160000000001 -0.104308 0.00349824
 1.005 2.08763 -0.07731200000000001 -1.63377 0.000752101 -0.104358 0.00349341
 1.01 2.08871 -0.0776747 -1.63371 0.000729794 -0.104415 0.00348222
 1.015 2.08966 -0.07802489999999999 -1.63355 0.000708064 -0.104468 0.00347083
 1.02 2.08871 -0.077156 -1.63578 0.000757178 -0.104518 0.00346633
 1.025 2.0898 -0.0775217 -1.63571 0.000734645 -0.104576 0.00345498
 1.03 2.09075 -0.07787479999999999 -1.63556 0.000712694 -0.104629 0.00344341
 1.035 2.08979 -0.0770076 -1.6378 0.00076211 -0.104679 0.00343925
 1.04 2.09089 -0.0773764 -1.63774 0.000739348 -0.104737 0.00342773
 1.045 2.09185 -0.07773239999999999 -1.63758 0.000717174 -0.10479 0.00341598
 1.05 2.09088 -0.0768674 -1.63983 0.000766867 -0.10484 0.00341216
 1.055 2.09198 -0.0772393 -1.63977 0.0007438739999999999 -0.104899 0.00340047
 1.06 2.09295 -0.07759820000000001 -1.63962 0.000721476 -0.104953 0.00338855
 1.065 2.09198 -0.076736 -1.64188 0.000771424 -0.105003 0.00338507
 1.07 2.09308 -0.0771109 -1.64182 0.000748201 -0.105062 0.00337321
 1.075 2.09406 -0.07747279999999999 -1.64166 0.00072558 -0.105116 0.00336111
 1.08 2.09308 -0.0766139 -1.64394 0.000775759 -0.105166 0.00335799
 1.085 2.09419 -0.0769918 -1.64388 0.000752308 -0.105226 0.00334595
 1.09 2.09517 -0.07735649999999999 -1.64372 0.000729465 -0.10528 0.00333367
 1.095 2.09418 -0.0765014 -1.64601 0.000779854 -0.105331 0.00333091
 1.1 2.0953 -0.0768822 -1.64595 0.000756177 -0.10539 0.00331871
 1.105 2.09628 -0.0772497 -1.64579 0.000733115 -0.105444 0.00330625
 1.11 2.09529 -0.07639890000000001 -1.64809 0.000783693 -0.105495 0.00330385
 1.115 2.09641 -0.07678260000000001 -1.64803 0.0007597940000000001 -0.105555 0.00329148
 1.12 2.0974 -0.07715279999999999 -1.64787 0.000736517 -0.10561 0.00327884
 1.125 2.0964 -0.07630670000000001 -1.65018 0.000787263 -0.105661 0.00327682
 1.13 2.09753 -0.0766931 -1.65012 0.000763146 -0.105721 0.00326427
 1.135 2.09852 -0.0770661 -1.64995 0.000739657 -0.105776 0.00325147
 1.14 2.09752 -0.076225 -1.65227 0.000790552 -0.105827 0.00324981
 1.145 2.09865 -0.07661419999999999 -1.65221 0.000766221 -0.105887 0.0032371
 1.15 2.09964 -0.07698969999999999 -1.65205 0.000742525 -0.105942 0.00322412
 1.155 2.09863 -0.07615420000000001 -1.65437 0.0007935489999999999 -0.105993 0.00322285
 1.16 2.09977 -0.0765459 -1.65431 0.00076901 -0.106054 0.00320997
 1.165 2.10077 -0.0769239 -1.65415 0.000745112 -0.106109 0.00319683
 1.17 2.09975 -0.0760943 -1.65648 0.000796244 -0.10616 0.00319594
 1.175 2.10089 -0.0764885 -1.65642 0.000771503 -0.106221 0.0031829
 1.18 2.10189 -0.0768689 -1.65625 0.000747409 -0.106276 0.00316959
 1.185 2.10088 -0.0760456 -1.65859 0.00079863 -0.106327 0.00316909
 1.19 2.10202 -0.0764422 -1.65853 0.000773693 -0.106388 0.00315589
 1.195 2.10302 -0.0768249 -1.65836 0.000749409 -0.106443 0.00314242
 1.2 2.102 -0.0760083 -1.6607 0.000800699 -0.106495 0.00314231
 1.205 2.10314 -0.07640719999999999 -1.66064 0.000775572 -0.106556 0.00312896
 1.21 2.10415 -0.076792 -1.66047 0.0007511040000000001 -0.106611 0.00311532
 1.215 2.10312 -0.07598249999999999 -1.66282 0.000802445 -0.106663 0.00311561
 1.22 2.10427 -0.07638349999999999 -1.66276 0.000777134 -0.106723 0.00310211
 1.225 2.10528 -0.0767704 -1.66259 0.0007524880000000001 -0.106779 0.00308832
 1.23 2.10425 -0.0759682 -1.66494 0.000803861 -0.10683 0.003089
 1.235 2.10539 -0.0763713 -1.66487 0.000778374 -0.106891 0.00307535
 1.24 2.1064 -0.0767601 -1.66471 0.000753557 -0.106947 0.00306141
 1.245 2.10537 -0.0759657 -1.66706 0.000804942 -0.106999 0.0030625
 1.25 2.10652 -0.0763706 -1.66699 0.000779286 -0.10706 0.0030487
 1.255 2.10753 -0.0767612 -1.66683 0.000754305 -0.107115 0.00303461
 1.26 2.10649 -0.0759749 -1.66918 0.000805683 -0.107167 0.0030361
 1.265 2.10764 -0.07638159999999999 -1.66911 0.000779865 -0.107228 0.00302217
 1.27 2.10865 -0.07677390000000001 -1.66894 0.000754727 -0.107283 0.00300794
 1.275 2.10762 -0.07599590000000001 -1.67129 0.000806079 -0.107335 0.00300983
 1.28 2.10877 -0.07640420000000001 -1.67123 0.000780108 -0.107396 0.00299576
 1.285 2.10978 -0.07679809999999999 -1.67106 0.000754821 -0.107451 0.00298139
 1.29 2.10874 -0.07602879999999999 -1.67341 0.000806128 -0.107503 0.00298369
 1.295 2.10989 -0.0764386 -1.67335 0.0007800110000000001 -0.107564 0.00296949
 1.3 2.1109 -0.076834 -1.67318 0.000754583 -0.107619 0.00295498
 1.305 2.10986 -0.07607360000000001 -1.67553 0.000805826 -0.107671 0.00295769
 1.31 2.111 -0.07648480000000001 -1.67547 0.00077957 -0.107732 0.00294336
 1.315 2.11201 -0.07688150000000001 -1.6753 0.000754008 -0.107787 0.00292873
 1.32 2.11097 -0.0761303 -1.67764 0.000805169 -0.107838 0.00293184
 1.325 2.11212 -0.07654270000000001 -1.67758 0.000778784 -0.107899 0.00291739
 1.33 2.11313 -0.0769406 -1.67741 0.000753096 -0.107954 0.00290263
 1.335 2.11209 -0.0761989 -1.67975 0.000804155 -0.108006 0.00290615
 1.34 2.11323 -0.0766124 -1.67969 0.000777649 -0.108066 0.00289158
 1.345 2.11424 -0.0770113 -1.67951 0.000751845 -0.108122 0.0028767
 1.35 2.1132 -0.0762794 -1.68185 0.0008027829999999999 -0.108173 0.00288062
 1.355 2.11434 -0.0766939 -1.68179 0.000776164 -0.108233 0.00286594
 1.36 2.11535 -0.0770937 -1.68162 0.000750251 -0.108288 0.00285095
 1.365 2.11431 -0.0763717 -1.68395 0.00080105 -0.10834 0.00285528
 1.37 2.11545 -0.07678699999999999 -1.68389 0.000774328 -0.1084 0.00284049
 1.375 2.11645 -0.0771876 -1.68371 0.000748315 -0.108455 0.00282539
 1.38 2.11541 -0.0764758 -1.68604 0.000798955 -0.108506 0.00283011
 1.385 2.11655 -0.0768918 -1.68598 0.000772139 -0.108566 0.00281522
 1.39 2.11755 -0.077293 -1.68581 0.000746035 -0.108621 0.00280003
 1.395 2.11651 -0.0765916 -1.68813 0.000796499 -0.108672 0.00280514
 1.4 2.11764 -0.0770081 -1.68806 0.000769597 -0.108732 0.00279016
 1.405 2.11864 -0.0774098 -1.68789 0.000743411 -0.108786 0.00277487
 1.41 2.1176 -0.076719 -1.6902 0.000793679 -0.108837 0.00278037
 1.415 2.11873 -0.07713589999999999 -1.69014 0.000766702 -0.108897 0.0027653
 1.42 2.11973 -0.077538 -1.68996 0.000740442 -0.108951 0.00274992
 1.425 2.11869 -0.076858 -1.69227 0.000790497 -0.109001 0.00275581
 1.43 2.11982 -0.0772751 -1.6922 0.000763454 -0.109061 0.00274065
 1.435 2.12081 -0.07767739999999999 -1.69203 0.00073713 -0.109115 0.00272519
 1.44 2.11978 -0.0770084 -1.69433 0.000786953 -0.109165 0.00273146
 1.445 2.1209 -0.0774256 -1.69426 0.000759853 -0.109224 0.00271623
 1.45 2.12188 -0.07782790000000001 -1.69409 0.000733475 -0.109278 0.00270069
 1.455 2.12085 -0.07717010000000001 -1.69637 0.000783047 -0.109328 0.00270734
 1.46 2.12197 -0.0775872 -1.6963 0.000755902 -0.109387 0.00269203
 1.465 2.12295 -0.0779894 -1.69613 0.000729479 -0.109441 0.00267642
 1.47 2.12192 -0.07734290000000001 -1.69841 0.000778782 -0.109491 0.00268344
 1.475 2.12303 -0.0777598 -1.69834 0.0007515999999999999 -0.109549 0.00266807
 1.48 2.12401 -0.0781618 -1.69817 0.000725142 -0.109603 0.0026524
 1.485 2.12299 -0.0775267 -1.70043 0.0007741580000000001 -0.109652 0.00265978
 1.49 2.12409 -0.0779432 -1.70036 0.00074695 -0.10971 0.00264435
 1.495 2.12507 -0.07834480000000001 -1.70019 0.000720467 -0.109763 0.00262862
 1.5 2.12405 -0.07772129999999999 -1.70244 0.000769178 -0.109813 0.00263636
 1.505 2.12514 -0.0781372 -1.70237 0.000741954 -0.109871 0.00262088
 1.51 2.12611 -0.07853830000000001 -1.7022 0.000715457 -0.109923 0.0026051
 1.515 2.1251 -0.0779265 -1.70443 0.000763844 -0.109972 0.00261318
 1.52 2.12619 -0.0783417 -1.70437 0.0007366160000000001 -0.11003 0.00259765
 1.525 2.12715 -0.0787421 -1.70419 0.000710113 -0.110082 0.00258184
 1.53 2.12614 -0.07814210000000001 -1.70642 0.00075816 -0.110131 0.00259026
 1.535 2.12722 -0.0785565 -1.70635 0.000730937 -0.110188 0.00257469
 1.54 2.12818 -0.0789561 -1.70618 0.00070444 -0.11024 0.00255885
 1.545 2.12718 -0.0783679 -1.70838 0.000752129 -0.110288 0.00256759
 1.55 2.12825 -0.0787813 -1.70831 0.000724922 -0.110345 0.00255199
 1.555 2.1292 -0.0791799 -1.70814 0.000698442 -0.110397 0.00253612
 1.56 2.1282 -0.0786037 -1.71033 0.0007457539999999999 -0.110444 0.00254518
 1.565 2.12927 -0.0790159 -1.71026 0.000718574 -0.110501 0.00252956
 1.57 2.13021 -0.0794134 -1.71009 0.000692121 -0.110552 0.00251367
 1.575 2.12922 -0.07884919999999999 -1.71226 0.000739039 -0.110599 0.00252304
 1.58 2.13028 -0.0792601 -1.71219 0.000711898 -0.110655 0.0025074
 1.585 2.13121 -0.0796562 -1.71202 0.000685483 -0.110706 0.0024915
 1.59 2.13023 -0.0791041 -1.71418 0.00073199 -0.110753 0.00250117
 1.595 2.13128 -0.0795135 -1.71411 0.000704899 -0.110809 0.00248552
 1.6 2.13221 -0.0799083 -1.71394 0.000678532 -0.110859 0.00246961
 1.605 2.13123 -0.0793683 -1.71608 0.000724612 -0.110906 0.00247956
 1.61 2.13227 -0.079776 -1.716 0.000697581 -0.110961 0.00246392
 1.615 2.13319 -0.0801692 -1.71584 0.000671274 -0.111011 0.00244802
 1.62 2.13222 -0.0796414 -1.71796 0.000716908 -0.111057 0.00245824
 1.625 2.13325 -0.0800473 -1.71788 0.00068995 -0.111112 0.0024426
 1.63 2.13417 -0.0804387 -1.71771 0.000663714 -0.111161 0.00242671
 1.635 2.13495 -0.08078879999999999 -1.71747 0.000639916 -0.111205 0.00241176
 1.64 2.13343 -0.0799883 -1.72027 0.000707419 -0.11125 0.00243103
 1.645 2.13454 -0.0803928 -1.72028 0.000680668 -0.111307 0.00241611
 1.65 2.13548 -0.0807866 -1.72015 0.000654299 -0.111358 0.00240035
 1.655 2.13448 -0.080262 -1.72229 0.000700882 -0.111403 0.00241189
 1.66 2.13549 -0.0806665 -1.72222 0.000673928 -0.111456 0.00239619
 1.665 2.13639 -0.0810568 -1.72205 0.000647669 -0.111505 0.00238022
 1.67 2.13716 -0.0814058 -1.72181 0.000623862 -0.111548 0.00236519
 1.675 2.13567 -0.0806441 -1.72455 0.000689833 -0.111592 0.00238509
 1.68 2.13675 -0.0810459 -1.72456 0.000663152 -0.111648 0.0023701
 1.685 2.13767 -0.0814372 -1.72442 0.000636855 -0.111697 0.00235429
 1.69 2.13842 -0.0817837 -1.72418 0.000613162 -0.111739 0.00233928
 1.695 2.13691 -0.0810216 -1.72694 0.0006800349999999999 -0.111782 0.00236023
 1.7 2.13798 -0.0814226 -1.72695 0.000653365 -0.111838 0.00234523
 1.705 2.13889 -0.08181330000000001 -1.72682 0.000627058 -0.111887 0.00232938
 1.71 2.13964 -0.0821591 -1.72657 0.000603365 -0.111928 0.00231433
 1.715 2.13814 -0.0814197 -1.72929 0.000669267 -0.111971 0.00233555
 1.72 2.13919 -0.08181910000000001 -1.7293 0.000642649 -0.112025 0.00232052
 1.725 2.14009 -0.08220810000000001 -1.72917 0.000616398 -0.112074 0.00230465
 1.73 2.14083 -0.08255270000000001 -1.72892 0.000592751 -0.112115 0.0022896
 1.735 2.13935 -0.0818376 -1.7316 0.000657488 -0.112157 0.00231102
 1.74 2.14039 -0.0822344 -1.7316 0.000630981 -0.11221 0.00229597
 1.745 2.14127 -0.082621 -1.73147 0.000604844 -0.112258 0.00228013
 1.75 2.142 -0.08296340000000001 -1.73123 0.000581293 -0.112298 0.00226511
 1.755 2.14055 -0.0822725 -1.73386 0.000644833 -0.112339 0.00228669
 1.76 2.14156 -0.082666 -1.73385 0.000618488 -0.112392 0.00227168
 1.765 2.14244 -0.0830494 -1.73372 0.000592513 -0.112439 0.0022559
 1.77 2.14315 -0.08338909999999999 -1.73348 0.000569104 -0.112479 0.00224095
 1.775 2.14173 -0.0827219 -1.73606 0.000631426 -0.112519 0.00226266
 1.78 2.14272 -0.0831115 -1.73606 0.000605286 -0.112571 0.00224771
 1.785 2.14358 -0.0834911 -1.73593 0.000579516 -0.112617 0.00223202
 1.79 2.14428 -0.0838276 -1.73569 0.000556286 -0.112656 0.00221716
 1.795 2.14288 -0.0831837 -1.73822 0.000617365 -0.112696 0.00223898
 1.8 2.14386 -0.0835689 -1.73821 0.0005914680000000001 -0.112747 0.00222411
 1.805 2.1447 -0.08394409999999999 -1.73808 0.000565939 -0.112792 0.00220853
 1.81 2.14539 -0.0842769 -1.73785 0.000542922 -0.11283 0.0021938
 1.815 2.14402 -0.0836562 -1.74033 0.000602729 -0.112869 0.00221568
 1.82 2.14497 -0.0840364 -1.74032 0.00057711 -0.112919 0.00220093
 1.825 2.1458 -0.08440690000000001 -1.74018 0.000551855 -0.112963 0.00218549
 1.83 2.14648 -0.08473550000000001 -1.73996 0.000529081 -0.113001 0.00217089
 1.835 2.14514 -0.08413760000000001 -1.74238 0.000587584 -0.113039 0.00219281
 1.84 2.14607 -0.0845125 -1.74237 0.000562273 -0.113088 0.00217818
 1.845 2.14688 -0.0848777 -1.74224 0.000537323 -0.113131 0.0021629
 1.85 2.14755 -0.0852019 -1.74202 0.000514818 -0.113168 0.00214847
 1.855 2.14623 -0.0846266 -1.74439 0.000571986 -0.113206 0.00217037
 1.86 2.14714 -0.08499569999999999 -1.74437 0.000547012 -0.113253 0.00215589
 1.865 2.14793 -0.0853554 -1.74424 0.000522394 -0.113295 0.00214079
 1.87 2.14859 -0.0856748 -1.74402 0.000500185 -0.113332 0.00212654
 1.875 2.14731 -0.0851218 -1.74634 0.000555983 -0.113368 0.00214839
 1.88 2.14819 -0.0854847 -1.74632 0.000531373 -0.113415 0.00213408
 1.885 2.14897 -0.0858385 -1.74619 0.000507112 -0.113456 0.00211917
 1.89 2.14961 -0.0861528 -1.74598 0.000485223 -0.113492 0.00210512
 1.895 2.14836 -0.0856219 -1.74824 0.000539617 -0.113528 0.00212687
 1.9 2.14922 -0.0859784 -1.74821 0.000515396 -0.113573 0.00211274
 1.905 2.14998 -0.086326 -1.74809 0.000491519 -0.113613 0.00209805
 1.91 2.15061 -0.0866348 -1.74788 0.000469971 -0.113648 0.00208422
 1.915 2.14939 -0.0861258 -1.75008 0.000522927 -0.113683 0.00210582
 1.92 2.15023 -0.0864755 -1.75006 0.00049912 -0.113727 0.00209189
 1.925 2.15097 -0.0868165 -1.74993 0.000475651 -0.113766 0.00207743
 1.93 2.15159 -0.08711960000000001 -1.74973 0.000454466 -0.1138 0.00206383
 1.935 2.1504 -0.08663220000000001 -1.75187 0.000505951 -0.113835 0.00208523
 1.94 2.15122 -0.0869748 -1.75184 0.00048258 -0.113877 0.00207152
 1.945 2.15194 -0.087309 -1.75172 0.000459542 -0.113916 0.00205731
 1.95 2.15254 -0.0876062 -1.75153 0.000438742 -0.113949 0.00204395
 1.955 2.1531 -0.0878785 -1.75133 0.000419563 -0.11398 0.00203155
 1.96 2.15155 -0.0872284 -1.75391 0.000486236 -0.114013 0.00206112
 1.965 2.1524 -0.0875633 -1.75394 0.000463483 -0.114057 0.00204823
 1.97 2.15312 -0.0878931 -1.75385 0.000440775 -0.114095 0.00203439
 1.975 2.1537 -0.0881837 -1.75366 0.000420394 -0.114127 0.00202127
 1.98 2.15425 -0.08845020000000001 -1.75346 0.000401602 -0.114157 0.0020091
 1.985 2.15271 -0.0878187 -1.756 0.000467283 -0.114189 0.00203884
 1.99 2.15354 -0.088147 -1.75603 0.000444946 -0.114231 0.00202614
 1.995 2.15424 -0.08847049999999999 -1.75594 0.000422636 -0.114268 0.00201252
 2 2.15481 -0.08875570000000001 -1.75575 0.000402611 -0.1143 0.00199962
 2.005 2.15534 -0.0890171 -1.75556 0.000384148 -0.114329 0.00198766
 2.01 2.15386 -0.0884211 -1.758 0.0004472 -0.114359 0.0020167
 2.015 2.15465 -0.0887414 -1.75802 0.000425359 -0.1144 0.00200421
 2.02 2.15533 -0.089057 -1.75794 0.00040355 -0.114436 0.00199086
 2.025 2.15587 -0.0893356 -1.75775 0.000383964 -0.114466 0.00197824
 2.03 2.15639 -0.089591 -1.75757 0.000365904 -0.114494 0.00196653
 2.035 2.15497 -0.089031 -1.75991 0.00042615 -0.114524 0.00199474
 2.04 2.15573 -0.089342 -1.75992 0.00040489 -0.114563 0.00198251
 2.045 2.15638 -0.08964859999999999 -1.75983 0.000383667 -0.114597 0.00196948
 2.05 2.15691 -0.0899195 -1.75966 0.000364596 -0.114626 0.0019572
 2.055 2.15741 -0.0901679 -1.75948 0.000347011 -0.114654 0.0019458
 2.06 2.15606 -0.0896431 -1.76171 0.000404409 -0.114682 0.00197311
 2.065 2.15678 -0.0899438 -1.76172 0.0003838 -0.114719 0.00196118
 2.07 2.1574 -0.0902404 -1.76163 0.000363232 -0.114752 0.00194853
 2.075 2.15791 -0.09050279999999999 -1.76147 0.000344739 -0.11478 0.00193663
 2.08 2.15839 -0.0907434 -1.7613 0.000327687 -0.114807 0.00192558
 2.085 2.15884 -0.0909638 -1.76113 0.00031197 -0.114831 0.00191533
 2.09 2.15724 -0.0903322 -1.76365 0.000379875 -0.114858 0.00194883
 2.095 2.15797 -0.0906217 -1.7637 0.000360117 -0.114895 0.00193774
 2.1 2.15858 -0.0909097 -1.76364 0.000340169 -0.114927 0.0019256
 2.105 2.15907 -0.09116249999999999 -1.76348 0.000322324 -0.114954 0.0019141
 2.11 2.15952 -0.0913944 -1.76332 0.000305869 -0.114979 0.00190343
 2.115 2.15995 -0.0916069 -1.76316 0.000290701 -0.115003 0.00189354
 2.12 2.15842 -0.09101330000000001 -1.76556 0.000355504 -0.115028 0.00192604
 2.125 2.1591 -0.09129130000000001 -1.76561 0.000336487 -0.115063 0.00191528
 2.13 2.15969 -0.0915682 -1.76555 0.000317279 -0.115093 0.00190356
 2.135 2.16015 -0.09181159999999999 -1.7654 0.000300086 -0.115119 0.00189249
 2.14 2.16059 -0.0920349 -1.76525 0.000284231 -0.115143 0.00188222
 2.145 2.161 -0.0922395 -1.76509 0.000269615 -0.115165 0.00187269
 2.15 2.15957 -0.0916964 -1.76734 0.00032993 -0.115189 0.00190337
 2.155 2.1602 -0.0919611 -1.76737 0.000311772 -0.115221 0.00189299
 2.16 2.16075 -0.0922249 -1.76731 0.000293441 -0.11525 0.00188178
 2.165 2.16119 -0.09245730000000001 -1.76717 0.000277014 -0.115274 0.00187121
 2.17 2.1616 -0.0926705 -1.76703 0.000261865 -0.115297 0.00186141
 2.175 2.16199 -0.092866 -1.76689 0.000247898 -0.115318 0.00185231
 2.18 2.16236 -0.093045 -1.76674 0.000235028 -0.115338 0.00184388
 2.185 2.16078 -0.09244239999999999 -1.76914 0.000301388 -0.11536 0.00187849
 2.19 2.1614 -0.0926918 -1.7692 0.000284328 -0.115391 0.00186897
 2.195 2.16192 -0.0929426 -1.76915 0.000266922 -0.115419 0.00185841
 2.2 2.16233 -0.0931622 -1.76903 0.000251386 -0.115441 0.00184842
 2.205 2.16272 -0.0933638 -1.7689 0.000237057 -0.115462 0.00183915
 2.21 2.16308 -0.0935487 -1.76877 0.000223845 -0.115482 0.00183056
 2.215 2.16342 -0.0937181 -1.76863 0.000211667 -0.115501 0.00182259
 2.22 2.16197 -0.09317449999999999 -1.77083 0.000272494 -0.115521 0.00185474
 2.225 2.16253 -0.0934074 -1.77088 0.000256511 -0.115549 0.00184571
 2.23 2.16302 -0.093642 -1.77084 0.000240206 -0.115574 0.00183578
 2.235 2.1634 -0.093848 -1.77072 0.000225632 -0.115595 0.00182643
 2.24 2.16376 -0.0940372 -1.77061 0.000212189 -0.115615 0.00181775
 2.245 2.16409 -0.09421069999999999 -1.77049 0.00019979 -0.115633 0.00180971
 2.25 2.16441 -0.0943698 -1.77037 0.000188361 -0.115651 0.00180225
 2.255 2.16471 -0.09451560000000001 -1.77025 0.000177828 -0.115667 0.00179533
 2.26 2.16321 -0.0939551 -1.77246 0.00024038 -0.115685 0.00182904
 2.265 2.16374 -0.0941685 -1.77252 0.000225759 -0.115711 0.00182088
 2.27 2.16418 -0.09438539999999999 -1.77249 0.000210699 -0.115734 0.00181176
 2.275 2.16453 -0.0945752 -1.77239 0.000197275 -0.115753 0.00180317
 2.28 2.16486 -0.0947496 -1.77229 0.000184889 -0.115771 0.0017952
 2.285 2.16516 -0.0949097 -1.77219 0.000173464 -0.115788 0.0017878
 2.29 2.16545 -0.0950566 -1.77208 0.000162927 -0.115803 0.00178095
 2.295 2.16572 -0.0951912 -1.77198 0.000153214 -0.115818 0.00177459
 2.3 2.16597 -0.0953145 -1.77187 0.000144263 -0.115832 0.00176869
 2.305 2.16621 -0.0954274 -1.77177 0.000136017 -0.115845 0.00176322
 2.31 2.16458 -0.0948107 -1.77411 0.000204157 -0.11586 0.00180074
 2.315 2.16506 -0.0950014 -1.77419 0.000191169 -0.115884 0.00179374
 2.32 2.16547 -0.0951984 -1.77419 0.000177542 -0.115905 0.0017856
 2.325 2.16578 -0.0953695 -1.7741 0.000165467 -0.115922 0.00177789
 2.33 2.16606 -0.0955268 -1.77402 0.000154321 -0.115937 0.00177074
 2.335 2.16633 -0.0956714 -1.77393 0.000144034 -0.115952 0.00176411
 2.34 2.16659 -0.09580420000000001 -1.77385 0.000134543 -0.115966 0.00175797
 2.345 2.16682 -0.0959261 -1.77376 0.000125787 -0.115979 0.00175227
 2.35 2.16704 -0.096038 -1.77368 0.000117713 -0.115991 0.00174698
 2.355 2.16725 -0.0961405 -1.77359 0.000110269 -0.116002 0.00174208
 2.36 2.16745 -0.0962345 -1.77351 0.000103407 -0.116013 0.00173753
 2.365 2.16763 -0.0963205 -1.77342 9.70848e-05 -0.116023 0.00173332
 2.37 2.1678 -0.09639929999999999 -1.77334 9.126100000000001e-05 -0.116033 0.00172941
 2.375 2.16613 -0.0957665 -1.77567 0.000160787 -0.116044 0.00176841
 2.38 2.16655 -0.0959276 -1.77577 0.000149903 -0.116065 0.00176275
 2.385 2.1669 -0.0960974 -1.77579 0.000138221 -0.116083 0.00175586
 2.39 2.16715 -0.096244 -1.77573 0.000127929 -0.116096 0.00174934
 2.395 2.16739 -0.09637900000000001 -1.77567 0.000118421 -0.116109 0.00174329
 2.4 2.16761 -0.0965034 -1.77561 0.000109638 -0.116121 0.00173768
 2.405 2.16782 -0.0966178 -1.77555 0.000101525 -0.116132 0.00173248
 2.41 2.16801 -0.0967232 -1.77549 9.40332e-05 -0.116143 0.00172766
 2.415 2.16819 -0.09682010000000001 -1.77543 8.71149e-05 -0.116152 0.00172319
 2.42 2.16836 -0.0969092 -1.77537 8.072709999999999e-05 -0.116162 0.00171905
 2.425 2.16852 -0.0969911 -1.77531 7.483e-05 -0.11617 0.00171521
 2.43 2.16867 -0.0970665 -1.77526 6.93862e-05 -0.116178 0.00171164
 2.435 2.16881 -0.09713579999999999 -1.7752 6.43606e-05 -0.116186 0.00170834
 2.44 2.16894 -0.09719940000000001 -1.77515 5.97229e-05 -0.116193 0.00170528
 2.445 2.16906 -0.09725789999999999 -1.77509 5.54425e-05 -0.1162 0.00170244
 2.45 2.16917 -0.0973116 -1.77504 5.14921e-05 -0.116206 0.0016998
 2.455 2.16928 -0.097361 -1.77499 4.7847e-05 -0.116212 0.00169736
 2.46 2.16938 -0.0974063 -1.77494 4.44837e-05 -0.116217 0.0016951
 2.465 2.16947 -0.0974479 -1.77489 4.13804e-05 -0.116223 0.001693
 2.47 2.16956 -0.09748610000000001 -1.77485 3.85167e-05 -0.116227 0.00169105
 2.475 2.16964 -0.0975212 -1.7748 3.5874e-05 -0.116232 0.00168925
 2.48 2.16971 -0.0975535 -1.77476 3.34349e-05 -0.116236 0.00168758
 2.485 2.16978 -0.09758310000000001 -1.77472 3.11833e-05 -0.11624 0.00168603
 2.49 2.16985 -0.0976104 -1.77468 2.91043e-05 -0.116244 0.00168459
 2.495 2.16991 -0.0976354 -1.77464 2.71839e-05 -0.116248 0.00168326
 2.5 2.16997 -0.0976585 -1.77461 2.54095e-05 -0.116251 0.00168202
 2.505 2.17002 -0.0976798 -1.77457 2.37692e-05 -0.116254 0.00168087
 2.51 2.17007 -0.09769940000000001 -1.77454 2.22514e-05 -0.116257 0.00167981
 2.515 2.17012 -0.0977176 -1.77451 2.08455e-05 -0.116259 0.00167883
 2.52 2.17016 -0.0977345 -1.77449 1.95439e-05 -0.116262 0.00167792
 2.525 2.1702 -0.09775 -1.77446 1.83385e-05 -0.116264 0.00167707
 2.53 2.17024 -0.0977644 -1.77444 1.72227e-05 -0.116266 0.00167629
 2.535 2.17028 -0.0977777 -1.77442 1.61918e-05 -0.116268 0.00167556
 2.54 2.17031 -0.0977899 -1.7744 1.5241e-05 -0.11627 0.00167489
 2.545 2.17035 -0.0978011 -1.77438 1.43661e-05 -0.116272 0.00167427
 2.55 2.17038 -0.0978112 -1.77436 1.3563e-05 -0.116274 0.00167369
 2.555 2.17041 -0.0978205 -1.77434 1.28281e-05 -0.116276 0.00167316
 2.56 2.16894 -0.0964607 -1.77635 0.000111884 -0.11628 0.00170264
 2.565 2.16918 -0.0965874 -1.77647 0.000103827 -0.116292 0.00169921
 2.57 2.16938 -0.0967368 -1.77653 9.43044e-05 -0.116302 0.00169441
 2.575 2.16952 -0.09686450000000001 -1.77654 8.61236e-05 -0.116309 0.00168996
 2.58 2.16965 -0.0969826 -1.77654 7.85591e-05 -0.116316 0.00168583
 2.585 2.16977 -0.0970916 -1.77654 7.15675e-05 -0.116322 0.00168201
 2.59 2.16989 -0.09719220000000001 -1.77655 6.51084e-05 -0.116328 0.00167847
 2.595 2.17001 -0.097285 -1.77655 5.91445e-05 -0.116334 0.0016752
 2.6 2.17012 -0.0973705 -1.77655 5.36413e-05 -0.11634 0.00167217
 2.605 2.17023 -0.0974491 -1.77655 4.85674e-05 -0.116345 0.00166937
 2.61 2.17034 -0.09752139999999999 -1.77655 4.38934e-05 -0.116351 0.00166677
 2.615 2.17045 -0.0975878 -1.77655 3.9591e-05 -0.116356 0.00166437
 2.62 2.17098 -0.0942108 -1.77623 0.000191968 -0.116362 0.00162764
 2.625 2.17109 -0.0944439 -1.77624 0.000178192 -0.11637 0.00162172
 2.63 2.17117 -0.0947127 -1.77623 0.000162463 -0.116376 0.00161509
 2.635 2.17124 -0.0949469 -1.77621 0.00014877 -0.116381 0.00160925
 2.64 2.17132 -0.09516330000000001 -1.7762 0.000136116 -0.116386 0.00160385
 2.645 2.17139 -0.0953629 -1.77618 0.000124427 -0.116391 0.00159885
 2.65 2.17147 -0.0955472 -1.77617 0.000113633 -0.116396 0.00159422
 2.655 2.17214 -0.092239 -1.77564 0.000258263 -0.116402 0.00155086
 2.66 2.17222 -0.0925715 -1.77563 0.000239142 -0.116409 0.00154318
 2.665 2.17227 -0.092931 -1.7756 0.00021852 -0.116415 0.00153498
 2.67 2.17232 -0.0932489 -1.77557 0.000200289 -0.11642 0.00152768
 2.675 2.17237 -0.0935426 -1.77554 0.00018344 -0.116424 0.00152093
 2.68 2.17243 -0.0938137 -1.77552 0.000167873 -0.116429 0.00151468
 2.685 2.17314 -0.0903289 -1.77491 0.000319174 -0.116435 0.00146652
 2.69 2.17321 -0.0907487 -1.7749 0.000295264 -0.116443 0.00145718
 2.695 2.17325 -0.09119240000000001 -1.77486 0.000270011 -0.116449 0.00144738
 2.7 2.17328 -0.0915869 -1.77482 0.00024756 -0.116453 0.00143862
 2.705 2.17333 -0.0919514 -1.77478 0.000226808 -0.116458 0.00143051
 2.71 2.17401 -0.0886033 -1.77416 0.000371096 -0.116464 0.00138122
 2.715 2.17407 -0.0891004 -1.77414 0.000342894 -0.116472 0.00137034
 2.72 2.1741 -0.0896149 -1.77409 0.000313716 -0.116478 0.00135912
 2.725 2.17413 -0.09007510000000001 -1.77404 0.000287622 -0.116483 0.00134905
 2.73 2.17473 -0.0871667 -1.77347 0.000411432 -0.116489 0.00130196
 2.735 2.17478 -0.08772779999999999 -1.77343 0.00037966 -0.116497 0.00128978
 2.74 2.1748 -0.0882965 -1.77337 0.000347471 -0.116503 0.00127745
 2.745 2.17483 -0.08880830000000001 -1.77332 0.000318505 -0.116508 0.00126632
 2.75 2.17548 -0.085705 -1.7727 0.000450485 -0.116515 0.00121556
 2.755 2.17553 -0.0863227 -1.77266 0.000415561 -0.116523 0.00120219
 2.76 2.17555 -0.08694730000000001 -1.7726 0.000380256 -0.11653 0.0011887
 2.765 2.17558 -0.08750960000000001 -1.77253 0.00034847 -0.116535 0.00117651
 2.77 2.17628 -0.0841543 -1.77187 0.000491176 -0.116542 0.00112143
 2.775 2.17634 -0.08483069999999999 -1.77182 0.000452981 -0.116551 0.00110682
 2.78 2.17636 -0.0855138 -1.77175 0.000414404 -0.116559 0.00109209
 2.785 2.17692 -0.082925 -1.77118 0.000521995 -0.116565 0.00104262
 2.79 2.17696 -0.08365549999999999 -1.77112 0.000480771 -0.116574 0.00102688
 2.795 2.17698 -0.08437890000000001 -1.77104 0.000439946 -0.116581 0.00101129
 2.8 2.17756 -0.0817466 -1.77045 0.000549066 -0.116588 0.0009600569999999999
 2.805 2.1776 -0.0825186 -1.77039 0.000505523 -0.116597 0.000943416
 2.81 2.17762 -0.0832816 -1.77031 0.000462484 -0.116605 0.000926974
 2.815 2.17823 -0.080528 -1.76969 0.000576641 -0.116613 0.00087322
 2.82 2.17828 -0.0813417 -1.76962 0.000530771 -0.116622 0.000855673
 2.825 2.1783 -0.0821456 -1.76954 0.00048545 -0.116631 0.000838346
 2.83 2.17893 -0.07926569999999999 -1.76889 0.000604859 -0.116638 0.000781988
 2.835 2.17899 -0.0801222 -1.76882 0.000556604 -0.116649 0.000763508
 2.84 2.17901 -0.080968 -1.76873 0.000508942 -0.116657 0.000745268
 2.845 2.17968 -0.07796400000000001 -1.76805 0.000633504 -0.116665 0.0006863009999999999
 2.85 2.17973 -0.078864 -1.76798 0.000582819 -0.116676 0.000666865
 2.855 2.17976 -0.07975260000000001 -1.76789 0.000532774 -0.116686 0.000647691
 2.86 2.18045 -0.07662720000000001 -1.76718 0.000662371 -0.116694 0.0005861249999999999
 2.865 2.18052 -0.0775714 -1.76711 0.000609224 -0.116706 0.0005657149999999999
 2.87 2.18055 -0.078503 -1.76701 0.000556771 -0.116715 0.000545594
 2.875 2.18127 -0.0752589 -1.76627 0.000691291 -0.116724 0.000481445
 2.88 2.18133 -0.0762475 -1.7662 0.000635667 -0.116736 0.00046005
 2.885 2.18137 -0.07722270000000001 -1.7661 0.00058079 -0.116746 0.000438971
 2.89 2.18211 -0.0738622 -1.76533 0.000720129 -0.116755 0.000372261
 2.895 2.18218 -0.0748955 -1.76525 0.0006620210000000001 -0.116768 0.000349873
 2.9 2.18222 -0.0759142 -1.76515 0.000604718 -0.116779 0.00032783
 2.905 2.18299 -0.0724399 -1.76436 0.0007487769999999999 -0.116788 0.000258586
 2.91 2.18307 -0.07351779999999999 -1.76428 0.000688187 -0.116801 0.0002352
 2.915 2.18362 -0.0714153 -1.76367 0.000769555 -0.116812 0.000176826
 2.92 2.18366 -0.0725391 -1.76357 0.000706395 -0.116824 0.000152482
 2.925 2.18368 -0.07362580000000001 -1.76345 0.000645306 -0.116834 0.000128932
 2.93 2.18447 -0.0701029 -1.76263 0.000790962 -0.116844 5.69946e-05
 2.935 2.18455 -0.0712497 -1.76255 0.000726544 -0.116859 3.20558e-05
 2.94 2.18514 -0.0690534 -1.76191 0.000811506 -0.11687 -2.94896e-05
 2.945 2.18518 -0.0702455 -1.7618 0.000744553 -0.116883 -5.5374e-05
 2.95 2.18574 -0.0681353 -1.76117 0.000825471 -0.116893 -0.000116732
 2.955 2.18579 -0.0693525 -1.76106 0.000757128 -0.116906 -0.000143187
 2.96 2.18636 -0.0672136 -1.76041 0.000839141 -0.116917 -0.000205588
 2.965 2.18641 -0.0684545 -1.7603 0.000769492 -0.11693 -0.000232586
 2.97 2.18699 -0.0662768 -1.75964 0.000853058 -0.116942 -0.000296157
 2.975 2.18704 -0.0675415 -1.75953 0.0007820909999999999 -0.116955 -0.000323706
 2.98 2.18764 -0.06532499999999999 -1.75886 0.000867204 -0.116967 -0.000388456
 2.985 2.1877 -0.0666139 -1.75875 0.000794899 -0.116981 -0.000416565
 2.99 2.1883 -0.06435979999999999 -1.75807 0.000881513 -0.116993 -0.000482494
 2.995 2.18836 -0.0656732 -1.75796 0.000807856 -0.117007 -0.000511169
 3 2.18898 -0.06338240000000001 -1.75727 0.000895923 -0.117019 -0.000578272
 3.005 2.18905 -0.0647205 -1.75715 0.000820905 -0.117034 -0.000607519
 3.01 2.18968 -0.0623941 -1.75645 0.0009103820000000001 -0.117046 -0.000675788
 3.015 2.18975 -0.06375699999999999 -1.75634 0.000833997 -0.117061 -0.000705611
 3.02 2.19039 -0.061396 -1.75562 0.000924843 -0.117074 -0.000775037
 3.025 2.19046 -0.0627837 -1.75551 0.00084709 -0.117089 -0.000805439
 3.03 2.19111 -0.0603891 -1.75478 0.000939267 -0.117102 -0.000876013
 3.035 2.19118 -0.0618016 -1.75467 0.000860147 -0.117117 -0.0009069940000000001
 3.04 2.19184 -0.0593741 -1.75393 0.000953619 -0.11713 -0.0009787050000000001
 3.045 2.19192 -0.0608114 -1.75382 0.000873137 -0.117146 -0.00101027
 3.05 2.19259 -0.058352 -1.75307 0.000967871 -0.117159 -0.0010831
 3.055 2.19267 -0.059814 -1.75295 0.000886033 -0.117175 -0.00111524
 3.06 2.19335 -0.0573235 -1.7522 0.000981996 -0.117189 -0.00118919
 3.065 2.19344 -0.05881 -1.75208 0.000898811 -0.117205 -0.0012219
 3.07 2.19412 -0.0562893 -1.75132 0.0009959719999999999 -0.117219 -0.00129695
 3.075 2.19421 -0.0578001 -1.7512 0.000911452 -0.117235 -0.00133024
 3.08 2.19491 -0.0552499 -1.75042 0.00100978 -0.117249 -0.00140636
 3.085 2.195 -0.0567848 -1.7503 0.000923938 -0.117266 -0.00144022
 3.09 2.1957 -0.054206 -1.74952 0.00102341 -0.11728 -0.00151742
 3.095 2.1958 -0.0557648 -1.7494 0.000936253 -0.117298 -0.00155185
 3.1 2.19651 -0.0531581 -1.7486 0.00103683 -0.117312 -0.00163009
 3.105 2.19661 -0.0547406 -1.74848 0.000948386 -0.117329 -0.00166508
 3.11 2.19733 -0.0521067 -1.74768 0.00105005 -0.117343 -0.00174436
 3.115 2.19743 -0.0537126 -1.74756 0.000960324 -0.117361 -0.00177991
 3.12 2.19815 -0.0510523 -1.74674 0.00106305 -0.117376 -0.0018602
 3.125 2.19826 -0.0526813 -1.74662 0.000972058 -0.117394 -0.00189631
 3.13 2.19899 -0.0499953 -1.7458 0.00107581 -0.117408 -0.0019776
 3.135 2.19909 -0.0516471 -1.74568 0.0009835790000000001 -0.117427 -0.00201425
 3.14 2.19984 -0.0489363 -1.74485 0.00108834 -0.117441 -0.00209652
 3.145 2.19994 -0.0506105 -1.74473 0.000994881 -0.11746 -0.00213372
 3.15 2.20069 -0.0478756 -1.74389 0.00110062 -0.117475 -0.00221695
 3.155 2.2008 -0.0495719 -1.74376 0.00100596 -0.117493 -0.00225469
 3.16 2.20156 -0.0468135 -1.74291 0.00111264 -0.117508 -0.00233885
 3.165 2.20167 -0.0485317 -1.74279 0.0010168 -0.117527 -0.00237712
 3.17 2.20243 -0.0457506 -1.74194 0.00112441 -0.117543 -0.00246221
 3.175 2.20255 -0.0474902 -1.74181 0.00102741 -0.117562 -0.002501
 3.18 2.20332 -0.0446872 -1.74095 0.00113592 -0.117577 -0.00258699
 3.185 2.20344 -0.0464478 -1.74083 0.00103777 -0.117596 -0.0026263
 3.19 2.20421 -0.0436236 -1.73996 0.00114716 -0.117612 -0.00271317
 3.195 2.20433 -0.0454049 -1.73983 0.00104789 -0.117631 -0.00275299
 3.2 2.20511 -0.0425603 -1.73895 0.00115812 -0.117647 -0.00284072
 3.205 2.20523 -0.0443618 -1.73883 0.00105776 -0.117667 -0.00288105
 3.21 2.20602 -0.0414975 -1.73795 0.00116882 -0.117682 -0.00296961
 3.215 2.20614 -0.0433189 -1.73782 0.00106738 -0.117702 -0.00301044
 3.22 2.20694 -0.0404357 -1.73693 0.00117923 -0.117718 -0.00309982
 3.225 2.20706 -0.0422765 -1.73681 0.00107675 -0.117738 -0.00314113
 3.23 2.20786 -0.0393751 -1.73591 0.00118936 -0.117754 -0.00323131
 3.235 2.20799 -0.0412349 -1.73579 0.00108585 -0.117774 -0.0032731
 3.24 2.20879 -0.038316 -1.73488 0.00119921 -0.11779 -0.00336405
 3.245 2.20893 -0.0401945 -1.73476 0.0010947 -0.117811 -0.00340631
 3.25 2.20973 -0.0372589 -1.73385 0.00120878 -0.117826 -0.00349801
 3.255 2.20987 -0.0391555 -1.73373 0.00110329 -0.117847 -0.00354074
 3.26 2.21068 -0.0362041 -1.73281 0.00121805 -0.117863 -0.00363317
 3.265 2.21082 -0.0381184 -1.73269 0.00111161 -0.117884 -0.00367635
 3.27 2.21163 -0.0351518 -1.73176 0.00122704 -0.1179 -0.00376949
 3.275 2.21177 -0.0370834 -1.73164 0.00111967 -0.117921 -0.00381312
 3.28 2.21259 -0.0341023 -1.73071 0.00123573 -0.117937 -0.00390694
 3.285 2.21273 -0.0360508 -1.7306 0.00112746 -0.117959 -0.003951
 3.29 2.21356 -0.0330561 -1.72966 0.00124412 -0.117975 -0.00404549
 3.295 2.2137 -0.0350209 -1.72954 0.00113498 -0.117996 -0.00408998
 3.3 2.21453 -0.0320133 -1.7286 0.00125222 -0.118012 -0.0041851
 3.305 2.21468 -0.0339941 -1.72849 0.00114223 -0.118034 -0.00423001
 3.31 2.21551 -0.0309744 -1.72754 0.00126002 -0.11805 -0.00432575
 3.315 2.21566 -0.0329706 -1.72742 0.00114921 -0.118072 -0.00437106
 3.32 2.21649 -0.0299395 -1.72647 0.00126752 -0.118088 -0.0044674
 3.325 2.21664 -0.0319507 -1.72636 0.00115591 -0.11811 -0.00451311
 3.33 2.21748 -0.0289091 -1.72541 0.00127472 -0.118126 -0.00461001
 3.335 2.21763 -0.0309348 -1.72529 0.00116234 -0.118148 -0.00465611
 3.34 2.21847 -0.0278833 -1.72433 0.00128162 -0.118164 -0.00475356
 3.345 2.21863 -0.0299231 -1.72422 0.00116849 -0.118187 -0.00480003
 3.35 2.21947 -0.0268625 -1.72326 0.0012882 -0.118203 -0.004898
 3.355 2.21963 -0.0289158 -1.72315 0.00117437 -0.118225 -0.00494484
 3.36 2.22048 -0.0258471 -1.72218 0.00129449 -0.118241 -0.00504331
 3.365 2.22064 -0.0279134 -1.72207 0.00117996 -0.118264 -0.00509051
 3.37 2.22149 -0.0248371 -1.72111 0.00130046 -0.11828 -0.00518945
 3.375 2.22165 -0.026916 -1.721 0.00118527 -0.118302 -0.005237
 3.38 2.2225 -0.023833 -1.72003 0.00130612 -0.118319 -0.00533639
 3.385 2.22267 -0.025924 -1.71992 0.0011903 -0.118341 -0.00538427
 3.39 2.22352 -0.0228351 -1.71894 0.00131147 -0.118358 -0.00548408
 3.395 2.22368 -0.0249376 -1.71884 0.00119505 -0.11838 -0.00553229
 3.4 2.22454 -0.0218436 -1.71786 0.00131651 -0.118396 -0.0056325
 3.405 2.22471 -0.0239571 -1.71776 0.00119951 -0.118419 -0.00568102
 3.41 2.22556 -0.0208587 -1.71678 0.00132123 -0.118436 -0.00578161
 3.415 2.22573 -0.0229828 -1.71667 0.00120368 -0.118458 -0.00583044
 3.42 2.22659 -0.0198808 -1.71569 0.00132563 -0.118475 -0.00593137
 3.425 2.22676 -0.0220149 -1.71559 0.00120756 -0.118498 -0.00598049
 3.43 2.22762 -0.0189101 -1.71461 0.00132971 -0.118514 -0.00608175
 3.435 2.2278 -0.0210538 -1.71451 0.00121116 -0.118537 -0.00613115
 3.44 2.22866 -0.0179469 -1.71353 0.00133348 -0.118553 -0.00623271
 3.445 2.22883 -0.0200996 -1.71343 0.00121446 -0.118576 -0.00628237
 3.45 2.22969 -0.0169914 -1.71244 0.00133692 -0.118592 -0.00638421
 3.455 2.22987 -0.0191526 -1.71235 0.00121747 -0.118615 -0.00643413
 3.46 2.23073 -0.016044 -1.71136 0.00134004 -0.118631 -0.00653622
 3.465 2.23091 -0.0182131 -1.71127 0.00122018 -0.118655 -0.00658638
 3.47 2.23177 -0.0151048 -1.71028 0.00134283 -0.118671 -0.00668869
 3.475 2.23196 -0.0172813 -1.71019 0.0012226 -0.118694 -0.00673909
 3.48 2.23282 -0.0141741 -1.7092 0.00134529 -0.11871 -0.0068416
 3.485 2.233 -0.0163575 -1.70911 0.00122472 -0.118733 -0.00689222
 3.49 2.23386 -0.0132522 -1.70812 0.00134743 -0.118749 -0.00699491
 3.495 2.23405 -0.0154419 -1.70803 0.00122653 -0.118773 -0.00704573
 3.5 2.23491 -0.0123393 -1.70705 0.00134923 -0.118788 -0.00714857
 3.505 2.2351 -0.0145348 -1.70696 0.00122805 -0.118812 -0.00719959
 3.51 2.23595 -0.0114356 -1.70597 0.00135071 -0.118828 -0.00730255
 3.515 2.23614 -0.0136364 -1.70589 0.00122927 -0.118851 -0.00735375
 3.52 2.237 -0.0105414 -1.7049 0.00135185 -0.118867 -0.00745681
 3.525 2.23719 -0.012747 -1.70482 0.00123018 -0.11889 -0.00750819
 3.53 2.23805 -0.009656939999999999 -1.70384 0.00135265 -0.118906 -0.00761131
 3.535 2.23825 -0.0118667 -1.70375 0.00123078 -0.118929 -0.00766285
 3.54 2.2391 -0.008782409999999999 -1.70277 0.00135311 -0.118945 -0.00776602
 3.545 2.2393 -0.0109958 -1.70269 0.00123108 -0.118968 -0.0078177
 3.55 2.24015 -0.007918049999999999 -1.70171 0.00135324 -0.118984 -0.0079209
 3.555 2.24035 -0.0101345 -1.70163 0.00123107 -0.119007 -0.007972709999999999
 3.56 2.2412 -0.00706408 -1.70065 0.00135303 -0.119023 -0.0080759
 3.565 2.2414 -0.009283130000000001 -1.70057 0.00123074 -0.119046 -0.008127830000000001
 3.57 2.24225 -0.00622072 -1.6996 0.00135247 -0.119061 -0.008230990000000001
 3.575 2.24245 -0.008441769999999999 -1.69952 0.00123011 -0.119085 -0.00828303
 3.58 2.2433 -0.00538819 -1.69855 0.00135157 -0.1191 -0.00838613
 3.585 2.2435 -0.00761069 -1.69847 0.00122916 -0.119123 -0.00843826
 3.59 2.24435 -0.00456669 -1.6975 0.00135032 -0.119139 -0.00854129
 3.595 2.24455 -0.00679008 -1.69743 0.00122789 -0.119162 -0.008593490000000001
 3.6 2.2454 -0.00375642 -1.69646 0.00134873 -0.119177 -0.00869641
 3.605 2.2456 -0.00598017 -1.69639 0.00122631 -0.1192 -0.00874868
 3.61 2.24644 -0.0029576 -1.69543 0.00134679 -0.119216 -0.00885147
 3.615 2.24665 -0.00518113 -1.69536 0.00122441 -0.119239 -0.00890379
 3.62 2.24749 -0.00217042 -1.6944 0.0013445 -0.119254 -0.009006419999999999
 3.625 2.24769 -0.00439318 -1.69433 0.00122219 -0.119277 -0.009058780000000001
 3.63 2.24853 -0.00139506 -1.69337 0.00134186 -0.119292 -0.009161229999999999
 3.635 2.24874 -0.0036165 -1.69331 0.00121965 -0.119315 -0.00921362
 3.64 2.24957 -0.0006317300000000001 -1.69235 0.00133887 -0.11933 -0.00931586
 3.645 2.24978 -0.00285129 -1.69229 0.00121679 -0.119353 -0.00936825
 3.65 2.25061 0.000119399 -1.69134 0.00133552 -0.119367 -0.009470259999999999
 3.655 2.25082 -0.00209772 -1.69128 0.0012136 -0.11939 -0.009522650000000001
 3.66 2.25165 0.000858145 -1.69033 0.00133181 -0.119405 -0.0096244
 3.665 2.25186 -0.00135598 -1.69027 0.00121009 -0.119428 -0.009676779999999999
 3.67 2.25268 0.00158433 -1.68934 0.00132775 -0.119442 -0.009778240000000001
 3.675 2.25289 -0.000626241 -1.68928 0.00120625 -0.119465 -0.00983058
 3.68 2.25371 0.00229778 -1.68834 0.00132333 -0.119479 -0.00993174
 3.685 2.25392 9.132550000000001e-05 -1.68828 0.00120209 -0.119502 -0.00998404
 3.69 2.25474 0.00299834 -1.68736 0.00131856 -0.119516 -0.0100849
 3.695 2.24817 0.0044301 -1.67199 0.00063795 -0.118767 -0.0100415
 3.7 1.63272 0.323201 -0.658667 -0.0279102 -0.06447029999999999 -0.0190194
 3.705 -0.118208 1.2185 2.185 -0.107483 0.0884566 -0.0459297
 3.71 -0.300085 1.34899 2.65064 -0.124796 0.111702 -0.0441484
 3.715 -1.10652 1.87397 4.4419 -0.186216 0.203801 -0.0437976
 3.72 -0.953973 1.82043 4.35247 -0.187876 0.196582 -0.0364794
 3.725 -1.12189 2.02394 5.19404 -0.224201 0.235091 -0.0228254
 3.73 -1.39547 2.12673 5.54323 -0.23284 0.254519 -0.0284115
 3.735 -1.15328 1.89537 5.08492 -0.222056 0.230832 -0.0175624
 3.74 -0.9218460000000001 1.70377 4.6356 -0.210313 0.207119 -0.0108032
 3.745 -0.712476 1.50455 4.24253 -0.201089 0.18681 -0.00134207
 3.75 -0.505043 1.36303 3.83552 -0.189097 0.165323 0.00157885
 3.755 -0.656119 1.48911 4.1778 -0.200104 0.182834 -0.000585701
 3.76 -1.50966 2.05561 5.98738 -0.260473 0.27537 -0.0049664
 3.765 -1.58952 2.13381 6.17745 -0.26641 0.285173 -0.00676686
 3.77 -2.39266 2.6459 7.89847 -0.325273 0.373217 -0.00800856
 3.775 -2.09426 2.38426 7.41241 -0.315411 0.347561 0.00710166
 3.78 -1.8255 2.12153 7.0122 -0.310331 0.325489 0.0249645
 3.785 -1.526 1.96476 6.37614 -0.287643 0.292874 0.022249
 3.79 -1.25383 1.8148 5.7869 -0.267111 0.262149 0.019735
 3.795 -0.996097 1.68053 5.24059 -0.247586 0.234167 0.0173917
 3.8 -0.761752 1.55276 4.7346 -0.229882 0.207808 0.0152145
 3.805 -0.5600270000000001 1.39853 4.39369 -0.221549 0.189979 0.0226483
 3.81 -0.416861 1.1747 4.3347 -0.231119 0.185381 0.0484411
 3.815 -0.220241 1.08738 3.8948 -0.214228 0.163013 0.0439759
 3.82 -0.0410458 1.00494 3.48747 -0.19885 0.141912 0.0398184
 3.825 0.128138 0.930097 3.10964 -0.184321 0.122723 0.0359739
 3.83 0.282442 0.860081 2.7599 -0.17106 0.104623 0.0323875
 3.835 0.42802 0.795886 2.43538 -0.158565 0.0881619 0.0290767
 3.84 0.560901 0.736471 2.13509 -0.147129 0.0726363 0.0259814
 3.845 0.686167 0.6813709999999999 1.85637 -0.136386 0.0585139 0.0231292
 3.85 0.800609 0.631001 1.59856 -0.126522 0.0451964 0.0204564
 3.855 0.908399 0.583669 1.35916 -0.117287 0.0330801 0.0179985
 3.86 1.00697 0.541015 1.13783 -0.108777 0.0216565 0.0156887
 3.865 1.09973 0.500316 0.932217 -0.100841 0.0112608 0.0135698
 3.87 1.18464 0.464245 0.742224 -0.09349880000000001 0.00146146 0.0115724
 3.875 1.26446 0.429212 0.56562 -0.0866807 -0.00745824 0.009744829999999999
 3.88 1.24306 0.429701 0.482919 -0.0811188 -0.0105678 0.00459489
 3.885 1.03272 0.491537 0.571987 -0.07773389999999999 -0.00243415 -0.00696644
 3.89 0.848611 0.615964 1.0494 -0.095884 0.0222032 -0.00344178
 3.895 0.146634 1.03911 2.73484 -0.158954 0.109947 0.00771238
 3.9 0.28652 0.970381 2.44582 -0.148726 0.0945399 0.00630249
 3.905 0.432268 0.898442 2.1447 -0.137866 0.0788015 0.00483145
 3.91 0.565375 0.831951 1.8661 -0.127914 0.0640034 0.00344611
 3.915 0.690778 0.770189 1.60747 -0.118577 0.0504979 0.00217461
 3.92 0.805403 0.713685 1.36827 -0.109992 0.0378016 0.00097133
 3.925 0.913301 0.660623 1.14613 -0.101967 0.0262118 -0.000128456
 3.93 1.01202 0.6126470000000001 0.940775 -0.0945597 0.0153186 -0.00117491
 3.935 1.10486 0.5670230000000001 0.749977 -0.08766409999999999 0.00537239 -0.00212692
 3.94 1.18989 0.526329 0.573693 -0.0812722 -0.00397405 -0.00303826
 3.945 1.26977 0.487065 0.409815 -0.07534920000000001 -0.0125102 -0.00386309
 3.95 1.34301 0.452587 0.258496 -0.0698322 -0.0205297 -0.00465802
 3.955 1.41175 0.418763 0.11774 -0.0647464 -0.0278561 -0.00537337
 3.96 1.12417 0.597363 0.712977 -0.0842841 0.00548368 -0.00649499
 3.965 0.156909 1.1763 2.71435 -0.151043 0.116915 -0.008365879999999999
 3.97 -0.0429579 1.29914 3.12547 -0.164632 0.139921 -0.009304099999999999
 3.975 -0.93185 1.83333 4.96838 -0.226001 0.242658 -0.0111135
 3.98 -1.38618 2.0497 5.50828 -0.236157 0.274714 -0.0266459
 3.985 -3.17483 2.96019 8.05829 -0.297931 0.422651 -0.0716006
 3.99 -2.84595 2.75539 7.40128 -0.277242 0.386087 -0.0695195
 3.995 -2.66378 2.60514 6.90655 -0.2591 0.360035 -0.0710567
 4 -2.30654 2.39452 6.29545 -0.242163 0.325296 -0.0645366
 4.005 -1.97041 2.21594 5.71628 -0.224769 0.292808 -0.0604381
 4.01 -1.66333 2.04076 5.18602 -0.209626 0.262728 -0.0556739
 4.015 -1.3742 1.88813 4.68808 -0.194611 0.234816 -0.052234
 4.02 -1.10984 1.73815 4.23309 -0.181589 0.209016 -0.0480914
 4.025 -0.861132 1.60831 3.80424 -0.168561 0.185001 -0.045312
 4.03 -0.633534 1.48161 3.41196 -0.157184 0.162782 -0.0419828
 4.035 -0.419614 1.37084 3.04295 -0.145914 0.142133 -0.0397032
 4.04 -0.223689 1.26315 2.70556 -0.136051 0.123036 -0.0369319
 4.045 -0.0397022 1.16868 2.388 -0.126299 0.105279 -0.035074
 4.05 0.128955 1.07726 2.09773 -0.117739 0.0888582 -0.0327859
 4.055 0.28719 0.996683 1.82442 -0.1093 0.07358679999999999 -0.0312825
 4.06 0.432371 0.919214 1.57461 -0.10186 0.0594629 -0.0294132
 4.065 0.568376 0.851657 1.33805 -0.0944306 0.0462629 -0.0284085
 4.07 0.693117 0.78956 1.11919 -0.0875869 0.0339222 -0.0274929
 4.075 0.8100889999999999 0.731527 0.916006 -0.0812017 0.0225901 -0.0266363
 4.08 0.917454 0.678633 0.7280990000000001 -0.0752978 0.0119977 -0.0258602
 4.085 1.01806 0.628752 0.55358 -0.0698121 0.00226867 -0.0251306
 4.09 1.11047 0.583721 0.392256 -0.0647184 -0.00682328 -0.0244739
 4.095 1.197 0.540819 0.242358 -0.060007 -0.0151762 -0.023853
 4.1 1.27795 0.498808 0.105763 -0.0558955 -0.0228082 -0.0228677
 4.105 1.35373 0.457834 -0.015567 -0.0525319 -0.0297495 -0.0211622
 4.11 1.42256 0.424211 -0.13558 -0.0487115 -0.0364288 -0.020794
 4.115 1.4859 0.394843 -0.246335 -0.0451188 -0.0426692 -0.0204765
 4.12 1.5451 0.365609 -0.349139 -0.0418681 -0.0483899 -0.0201245
 4.125 1.60099 0.335324 -0.441038 -0.0392254 -0.0535398 -0.0192169
 4.13 1.65438 0.305531 -0.520652 -0.037226 -0.0581545 -0.0175321
 4.135 1.70132 0.283129 -0.603602 -0.0345259 -0.06275799999999999 -0.0174465
 4.14 1.74539 0.260761 -0.678832 -0.0322085 -0.0669511 -0.0170798
 4.145 1.78727 0.240157 -0.744637 -0.0303021 -0.0707385 -0.0161966
 4.15 1.82455 0.222583 -0.81114 -0.0281087 -0.07442310000000001 -0.0162185
 4.155 1.85953 0.20509 -0.8715580000000001 -0.0262142 -0.07778359999999999 -0.0160254
 4.16 1.89287 0.189922 -0.9245 -0.0245939 -0.0808275 -0.0154513
 4.165 1.92248 0.176066 -0.977786 -0.0228183 -0.0837753 -0.0155371
 4.17 1.9499 0.163156 -1.02716 -0.0211764 -0.0865061 -0.015618
 4.175 1.97542 0.154558 -1.07227 -0.0195134 -0.08906310000000001 -0.0157271
 4.18 1.99905 0.143329 -1.11469 -0.0181097 -0.0914098 -0.0158017
 4.185 2.02092 0.132857 -1.15399 -0.0168123 -0.0935836 -0.0158722
 4.19 2.04137 0.126514 -1.18979 -0.0154645 -0.0956172 -0.0159711
 4.195 2.06023 0.117375 -1.22356 -0.0143572 -0.09748569999999999 -0.0160366
 4.2 2.07826 0.107564 -1.25351 -0.0134866 -0.0991587 -0.0158534
 4.205 2.09636 0.0992382 -1.27802 -0.012838 -0.100608 -0.0152264
 4.21 2.11125 0.0921304 -1.30529 -0.011923 -0.102113 -0.0153547
 4.215 2.12508 0.0853554 -1.33041 -0.0110935 -0.103501 -0.0154502
 4.22 2.13829 0.0820718 -1.35285 -0.0102099 -0.104786 -0.0155211
 4.225 2.15016 0.076254 -1.37459 -0.009487300000000001 -0.105987 -0.0156358
 4.23 2.16114 0.0708051 -1.39473 -0.008820720000000001 -0.107098 -0.0157432
 4.235 2.17161 0.06891120000000001 -1.41285 -0.008060009999999999 -0.108135 -0.0158732
 4.24 2.12884 -0.0800284 -0.920434 0.0110026 -0.07283969999999999 -0.0152247
 4.245 1.98468 -0.506366 0.555485 0.0656616 0.0323722 -0.0131355
 4.25 1.97912 -0.602155 0.891186 0.0792852 0.0566671 -0.0142005
 4.255 1.91518 -0.963934 2.19538 0.128901 0.150015 -0.016785
 4.26 1.84686 -1.03413 2.45122 0.137867 0.168701 -0.0152412
 4.265 1.5888 -1.38779 3.77406 0.18268 0.263794 -0.009753390000000001
 4.27 1.62301 -1.4109 3.87791 0.185462 0.271513 -0.0114429
 4.275 1.62785 -1.63026 4.87644 0.224365 0.34352 -0.0231653
 4.28 1.59378 -1.67014 4.92651 0.225222 0.347955 -0.0189379
 4.285 1.41239 -1.98688 6.00378 0.262919 0.427495 -0.0120918
 4.29 1.2493 -1.68792 5.94657 0.229401 0.415497 -0.0132108
 4.295 0.36628 -1.03707 7.20907 0.167104 0.478372 -0.0198287
 4.3 -0.496264 -0.6251 7.93759 0.128865 0.515185 -0.0292679
 4.305 -1.02351 -0.12964 8.845549999999999 0.07509200000000001 0.557437 -0.0249838
 4.31 -1.63107 0.206807 9.412979999999999 0.0400683 0.584417 -0.0282844


