# Created by Octave 3.8.2, Mon May 25 09:47:06 2015 CST <waldronluo@Debian>
# name: approachSig
# type: matrix
# rows: 754
# columns: 7
 0 0.0375657 -0.00170152 -0.0284831 4.31391e-06 -0.00180521 8.30314e-05
 0.005 0.185079 -0.00838305 -0.140331 2.12538e-05 -0.00889393 0.00040908
 0.01 0.321796 -0.0145756 -0.243993 3.69539e-05 -0.0154638 0.000711265
 0.015 0.448506 -0.0203148 -0.340067 5.15049e-05 -0.0215529 0.000991334
 0.02 0.5659419999999999 -0.0256341 -0.42911 6.49904e-05 -0.0271963 0.0012509
 0.025 0.6747840000000001 -0.030564 -0.511636 7.74867e-05 -0.0324266 0.00149147
 0.03 0.77566 -0.0351331 -0.588121 8.90656e-05 -0.0372742 0.00171443
 0.035 0.869153 -0.0393677 -0.659007 9.979389999999999e-05 -0.0417671 0.00192107
 0.04 0.955805 -0.0432925 -0.724705 0.000109733 -0.0459311 0.00211258
 0.045 1.03611 -0.04693 -0.785594 0.000118941 -0.0497904 0.00229006
 0.05 1.11055 -0.0503013 -0.842025 0.000127469 -0.0533674 0.00245456
 0.055 1.17953 -0.0534259 -0.894326 0.000135367 -0.0566825 0.002607
 0.06 1.24347 -0.0563218 -0.942797 0.000142681 -0.0597551 0.00274828
 0.065 1.30273 -0.0590058 -0.98772 0.000149451 -0.06260300000000001 0.00287922
 0.07000000000000001 1.35765 -0.0614933 -1.02935 0.000155719 -0.06524240000000001 0.00300056
 0.075 1.40856 -0.06379890000000001 -1.06794 0.000161519 -0.06768879999999999 0.00311301
 0.08 1.45574 -0.0659357 -1.1037 0.000166885 -0.0699562 0.00321722
 0.08500000000000001 1.49947 -0.06791609999999999 -1.13684 0.000171848 -0.07205780000000001 0.00331379
 0.09 1.54 -0.0697516 -1.16755 0.000176437 -0.0740056 0.00340328
 0.095 1.57756 -0.0714528 -1.19602 0.000180679 -0.07581110000000001 0.00348621
 0.1 1.61238 -0.0730296 -1.2224 0.000184598 -0.0774845 0.00356306
 0.105 1.64465 -0.0744909 -1.24684 0.000188217 -0.0790356 0.00363427
 0.11 1.67457 -0.07584539999999999 -1.2695 0.000191558 -0.0804733 0.00370025
 0.115 1.70229 -0.07710069999999999 -1.29049 0.000194641 -0.0818059 0.00376139
 0.12 1.72799 -0.07826429999999999 -1.30995 0.000197481 -0.0830412 0.00381804
 0.125 1.75181 -0.0793427 -1.32798 0.000200098 -0.0841862 0.00387052
 0.13 1.77389 -0.0803422 -1.34468 0.000202507 -0.08524760000000001 0.00391914
 0.135 1.79436 -0.0812686 -1.36016 0.000204723 -0.0862315 0.00396419
 0.14 1.81333 -0.0821273 -1.37451 0.000206759 -0.0871436 0.00400592
 0.145 1.83091 -0.0829231 -1.3878 0.000208627 -0.0879891 0.00404458
 0.15 1.84721 -0.08366079999999999 -1.40012 0.00021034 -0.0887729 0.00408039
 0.155 1.86232 -0.08434460000000001 -1.41153 0.000211908 -0.0894996 0.00411355
 0.16 1.87633 -0.08497830000000001 -1.42211 0.000213341 -0.0901733 0.00414427
 0.165 1.88781 -0.0842658 -1.43413 0.000275298 -0.0908013 0.00416352
 0.17 1.90015 -0.0848715 -1.44338 0.00027335 -0.0913929 0.00418885
 0.175 1.91154 -0.0854466 -1.45187 0.000270666 -0.09194049999999999 0.00421184
 0.18 1.92202 -0.0859718 -1.45969 0.000268485 -0.0924456 0.0042331
 0.185 1.93173 -0.0864587 -1.46692 0.00026644 -0.09291389999999999 0.00425277
 0.19 1.94074 -0.08691 -1.47363 0.000264521 -0.09334820000000001 0.00427098
 0.195 1.94909 -0.0873283 -1.47984 0.000262717 -0.093751 0.00428783
 0.2 1.95683 -0.08771610000000001 -1.48559 0.00026102 -0.0941246 0.00430342
 0.205 1.96401 -0.0880756 -1.49091 0.000259421 -0.09447120000000001 0.00431784
 0.21 1.97067 -0.0884088 -1.49585 0.000257912 -0.0947926 0.00433117
 0.215 1.97685 -0.0887177 -1.50041 0.000256486 -0.09509090000000001 0.0043435
 0.22 1.98258 -0.0890041 -1.50464 0.000255137 -0.0953676 0.0043549
 0.225 1.98632 -0.08792750000000001 -1.51086 0.000316811 -0.0956277 0.00435629
 0.23 1.99156 -0.0882389 -1.51464 0.000312261 -0.0958782 0.00436505
 0.235 1.99636 -0.0885412 -1.51808 0.000307165 -0.0961099 0.00437267
 0.24 2.00074 -0.0888138 -1.52119 0.000302738 -0.0963222 0.00437967
 0.245 2.0048 -0.0890664 -1.52408 0.000298603 -0.0965193 0.00438612
 0.25 2.00857 -0.0893007 -1.52675 0.00029474 -0.09670239999999999 0.00439207
 0.255 2.01206 -0.0895179 -1.52922 0.000291127 -0.0968724 0.00439754
 0.26 2.01531 -0.0897193 -1.5315 0.000287746 -0.0970303 0.00440258
 0.265 2.01833 -0.089906 -1.53361 0.00028458 -0.0971771 0.00440721
 0.27 2.02113 -0.0900791 -1.53556 0.000281611 -0.09731339999999999 0.00441147
 0.275 2.02203 -0.0887985 -1.53985 0.00034678 -0.0974438 0.00440593
 0.28 2.02478 -0.08901920000000001 -1.54169 0.000340501 -0.097575 0.0044085
 0.285 2.02727 -0.0892379 -1.54331 0.000333755 -0.0976958 0.00441032
 0.29 2.0295 -0.0894322 -1.54475 0.000327825 -0.0978053 0.00441194
 0.295 2.03157 -0.08961239999999999 -1.54607 0.000322292 -0.0979071 0.00441339
 0.3 2.03349 -0.0897795 -1.54729 0.000317126 -0.0980018 0.0044147
 0.305 2.03528 -0.0899344 -1.54841 0.000312301 -0.0980901 0.00441587
 0.31 2.03695 -0.09007809999999999 -1.54945 0.000307791 -0.0981723 0.00441691
 0.315 2.03686 -0.088835 -1.55279 0.000368813 -0.0982523 0.00440918
 0.32 2.03862 -0.08902740000000001 -1.55382 0.000361343 -0.0983363 0.00440902
 0.325 2.0402 -0.0892196 -1.55471 0.000353517 -0.09841370000000001 0.00440832
 0.33 2.04159 -0.08938980000000001 -1.55546 0.000346559 -0.098483 0.0044076
 0.335 2.04288 -0.08954769999999999 -1.55615 0.00034007 -0.0985477 0.00440688
 0.34 2.04409 -0.0896941 -1.55679 0.000334014 -0.09860819999999999 0.00440616
 0.345 2.04521 -0.0898299 -1.55737 0.00032836 -0.09866469999999999 0.00440545
 0.35 2.04465 -0.0886091 -1.56024 0.00038724 -0.0987208 0.00439663
 0.355 2.04593 -0.0887935 -1.56088 0.00037883 -0.09878240000000001 0.00439497
 0.36 2.04708 -0.08897819999999999 -1.5614 0.000370137 -0.0988392 0.00439287
 0.365 2.04807 -0.0891417 -1.56182 0.000362366 -0.09888959999999999 0.00439085
 0.37 2.04899 -0.08929339999999999 -1.56219 0.000355119 -0.09893680000000001 0.00438892
 0.375 2.04986 -0.089434 -1.56254 0.000348357 -0.098981 0.00438708
 0.38 2.05066 -0.0895644 -1.56285 0.000342046 -0.0990226 0.00438532
 0.385 2.04966 -0.0882241 -1.56568 0.000406139 -0.09906520000000001 0.00437522
 0.39 2.05072 -0.08841110000000001 -1.56611 0.000396795 -0.0991156 0.00437257
 0.395 2.05164 -0.08859889999999999 -1.56642 0.000387172 -0.0991616 0.00436949
 0.4 2.05241 -0.0887642 -1.56664 0.00037858 -0.0992017 0.00436653
 0.405 2.05313 -0.0889175 -1.56682 0.000370569 -0.09923940000000001 0.00436374
 0.41 2.05381 -0.0890596 -1.56699 0.000363097 -0.0992748 0.00436109
 0.415 2.05278 -0.0878184 -1.56955 0.000422251 -0.0993116 0.00435106
 0.42 2.05369 -0.0880108 -1.56984 0.000412124 -0.09935579999999999 0.00434768
 0.425 2.05449 -0.0882032 -1.57003 0.000401808 -0.0993964 0.00434395
 0.43 2.05516 -0.0883736 -1.57014 0.000392542 -0.0994317 0.00434039
 0.435 2.05578 -0.0885315 -1.57022 0.000383904 -0.0994651 0.00433703
 0.44 2.05637 -0.08867800000000001 -1.5703 0.000375849 -0.0994965 0.00433386
 0.445 2.05517 -0.08736960000000001 -1.57291 0.000438258 -0.0995299 0.00432335
 0.45 2.05604 -0.08757040000000001 -1.57314 0.000427384 -0.0995717 0.00431945
 0.455 2.05678 -0.0877711 -1.57325 0.000416331 -0.0996099 0.00431519
 0.46 2.05739 -0.08794829999999999 -1.57329 0.000406408 -0.0996428 0.00431112
 0.465 2.05797 -0.0881127 -1.57331 0.000397161 -0.0996739 0.00430729
 0.47 2.05851 -0.0882651 -1.57332 0.000388539 -0.09970329999999999 0.00430368
 0.475 2.05715 -0.0868785 -1.57604 0.000454903 -0.09973509999999999 0.00429278
 0.48 2.05801 -0.0870899 -1.57623 0.00044325 -0.0997765 0.00428843
 0.485 2.05875 -0.0873009 -1.57631 0.000431423 -0.099814 0.00428369
 0.49 2.05933 -0.087487 -1.5763 0.000420818 -0.0998459 0.00427917
 0.495 2.05989 -0.0876595 -1.57627 0.000410936 -0.0998761 0.00427491
 0.5 2.05872 -0.0864574 -1.57868 0.000468437 -0.099908 0.00426463
 0.505 2.05954 -0.0866768 -1.5788 0.000456156 -0.0999481 0.00425982
 0.51 2.06025 -0.08689429999999999 -1.57884 0.000443818 -0.0999849 0.00425471
 0.515 2.06083 -0.08708780000000001 -1.5788 0.000432679 -0.100017 0.00424985
 0.52 2.06138 -0.0872672 -1.57875 0.000422301 -0.100047 0.00424528
 0.525 2.06016 -0.0860389 -1.5812 0.000481308 -0.100079 0.00423496
 0.53 2.06099 -0.08626639999999999 -1.58131 0.000468467 -0.10012 0.00422983
 0.535 2.0617 -0.086492 -1.58133 0.000455584 -0.100157 0.0042244
 0.54 2.06228 -0.08669250000000001 -1.58127 0.000443954 -0.100189 0.00421923
 0.545 2.06284 -0.08687839999999999 -1.58121 0.00043312 -0.100219 0.00421437
 0.55 2.06155 -0.08560570000000001 -1.58375 0.000494589 -0.100252 0.004204
 0.555 2.0624 -0.0858424 -1.58385 0.000481165 -0.100293 0.00419859
 0.5600000000000001 2.06313 -0.08607670000000001 -1.58386 0.000467705 -0.100331 0.00419283
 0.5649999999999999 2.06372 -0.0862849 -1.58378 0.000455563 -0.100364 0.00418735
 0.57 2.06428 -0.0864779 -1.5837 0.000444253 -0.100395 0.0041822
 0.575 2.06293 -0.0851616 -1.58634 0.000508205 -0.100428 0.00417185
 0.58 2.0638 -0.085408 -1.58644 0.000494176 -0.100471 0.00416613
 0.585 2.06455 -0.0856517 -1.58644 0.00048012 -0.10051 0.00416004
 0.59 2.06516 -0.0858681 -1.58636 0.000467447 -0.100543 0.00415425
 0.595 2.06573 -0.08606850000000001 -1.58626 0.000455645 -0.100575 0.00414881
 0.6 2.06432 -0.0847112 -1.58899 0.000522012 -0.100609 0.00413853
 0.605 2.06523 -0.0849675 -1.5891 0.000507366 -0.100654 0.0041325
 0.61 2.066 -0.08522100000000001 -1.58909 0.000492701 -0.100694 0.00412609
 0.615 2.06662 -0.0854457 -1.58899 0.000479487 -0.100728 0.00411998
 0.62 2.06554 -0.0843551 -1.59127 0.000532694 -0.100764 0.00411031
 0.625 2.0664 -0.0846179 -1.59133 0.000517557 -0.100807 0.00410386
 0.63 2.06716 -0.0848758 -1.5913 0.000502552 -0.100847 0.00409717
 0.635 2.0678 -0.0851069 -1.5912 0.000488934 -0.100882 0.00409082
 0.64 2.06672 -0.08402129999999999 -1.59348 0.000542157 -0.100919 0.00408131
 0.645 2.0676 -0.08429 -1.59354 0.000526637 -0.100963 0.00407464
 0.65 2.06838 -0.0845535 -1.5935 0.000511269 -0.101004 0.00406773
 0.655 2.06903 -0.08478960000000001 -1.59339 0.000497317 -0.10104 0.00406117
 0.66 2.06792 -0.0836847 -1.59574 0.000551823 -0.101077 0.00405181
 0.665 2.06882 -0.0839596 -1.59579 0.000535907 -0.101122 0.00404493
 0.67 2.06962 -0.0842291 -1.59575 0.000520149 -0.101164 0.00403778
 0.675 2.07028 -0.08447060000000001 -1.59564 0.000505847 -0.1012 0.00403101
 0.68 2.06914 -0.0833453 -1.59804 0.00056171 -0.101238 0.00402181
 0.6850000000000001 2.07007 -0.0836268 -1.5981 0.000545379 -0.101285 0.00401471
 0.6899999999999999 2.07088 -0.0839027 -1.59806 0.000529212 -0.101327 0.00400733
 0.695 2.07155 -0.0841498 -1.59794 0.000514544 -0.101364 0.00400032
 0.7 2.07039 -0.0830055 -1.6004 0.000571725 -0.101403 0.00399132
 0.705 2.07134 -0.0832938 -1.60046 0.000554964 -0.101451 0.00398398
 0.71 2.07217 -0.08357630000000001 -1.60042 0.000538376 -0.101494 0.00397635
 0.715 2.07285 -0.08382920000000001 -1.6003 0.00052333 -0.101532 0.00396911
 0.72 2.07166 -0.0826674 -1.60281 0.000581782 -0.101571 0.00396032
 0.725 2.07263 -0.0829626 -1.60287 0.000564584 -0.10162 0.00395275
 0.73 2.07348 -0.0832518 -1.60283 0.000547566 -0.101665 0.00394487
 0.735 2.07418 -0.0835106 -1.60271 0.000532136 -0.101703 0.00393738
 0.74 2.07296 -0.08233260000000001 -1.60527 0.000591813 -0.101744 0.00392884
 0.745 2.07396 -0.08263479999999999 -1.60534 0.000574172 -0.101793 0.00392103
 0.75 2.07482 -0.0829308 -1.6053 0.000556721 -0.101839 0.00391289
 0.755 2.07554 -0.08319550000000001 -1.60517 0.000540902 -0.101878 0.00390515
 0.76 2.07429 -0.0820027 -1.60778 0.000601762 -0.101919 0.00389689
 0.765 2.07531 -0.08231189999999999 -1.60785 0.000583678 -0.10197 0.00388884
 0.77 2.07619 -0.0826146 -1.60781 0.000565792 -0.102017 0.00388043
 0.775 2.07692 -0.08288520000000001 -1.60768 0.000549583 -0.102057 0.00387244
 0.78 2.07565 -0.081679 -1.61034 0.000611584 -0.102099 0.00386449
 0.785 2.07669 -0.0819951 -1.61041 0.000593057 -0.102151 0.00385619
 0.79 2.07758 -0.0823045 -1.61037 0.000574737 -0.102198 0.00384751
 0.795 2.07833 -0.082581 -1.61024 0.000558139 -0.102239 0.00383927
 0.8 2.07703 -0.08136259999999999 -1.61295 0.000621241 -0.102281 0.00383165
 0.805 2.07809 -0.08168549999999999 -1.61302 0.000602273 -0.102334 0.0038231
 0.8100000000000001 2.07901 -0.0820015 -1.61298 0.0005835219999999999 -0.102382 0.00381416
 0.8149999999999999 2.07976 -0.082284 -1.61284 0.000566537 -0.102424 0.00380566
 0.82 2.07844 -0.0810546 -1.6156 0.000630699 -0.102467 0.00379841
 0.825 2.07952 -0.08138430000000001 -1.61568 0.000611294 -0.102521 0.00378962
 0.83 2.08045 -0.0817068 -1.61563 0.000592115 -0.10257 0.0037804
 0.835 2.08122 -0.0819949 -1.61549 0.000574747 -0.102612 0.00377164
 0.84 2.07988 -0.08075599999999999 -1.61829 0.00063993 -0.102656 0.0037648
 0.845 2.08098 -0.0810922 -1.61838 0.000620092 -0.102712 0.00375575
 0.85 2.08193 -0.0814211 -1.61833 0.000600491 -0.102761 0.00374627
 0.855 2.08271 -0.08171489999999999 -1.61819 0.000582743 -0.102804 0.00373725
 0.86 2.08134 -0.0804675 -1.62103 0.000648907 -0.102849 0.00373083
 0.865 2.08246 -0.0808103 -1.62112 0.000628642 -0.102905 0.00372153
 0.87 2.08342 -0.08114540000000001 -1.62107 0.000608624 -0.102955 0.00371178
 0.875 2.08421 -0.0814448 -1.62092 0.000590501 -0.102999 0.0037025
 0.88 2.08282 -0.0801902 -1.62381 0.000657605 -0.103044 0.00369654
 0.885 2.08396 -0.08053929999999999 -1.6239 0.000636921 -0.103101 0.003687
 0.89 2.08494 -0.0808806 -1.62385 0.000616492 -0.103152 0.00367698
 0.895 2.08405 -0.0799909 -1.62608 0.000663924 -0.103199 0.00367004
 0.9 2.08511 -0.0803439 -1.62609 0.000642861 -0.103254 0.00365992
 0.905 2.08606 -0.0806861 -1.62601 0.000622287 -0.103304 0.00364963
 0.91 2.08688 -0.08099480000000001 -1.62586 0.000603525 -0.103349 0.00363991
 0.915 2.0855 -0.079765 -1.62875 0.000670266 -0.103395 0.00363475
 0.92 2.08666 -0.08012229999999999 -1.62884 0.000648994 -0.103453 0.00362481
 0.925 2.08766 -0.0804715 -1.62879 0.000628003 -0.103505 0.00361438
 0.93 2.08675 -0.07957980000000001 -1.63106 0.0006763300000000001 -0.103553 0.00360808
 0.9350000000000001 2.08783 -0.0799412 -1.63107 0.000654677 -0.103609 0.00359756
 0.9399999999999999 2.0888 -0.0802915 -1.63099 0.000633527 -0.10366 0.00358687
 0.945 2.08793 -0.0794311 -1.63322 0.000680445 -0.103708 0.00358073
 0.95 2.08902 -0.0797949 -1.63323 0.000658602 -0.103764 0.00357005
 0.955 2.08999 -0.0801472 -1.63315 0.0006372870000000001 -0.103816 0.00355921
 0.96 2.08912 -0.07928830000000001 -1.63539 0.000684475 -0.103864 0.00355338
 0.965 2.09022 -0.0796544 -1.63541 0.000662445 -0.103921 0.00354257
 0.97 2.0912 -0.0800091 -1.63533 0.000640948 -0.103973 0.00353159
 0.975 2.09031 -0.07914939999999999 -1.63759 0.000688542 -0.104021 0.0035261
 0.98 2.09142 -0.0795182 -1.6376 0.000666314 -0.104078 0.00351514
 0.985 2.09241 -0.0798754 -1.63752 0.000644622 -0.10413 0.00350401
 0.99 2.09152 -0.0790154 -1.6398 0.000692605 -0.10418 0.00349885
 0.995 2.09263 -0.079387 -1.63982 0.000670168 -0.104237 0.00348774
 1 2.09363 -0.0797469 -1.63974 0.000648271 -0.104289 0.00347646
 1.005 2.09273 -0.07888729999999999 -1.64204 0.000696615 -0.104339 0.00347164
 1.01 2.09385 -0.0792617 -1.64205 0.000673961 -0.104396 0.00346038
 1.015 2.09485 -0.0796244 -1.64197 0.000651852 -0.104449 0.00344892
 1.02 2.09395 -0.0787658 -1.64429 0.000700528 -0.104499 0.00344444
 1.025 2.09508 -0.07914309999999999 -1.64431 0.000677654 -0.104557 0.00343303
 1.03 2.09609 -0.0795087 -1.64423 0.0006553280000000001 -0.10461 0.00342141
 1.035 2.09517 -0.0786517 -1.64656 0.000704311 -0.10466 0.00341728
 1.04 2.09631 -0.07903200000000001 -1.64658 0.000681213 -0.104718 0.0034057
 1.045 2.09733 -0.0794004 -1.6465 0.000658669 -0.104772 0.00339391
 1.05 2.09641 -0.07854559999999999 -1.64884 0.000707935 -0.104822 0.00339013
 1.055 2.09755 -0.0789289 -1.64886 0.000684612 -0.104881 0.00337839
 1.06 2.09857 -0.0793001 -1.64878 0.0006618490000000001 -0.104934 0.00336643
 1.065 2.09764 -0.078448 -1.65114 0.000711374 -0.104985 0.00336301
 1.07 2.0988 -0.07883419999999999 -1.65116 0.000687828 -0.105044 0.0033511
 1.075 2.09982 -0.0792083 -1.65108 0.000664848 -0.105098 0.00333898
 1.08 2.09889 -0.07835930000000001 -1.65345 0.0007146089999999999 -0.105149 0.00333591
 1.085 2.10005 -0.0787484 -1.65347 0.000690841 -0.105208 0.00332384
 1.09 2.10108 -0.0791253 -1.6534 0.000667645 -0.105262 0.00331155
 1.095 2.10014 -0.07828 -1.65578 0.000717623 -0.105313 0.00330886
 1.1 2.1013 -0.0786719 -1.6558 0.000693636 -0.105373 0.00329662
 1.105 2.10234 -0.0790515 -1.65572 0.000670227 -0.105427 0.00328416
 1.11 2.10139 -0.0782103 -1.65811 0.0007203999999999999 -0.105479 0.00328184
 1.115 2.10256 -0.07860499999999999 -1.65814 0.000696198 -0.105538 0.00326945
 1.12 2.10361 -0.07898719999999999 -1.65806 0.000672581 -0.105593 0.00325682
 1.125 2.10265 -0.0781506 -1.66046 0.000722928 -0.105644 0.00325488
 1.13 2.10383 -0.07854800000000001 -1.66048 0.000698515 -0.105704 0.00324232
 1.135 2.10488 -0.0789328 -1.6604 0.000674693 -0.105759 0.00322953
 1.14 2.10392 -0.07810110000000001 -1.66281 0.000725196 -0.105811 0.00322797
 1.145 2.1051 -0.078501 -1.66284 0.000700577 -0.105871 0.00321526
 1.15 2.10615 -0.07888829999999999 -1.66276 0.000676555 -0.105926 0.00320231
 1.155 2.10518 -0.07806200000000001 -1.66518 0.000727194 -0.105978 0.00320114
 1.16 2.10637 -0.0784644 -1.6652 0.000702375 -0.106038 0.00318828
 1.165 2.10742 -0.0788541 -1.66512 0.000678158 -0.106094 0.00317516
 1.17 2.10645 -0.07803359999999999 -1.66755 0.000728913 -0.106146 0.00317439
 1.175 2.10764 -0.0784383 -1.66757 0.000703899 -0.106206 0.00316137
 1.18 2.1087 -0.0788302 -1.66749 0.000679494 -0.106262 0.0031481
 1.185 2.10772 -0.0780159 -1.66992 0.000730346 -0.106313 0.00314772
 1.19 2.10892 -0.0784229 -1.66995 0.000705144 -0.106374 0.00313456
 1.195 2.10998 -0.078817 -1.66987 0.000680556 -0.10643 0.00312113
 1.2 2.109 -0.0780092 -1.6723 0.0007314860000000001 -0.106482 0.00312116
 1.205 2.11019 -0.0784183 -1.67233 0.000706102 -0.106543 0.00310784
 1.21 2.11125 -0.07881440000000001 -1.67225 0.000681338 -0.106598 0.00309427
 1.215 2.11027 -0.0780136 -1.67469 0.000732327 -0.10665 0.0030947
 1.22 2.11147 -0.0784247 -1.67472 0.000706769 -0.106711 0.00308125
 1.225 2.11253 -0.0788227 -1.67464 0.000681835 -0.106767 0.00306752
 1.23 2.11155 -0.0780291 -1.67708 0.000732863 -0.106819 0.00306837
 1.235 2.11275 -0.0784421 -1.67711 0.000707138 -0.10688 0.00305477
 1.24 2.11381 -0.07884190000000001 -1.67703 0.000682041 -0.106936 0.00304091
 1.245 2.11283 -0.0780559 -1.67947 0.00073309 -0.106988 0.00304217
 1.25 2.11402 -0.0784706 -1.6795 0.000707205 -0.107049 0.00302843
 1.255 2.11509 -0.0788721 -1.67942 0.000681953 -0.107105 0.00301443
 1.26 2.1141 -0.078094 -1.68187 0.000733004 -0.107157 0.0030161
 1.265 2.1153 -0.07851039999999999 -1.68189 0.000706966 -0.107219 0.00300224
 1.27 2.11637 -0.07891339999999999 -1.68181 0.000681566 -0.107274 0.0029881
 1.275 2.11538 -0.0781435 -1.68426 0.000732601 -0.107327 0.00299019
 1.28 2.11658 -0.0785613 -1.68429 0.000706417 -0.107388 0.0029762
 1.285 2.11764 -0.0789658 -1.68421 0.000680877 -0.107444 0.00296193
 1.29 2.11665 -0.07820439999999999 -1.68665 0.000731877 -0.107496 0.00296443
 1.295 2.11785 -0.0786236 -1.68668 0.000705557 -0.107557 0.00295032
 1.3 2.11892 -0.0790293 -1.6866 0.000679883 -0.107613 0.00293593
 1.305 2.11792 -0.07827679999999999 -1.68905 0.000730829 -0.107665 0.00293885
 1.31 2.11912 -0.07869719999999999 -1.68907 0.00070438 -0.107726 0.00292462
 1.315 2.12019 -0.07910399999999999 -1.68899 0.0006785819999999999 -0.107782 0.0029101
 1.32 2.11919 -0.0783605 -1.69144 0.0007294549999999999 -0.107834 0.00291344
 1.325 2.12039 -0.078782 -1.69146 0.000702886 -0.107895 0.00289909
 1.33 2.12146 -0.07918989999999999 -1.69138 0.000676971 -0.107951 0.00288447
 1.335 2.12046 -0.07845580000000001 -1.69383 0.000727753 -0.108002 0.00288822
 1.34 2.12166 -0.0788782 -1.69385 0.000701072 -0.108063 0.00287376
 1.345 2.12272 -0.079287 -1.69377 0.000675049 -0.108119 0.00285903
 1.35 2.12173 -0.0785624 -1.69621 0.000725721 -0.108171 0.00286319
 1.355 2.12292 -0.0789856 -1.69623 0.000698937 -0.108232 0.00284863
 1.36 2.12399 -0.0793951 -1.69615 0.000672815 -0.108287 0.00283379
 1.365 2.12299 -0.0786804 -1.69859 0.000723358 -0.108339 0.00283837
 1.37 2.12418 -0.0791042 -1.69861 0.00069648 -0.1084 0.00282371
 1.375 2.12524 -0.0795143 -1.69853 0.000670266 -0.108455 0.00280877
 1.38 2.12425 -0.0788097 -1.70096 0.000720662 -0.108507 0.00281375
 1.385 2.12544 -0.079234 -1.70098 0.000693699 -0.108567 0.00279901
 1.39 2.1265 -0.0796446 -1.7009 0.000667404 -0.108623 0.00278398
 1.395 2.1255 -0.0789502 -1.70333 0.000717633 -0.108674 0.00278936
 1.4 2.12669 -0.0793749 -1.70335 0.000690595 -0.108734 0.00277453
 1.405 2.12774 -0.0797858 -1.70327 0.000664226 -0.10879 0.00275941
 1.41 2.12675 -0.0791019 -1.70568 0.000714271 -0.108841 0.00276519
 1.415 2.12793 -0.07952679999999999 -1.70571 0.000687167 -0.108901 0.00275028
 1.42 2.12898 -0.07993790000000001 -1.70562 0.000660734 -0.108956 0.00273508
 1.425 2.12799 -0.0792646 -1.70803 0.000710577 -0.109007 0.00274126
 1.43 2.12917 -0.0796895 -1.70806 0.000683415 -0.109067 0.00272627
 1.435 2.13022 -0.0801007 -1.70797 0.000656928 -0.109122 0.002711
 1.44 2.12923 -0.0794383 -1.71037 0.000706549 -0.109173 0.00271757
 1.445 2.1304 -0.07986310000000001 -1.71039 0.000679341 -0.109232 0.00270251
 1.45 2.13145 -0.0802741 -1.71031 0.000652809 -0.109287 0.00268717
 1.455 2.13046 -0.0796227 -1.7127 0.00070219 -0.109337 0.00269412
 1.46 2.13163 -0.0800473 -1.71272 0.000674945 -0.109397 0.002679
 1.465 2.13267 -0.0804581 -1.71264 0.000648377 -0.109451 0.0026636
 1.47 2.13169 -0.07981779999999999 -1.71502 0.000697501 -0.109502 0.00267092
 1.475 2.13285 -0.08024199999999999 -1.71504 0.0006702290000000001 -0.109561 0.00265574
 1.48 2.13388 -0.0806524 -1.71496 0.000643635 -0.109615 0.00264029
 1.485 2.1329 -0.0800235 -1.71732 0.000692483 -0.109665 0.00264799
 1.49 2.13406 -0.08044709999999999 -1.71734 0.000665194 -0.109724 0.00263276
 1.495 2.13509 -0.0808569 -1.71726 0.000638585 -0.109777 0.00261725
 1.5 2.13412 -0.0802394 -1.71962 0.000687139 -0.109827 0.00262531
 1.505 2.13526 -0.08066230000000001 -1.71964 0.000659843 -0.109886 0.00261004
 1.51 2.13629 -0.0810714 -1.71955 0.000633228 -0.109939 0.00259449
 1.515 2.13532 -0.0804655 -1.72189 0.00068147 -0.109989 0.0026029
 1.52 2.13646 -0.0808875 -1.72191 0.0006541780000000001 -0.110047 0.00258759
 1.525 2.13748 -0.0812958 -1.72183 0.000627568 -0.1101 0.00257201
 1.53 2.13651 -0.0807015 -1.72416 0.00067548 -0.110149 0.00258077
 1.535 2.13765 -0.0811225 -1.72418 0.000648203 -0.110207 0.00256543
 1.54 2.13866 -0.0815297 -1.72409 0.000621606 -0.11026 0.00254982
 1.545 2.1377 -0.0809472 -1.7264 0.000669171 -0.110309 0.00255891
 1.55 2.13883 -0.08136699999999999 -1.72642 0.000641919 -0.110366 0.00254354
 1.555 2.13984 -0.0817732 -1.72634 0.000615348 -0.110419 0.00252792
 1.56 2.13888 -0.0812025 -1.72863 0.000662548 -0.110467 0.00253733
 1.565 2.14 -0.0816209 -1.72865 0.000635331 -0.110524 0.00252195
 1.57 2.141 -0.08202569999999999 -1.72857 0.000608796 -0.110576 0.00250631
 1.575 2.14005 -0.081467 -1.73085 0.000655613 -0.110625 0.00251604
 1.58 2.14116 -0.0818839 -1.73086 0.000628444 -0.110681 0.00250064
 1.585 2.14215 -0.08228729999999999 -1.73078 0.000601954 -0.110733 0.002485
 1.59 2.14121 -0.08174049999999999 -1.73304 0.000648372 -0.110781 0.00249503
 1.595 2.14231 -0.0821558 -1.73306 0.00062126 -0.110837 0.00247963
 1.6 2.1433 -0.08255750000000001 -1.73298 0.000594828 -0.110888 0.00246399
 1.605 2.14236 -0.0820227 -1.73522 0.000640828 -0.110936 0.00247431
 1.61 2.14345 -0.0824362 -1.73523 0.000613785 -0.110991 0.00245892
 1.615 2.14443 -0.0828362 -1.73515 0.000587421 -0.111042 0.00244329
 1.62 2.1435 -0.0823135 -1.73737 0.000632987 -0.111089 0.00245389
 1.625 2.14458 -0.08272500000000001 -1.73739 0.000606024 -0.111144 0.0024385
 1.63 2.14555 -0.083123 -1.73731 0.000579739 -0.111195 0.00242289
 1.635 2.14639 -0.083481 -1.73715 0.000555834 -0.111239 0.00240823
 1.64 2.14491 -0.0826847 -1.74006 0.000623285 -0.111285 0.00242789
 1.645 2.14607 -0.0830938 -1.74016 0.000596573 -0.111342 0.00241322
 1.65 2.14706 -0.0834936 -1.74011 0.000570182 -0.111394 0.00239773
 1.655 2.1461 -0.0829737 -1.74235 0.000616722 -0.11144 0.00240966
 1.66 2.14716 -0.08338329999999999 -1.74237 0.000589784 -0.111494 0.00239424
 1.665 2.14812 -0.0837799 -1.74229 0.000563498 -0.111544 0.00237855
 1.67 2.14894 -0.0841364 -1.74213 0.000539604 -0.111588 0.00236382
 1.675 2.14749 -0.0833786 -1.74498 0.000605549 -0.111632 0.00238412
 1.68 2.14862 -0.0837847 -1.74507 0.000578923 -0.111689 0.00236939
 1.685 2.14959 -0.0841816 -1.74502 0.000552624 -0.111739 0.00235387
 1.69 2.1504 -0.08453529999999999 -1.74486 0.000528853 -0.111782 0.00233916
 1.695 2.14892 -0.08377709999999999 -1.74773 0.000595714 -0.111826 0.00236052
 1.7 2.15004 -0.0841821 -1.74782 0.000569112 -0.111882 0.00234579
 1.705 2.15101 -0.0845781 -1.74777 0.000542815 -0.111932 0.00233024
 1.71 2.15181 -0.08493100000000001 -1.74761 0.000519055 -0.111974 0.00231549
 1.715 2.15034 -0.0841952 -1.75044 0.000584959 -0.112018 0.00233714
 1.72 2.15144 -0.0845984 -1.75053 0.00055842 -0.112073 0.00232237
 1.725 2.1524 -0.0849926 -1.75048 0.000532188 -0.112122 0.00230681
 1.73 2.15319 -0.0853438 -1.75032 0.000508484 -0.112164 0.00229207
 1.735 2.15174 -0.0846324 -1.7531 0.000573237 -0.112207 0.0023139
 1.74 2.15283 -0.08503280000000001 -1.75318 0.000546816 -0.112261 0.00229914
 1.745 2.15377 -0.08542429999999999 -1.75313 0.000520707 -0.11231 0.00228361
 1.75 2.15455 -0.0857733 -1.75298 0.000497111 -0.112351 0.0022689
 1.755 2.15313 -0.08508590000000001 -1.75571 0.000560681 -0.112393 0.00229091
 1.76 2.15419 -0.0854828 -1.75579 0.000534429 -0.112447 0.00227618
 1.765 2.15511 -0.0858709 -1.75574 0.000508491 -0.112494 0.00226071
 1.77 2.15588 -0.0862169 -1.75558 0.000485046 -0.112535 0.00224608
 1.775 2.15449 -0.0855532 -1.75826 0.00054741 -0.112577 0.00226821
 1.78 2.15553 -0.08594599999999999 -1.75834 0.0005213699999999999 -0.112629 0.00225355
 1.785 2.15644 -0.08633010000000001 -1.75829 0.000495645 -0.112676 0.00223817
 1.79 2.1572 -0.0866726 -1.75813 0.000472388 -0.112716 0.00222364
 1.795 2.15583 -0.0860322 -1.76076 0.000533521 -0.112757 0.00224588
 1.8 2.15685 -0.08642039999999999 -1.76083 0.000507731 -0.112808 0.00223131
 1.805 2.15774 -0.0867999 -1.76078 0.000482255 -0.112854 0.00221605
 1.81 2.15849 -0.08713849999999999 -1.76063 0.00045922 -0.112893 0.00220164
 1.815 2.15714 -0.0865211 -1.76321 0.000519092 -0.112934 0.00222395
 1.82 2.15814 -0.0869042 -1.76327 0.0004935850000000001 -0.112984 0.00220949
 1.825 2.15902 -0.0872788 -1.76322 0.00046839 -0.113029 0.00219437
 1.83 2.15976 -0.0876131 -1.76308 0.000445607 -0.113068 0.0021801
 1.835 2.15844 -0.0870184 -1.7656 0.000504186 -0.113107 0.00220244
 1.84 2.15942 -0.087396 -1.76566 0.000478993 -0.113156 0.00218811
 1.845 2.16028 -0.0877652 -1.76561 0.000454109 -0.1132 0.00217315
 1.85 2.161 -0.0880947 -1.76547 0.000431604 -0.113238 0.00215905
 1.855 2.15971 -0.08752260000000001 -1.76793 0.000488857 -0.113277 0.00218138
 1.86 2.16066 -0.08789429999999999 -1.76799 0.000464005 -0.113325 0.0021672
 1.865 2.16151 -0.08825769999999999 -1.76794 0.000439459 -0.113368 0.00215242
 1.87 2.16221 -0.0885823 -1.7678 0.000417258 -0.113406 0.00213849
 1.875 2.16096 -0.08803229999999999 -1.77021 0.000473151 -0.113443 0.00216076
 1.88 2.16189 -0.0883978 -1.77026 0.000448667 -0.11349 0.00214676
 1.885 2.16271 -0.08875520000000001 -1.77021 0.000424485 -0.113533 0.00213217
 1.89 2.16341 -0.0890743 -1.77008 0.000402609 -0.113569 0.00211844
 1.895 2.16218 -0.0885464 -1.77243 0.000457107 -0.113606 0.00214061
 1.9 2.16309 -0.08890530000000001 -1.77247 0.000433016 -0.113652 0.00212679
 1.905 2.16389 -0.0892563 -1.77243 0.000409222 -0.113693 0.00211242
 1.91 2.16457 -0.0895698 -1.77229 0.000387696 -0.113729 0.0020989
 1.915 2.16338 -0.0890637 -1.77458 0.000440764 -0.113765 0.00212092
 1.92 2.16426 -0.0894156 -1.77463 0.000417089 -0.11381 0.0021073
 1.925 2.16505 -0.0897599 -1.77458 0.000393707 -0.11385 0.00209316
 1.93 2.16571 -0.09006749999999999 -1.77445 0.000372551 -0.113885 0.00207987
 1.935 2.16455 -0.089583 -1.77668 0.000424154 -0.11392 0.0021017
 1.94 2.16541 -0.0899277 -1.77672 0.000400918 -0.113964 0.00208829
 1.945 2.16618 -0.0902649 -1.77667 0.000377972 -0.114003 0.00207439
 1.95 2.16683 -0.09056640000000001 -1.77655 0.000357206 -0.114037 0.00206135
 1.955 2.16744 -0.0908432 -1.77642 0.000338047 -0.114069 0.00204925
 1.96 2.1659 -0.0901955 -1.7791 0.000404859 -0.114103 0.00207923
 1.965 2.16679 -0.0905319 -1.77919 0.000382269 -0.114147 0.00206664
 1.97 2.16756 -0.0908643 -1.77917 0.00035967 -0.114186 0.0020531
 1.975 2.16819 -0.091159 -1.77905 0.00033933 -0.11422 0.0020403
 1.98 2.16878 -0.0914296 -1.77892 0.000320564 -0.114251 0.00202842
 1.985 2.16726 -0.09080050000000001 -1.78155 0.000386394 -0.114283 0.00205858
 1.99 2.16812 -0.09113010000000001 -1.78164 0.000364223 -0.114326 0.00204618
 1.995 2.16887 -0.091456 -1.78162 0.000342028 -0.114364 0.00203286
 2 2.16948 -0.0917449 -1.7815 0.000322051 -0.114396 0.00202027
 2.005 2.17006 -0.0920102 -1.78138 0.000303622 -0.114427 0.0020086
 2.01 2.16859 -0.0914166 -1.78391 0.00036683 -0.114458 0.00203805
 2.015 2.16942 -0.091738 -1.78399 0.000345154 -0.114499 0.00202585
 2.02 2.17014 -0.0920559 -1.78397 0.000323463 -0.114536 0.0020128
 2.025 2.17073 -0.092338 -1.78385 0.000303932 -0.114567 0.00200049
 2.03 2.17129 -0.092597 -1.78373 0.000285913 -0.114596 0.00198907
 2.035 2.16989 -0.09203939999999999 -1.78615 0.00034632 -0.114627 0.00201768
 2.04 2.17068 -0.0923514 -1.78623 0.000325224 -0.114666 0.00200573
 2.045 2.17137 -0.0926601 -1.7862 0.000304122 -0.114701 0.00199301
 2.05 2.17195 -0.09293419999999999 -1.78609 0.000285111 -0.114731 0.00198102
 2.055 2.17249 -0.093186 -1.78598 0.000267572 -0.11476 0.00196991
 2.06 2.17115 -0.09266340000000001 -1.78829 0.000325134 -0.114789 0.00199761
 2.065 2.17191 -0.09296509999999999 -1.78836 0.000304688 -0.114827 0.00198596
 2.07 2.17257 -0.0932637 -1.78833 0.000284241 -0.114861 0.00197361
 2.075 2.17312 -0.0935291 -1.78823 0.000265812 -0.114889 0.00196199
 2.08 2.17364 -0.0937728 -1.78812 0.000248811 -0.114917 0.00195122
 2.085 2.17413 -0.0939965 -1.78801 0.000233132 -0.114942 0.00194123
 2.09 2.17254 -0.09336700000000001 -1.79061 0.000301219 -0.11497 0.00197512
 2.095 2.1733 -0.0936569 -1.79072 0.000281639 -0.115007 0.0019643
 2.1 2.17395 -0.0939464 -1.79071 0.000261823 -0.11504 0.00195245
 2.105 2.17447 -0.09420199999999999 -1.79061 0.000244047 -0.115068 0.00194123
 2.11 2.17497 -0.0944368 -1.79051 0.000227648 -0.115094 0.00193083
 2.115 2.17544 -0.09465229999999999 -1.79041 0.000212525 -0.115118 0.00192118
 2.12 2.17391 -0.0940607 -1.79289 0.000277511 -0.115144 0.00195406
 2.125 2.17463 -0.0943391 -1.79298 0.000258669 -0.11518 0.00194357
 2.13 2.17524 -0.0946173 -1.79298 0.000239594 -0.115211 0.00193213
 2.135 2.17575 -0.09486319999999999 -1.79288 0.000222474 -0.115237 0.00192133
 2.14 2.17622 -0.0950891 -1.79279 0.00020668 -0.115262 0.00191131
 2.145 2.17666 -0.09529650000000001 -1.79269 0.000192113 -0.115285 0.00190203
 2.15 2.17524 -0.0947553 -1.795 0.00025261 -0.11531 0.00193306
 2.155 2.17591 -0.0950203 -1.79509 0.000234619 -0.115343 0.00192295
 2.16 2.17649 -0.0952853 -1.79508 0.000216418 -0.115372 0.001912
 2.165 2.17696 -0.0955199 -1.79499 0.000200068 -0.115397 0.00190169
 2.17 2.17741 -0.0957355 -1.7949 0.000184983 -0.11542 0.00189214
 2.175 2.17783 -0.0959334 -1.79481 0.000171069 -0.115443 0.00188327
 2.18 2.17823 -0.09611500000000001 -1.79472 0.000158241 -0.115463 0.00187506
 2.185 2.17665 -0.09551419999999999 -1.79718 0.000224793 -0.115486 0.00191003
 2.19 2.1773 -0.0957636 -1.79729 0.000207907 -0.115518 0.00190075
 2.195 2.17786 -0.09601519999999999 -1.79729 0.000190635 -0.115546 0.00189044
 2.2 2.1783 -0.0962368 -1.79721 0.000175178 -0.115569 0.00188069
 2.205 2.17872 -0.0964404 -1.79713 0.000160916 -0.115591 0.00187166
 2.21 2.17911 -0.09662750000000001 -1.79705 0.000147759 -0.115611 0.00186329
 2.215 2.17948 -0.0967991 -1.79696 0.000135628 -0.115631 0.00185552
 2.22 2.17803 -0.0962571 -1.79922 0.000196642 -0.115651 0.00188801
 2.225 2.17862 -0.0964901 -1.79931 0.000180821 -0.11568 0.0018792
 2.23 2.17913 -0.0967254 -1.79931 0.000164644 -0.115706 0.00186952
 2.235 2.17955 -0.09693309999999999 -1.79924 0.000150151 -0.115728 0.00186039
 2.24 2.17993 -0.097124 -1.79917 0.000136776 -0.115748 0.00185194
 2.245 2.1803 -0.09729939999999999 -1.7991 0.000124437 -0.115767 0.0018441
 2.25 2.18064 -0.09746050000000001 -1.79902 0.000113056 -0.115785 0.00183683
 2.255 2.18097 -0.09760820000000001 -1.79894 0.000102564 -0.115802 0.00183009
 2.26 2.17947 -0.0970492 -1.80121 0.000165304 -0.11582 0.00186412
 2.265 2.18002 -0.0972625 -1.80131 0.00015084 -0.115847 0.00185618
 2.27 2.18049 -0.09747980000000001 -1.80132 0.000135907 -0.115871 0.00184728
 2.275 2.18086 -0.09767099999999999 -1.80126 0.000122563 -0.11589 0.00183889
 2.28 2.18122 -0.0978468 -1.8012 0.000110247 -0.115909 0.00183112
 2.285 2.18155 -0.0980085 -1.80113 9.88812e-05 -0.115926 0.00182392
 2.29 2.18186 -0.09815690000000001 -1.80107 8.839630000000001e-05 -0.115942 0.00181724
 2.295 2.18215 -0.0982932 -1.801 7.87267e-05 -0.115957 0.00181104
 2.3 2.18243 -0.0984183 -1.80093 6.981149999999999e-05 -0.115972 0.0018053
 2.305 2.18269 -0.098533 -1.80086 6.15948e-05 -0.115986 0.00179998
 2.31 2.18105 -0.09791759999999999 -1.80325 0.000129926 -0.116001 0.00183779
 2.315 2.18156 -0.0981079 -1.80338 0.000117095 -0.116026 0.00183099
 2.32 2.18199 -0.0983049 -1.8034 0.000103593 -0.116047 0.00182304
 2.325 2.18232 -0.098477 -1.80335 9.159770000000001e-05 -0.116064 0.00181552
 2.33 2.18263 -0.0986354 -1.8033 8.05215e-05 -0.11608 0.00180855
 2.335 2.18292 -0.0987811 -1.80325 7.02961e-05 -0.116095 0.00180209
 2.34 2.18319 -0.098915 -1.80319 6.08583e-05 -0.11611 0.0017961
 2.345 2.18345 -0.09903820000000001 -1.80314 5.21493e-05 -0.116123 0.00179055
 2.35 2.18369 -0.0991513 -1.80308 4.41148e-05 -0.116136 0.0017854
 2.355 2.18391 -0.0992552 -1.80303 3.67044e-05 -0.116147 0.00178063
 2.36 2.18413 -0.0993506 -1.80297 2.98715e-05 -0.116159 0.00177621
 2.365 2.18433 -0.0994381 -1.80292 2.35727e-05 -0.116169 0.00177211
 2.37 2.18452 -0.0995182 -1.80286 1.7768e-05 -0.116179 0.00176831
 2.375 2.18284 -0.09888660000000001 -1.80524 8.74802e-05 -0.116191 0.00180756
 2.38 2.18327 -0.09904689999999999 -1.80537 7.67402e-05 -0.116212 0.00180206
 2.385 2.18364 -0.0992164 -1.80541 6.51766e-05 -0.11623 0.00179535
 2.39 2.18391 -0.09936349999999999 -1.80537 5.49618e-05 -0.116244 0.00178898
 2.395 2.18416 -0.09949909999999999 -1.80534 4.55224e-05 -0.116257 0.00178308
 2.4 2.1844 -0.099624 -1.8053 3.68007e-05 -0.11627 0.00177761
 2.405 2.18462 -0.0997391 -1.80526 2.8743e-05 -0.116281 0.00177254
 2.41 2.18483 -0.0998452 -1.80523 2.12994e-05 -0.116292 0.00176784
 2.415 2.18502 -0.0999428 -1.80519 1.44232e-05 -0.116302 0.00176348
 2.42 2.18521 -0.100033 -1.80515 8.07314e-06 -0.116312 0.00175944
 2.425 2.18538 -0.100116 -1.80512 2.20874e-06 -0.116321 0.0017557
 2.43 2.18554 -0.100192 -1.80508 -3.20676e-06 -0.116329 0.00175223
 2.435 2.18569 -0.100262 -1.80505 -8.20647e-06 -0.116337 0.00174901
 2.44 2.18583 -0.100326 -1.80501 -1.2822e-05 -0.116344 0.00174603
 2.445 2.18597 -0.100386 -1.80498 -1.70824e-05 -0.116351 0.00174327
 2.45 2.18609 -0.10044 -1.80494 -2.1015e-05 -0.116358 0.00174071
 2.455 2.18621 -0.10049 -1.80491 -2.46447e-05 -0.116364 0.00173833
 2.46 2.18632 -0.100536 -1.80487 -2.79949e-05 -0.11637 0.00173613
 2.465 2.18642 -0.100579 -1.80484 -3.10871e-05 -0.116375 0.0017341
 2.47 2.18652 -0.100618 -1.80481 -3.39412e-05 -0.11638 0.00173221
 2.475 2.18661 -0.100654 -1.80478 -3.65758e-05 -0.116385 0.00173045
 2.48 2.18669 -0.100687 -1.80475 -3.90081e-05 -0.116389 0.00172883
 2.485 2.18677 -0.100717 -1.80473 -4.1254e-05 -0.116393 0.00172733
 2.49 2.18684 -0.100745 -1.8047 -4.33283e-05 -0.116397 0.00172593
 2.495 2.18691 -0.100771 -1.80467 -4.52445e-05 -0.116401 0.00172464
 2.5 2.18698 -0.100794 -1.80465 -4.70154e-05 -0.116404 0.00172344
 2.505 2.18704 -0.100816 -1.80463 -4.86528e-05 -0.116407 0.00172233
 2.51 2.18709 -0.100836 -1.8046 -5.01678e-05 -0.11641 0.0017213
 2.515 2.18715 -0.100855 -1.80458 -5.1571e-05 -0.116413 0.00172035
 2.52 2.18719 -0.100872 -1.80457 -5.28702e-05 -0.116416 0.00171947
 2.525 2.18724 -0.100888 -1.80455 -5.40738e-05 -0.116418 0.00171865
 2.53 2.18728 -0.100903 -1.80453 -5.51894e-05 -0.11642 0.00171789
 2.535 2.18732 -0.100917 -1.80452 -5.62247e-05 -0.116422 0.00171719
 2.54 2.18736 -0.10093 -1.8045 -5.71881e-05 -0.116424 0.00171653
 2.545 2.18739 -0.100942 -1.80449 -5.80832e-05 -0.116426 0.00171592
 2.55 2.18742 -0.100953 -1.80448 -5.89185e-05 -0.116428 0.00171535
 2.555 2.18745 -0.100963 -1.80447 -5.96985e-05 -0.116429 0.00171483
 2.56 2.18748 -0.100973 -1.80446 -6.0426e-05 -0.116431 0.00171433
 2.565 2.18751 -0.100982 -1.80445 -6.11061e-05 -0.116432 0.00171387
 2.57 2.18754 -0.100991 -1.80444 -6.174299999999999e-05 -0.116434 0.00171344
 2.575 2.18757 -0.100999 -1.80443 -6.23405e-05 -0.116435 0.00171303
 2.58 2.18759 -0.101006 -1.80443 -6.29022e-05 -0.116436 0.00171265
 2.585 2.18762 -0.101013 -1.80442 -6.34313e-05 -0.116438 0.0017123
 2.59 2.18765 -0.10102 -1.80442 -6.39309e-05 -0.116439 0.00171196
 2.595 2.18767 -0.101027 -1.80441 -6.44038e-05 -0.11644 0.00171164
 2.6 2.1877 -0.101033 -1.80441 -6.48525e-05 -0.116441 0.00171134
 2.605 2.18772 -0.101039 -1.8044 -6.52796e-05 -0.116442 0.00171105
 2.61 2.18775 -0.101044 -1.8044 -6.56872e-05 -0.116443 0.00171078
 2.615 2.18778 -0.101049 -1.80439 -6.607730000000001e-05 -0.116445 0.00171052
 2.62 2.1878 -0.101055 -1.80439 -6.64521e-05 -0.116446 0.00171027
 2.625 2.18783 -0.10106 -1.80439 -6.681310000000001e-05 -0.116447 0.00171003
 2.63 2.18786 -0.101065 -1.80439 -6.71621e-05 -0.116448 0.0017098
 2.635 2.18789 -0.101069 -1.80439 -6.75005e-05 -0.116449 0.00170958
 2.64 2.18792 -0.101074 -1.80439 -6.78299e-05 -0.11645 0.00170936
 2.645 2.18795 -0.101078 -1.80438 -6.81515e-05 -0.116452 0.00170915
 2.65 2.18798 -0.101083 -1.80438 -6.84665e-05 -0.116453 0.00170894
 2.655 2.18801 -0.101087 -1.80438 -6.877599999999999e-05 -0.116454 0.00170874
 2.66 2.18805 -0.101092 -1.80438 -6.908110000000001e-05 -0.116455 0.00170854
 2.665 2.18808 -0.101096 -1.80438 -6.93828e-05 -0.116457 0.00170835
 2.67 2.18812 -0.1011 -1.80438 -6.968189999999999e-05 -0.116458 0.00170815
 2.675 2.18815 -0.101105 -1.80439 -6.99793e-05 -0.11646 0.00170796
 2.68 2.18819 -0.101109 -1.80439 -7.02757e-05 -0.116461 0.00170777
 2.685 2.18823 -0.101113 -1.80439 -7.05718e-05 -0.116462 0.00170758
 2.69 2.18827 -0.101118 -1.80439 -7.086829999999999e-05 -0.116464 0.00170739
 2.695 2.18831 -0.101122 -1.80439 -7.11659e-05 -0.116465 0.0017072
 2.7 2.18835 -0.101127 -1.80439 -7.14649e-05 -0.116467 0.00170701
 2.705 2.1884 -0.101131 -1.8044 -7.17661e-05 -0.116469 0.00170681
 2.71 2.18844 -0.101136 -1.8044 -7.20697e-05 -0.11647 0.00170662
 2.715 2.18849 -0.10114 -1.8044 -7.23764e-05 -0.116472 0.00170642
 2.72 2.18854 -0.101145 -1.8044 -7.26865e-05 -0.116474 0.00170623
 2.725 2.18859 -0.101149 -1.80441 -7.300030000000001e-05 -0.116476 0.00170603
 2.73 2.18864 -0.101154 -1.80441 -7.33183e-05 -0.116477 0.00170583
 2.735 2.18869 -0.101159 -1.80441 -7.36407e-05 -0.116479 0.00170562
 2.74 2.18874 -0.101164 -1.80442 -7.396779999999999e-05 -0.116481 0.00170542
 2.745 2.1888 -0.101169 -1.80442 -7.43e-05 -0.116483 0.00170521
 2.75 2.18885 -0.101174 -1.80443 -7.46374e-05 -0.116485 0.001705
 2.755 2.18891 -0.101179 -1.80443 -7.49803e-05 -0.116487 0.00170478
 2.76 2.18897 -0.101185 -1.80443 -7.53289e-05 -0.11649 0.00170456
 2.765 2.18903 -0.10119 -1.80444 -7.56834e-05 -0.116492 0.00170434
 2.77 2.18909 -0.101196 -1.80444 -7.604499999999999e-05 -0.116494 0.00170411
 2.775 2.18915 -0.101201 -1.80445 -7.64149e-05 -0.116496 0.00170388
 2.78 2.18922 -0.101207 -1.80445 -7.678929999999999e-05 -0.116499 0.00170364
 2.785 2.18929 -0.101213 -1.80446 -7.7171e-05 -0.116501 0.0017034
 2.79 2.19141 -0.100595 -1.80204 -1.42334e-05 -0.116503 0.00174126
 2.795 2.19145 -0.100685 -1.80212 -2.01324e-05 -0.116504 0.00173669
 2.8 2.1914 -0.100784 -1.80215 -2.66539e-05 -0.116501 0.00173228
 2.805 2.19132 -0.100867 -1.80214 -3.20397e-05 -0.116498 0.00172893
 2.81 2.19126 -0.100943 -1.80213 -3.70683e-05 -0.116495 0.0017258
 2.815 2.19121 -0.101015 -1.80213 -4.17665e-05 -0.116492 0.00172288
 2.82 2.19117 -0.101082 -1.80212 -4.6159e-05 -0.11649 0.00172014
 2.825 2.19114 -0.101144 -1.80212 -5.02687e-05 -0.116489 0.00171758
 2.83 2.19112 -0.101203 -1.80211 -5.41171e-05 -0.116487 0.00171519
 2.835 2.19111 -0.101258 -1.80211 -5.77238e-05 -0.116487 0.00171295
 2.84 2.1911 -0.10131 -1.80211 -6.1107e-05 -0.116486 0.00171084
 2.845 2.19111 -0.101358 -1.80211 -6.42837e-05 -0.116486 0.00170886
 2.85 2.19112 -0.101403 -1.80211 -6.72696e-05 -0.116486 0.001707
 2.855 2.19114 -0.101446 -1.80211 -7.00793e-05 -0.116486 0.00170526
 2.86 2.19348 -0.101428 -1.79933 -6.85884e-05 -0.116486 0.0017072
 2.865 2.19349 -0.101486 -1.79941 -7.20627e-05 -0.116485 0.00170495
 2.87 2.19338 -0.101533 -1.79942 -7.5021e-05 -0.116479 0.0017029
 2.875 2.19325 -0.101571 -1.79939 -7.74805e-05 -0.116473 0.00170114
 2.88 2.19313 -0.101606 -1.79936 -7.980530000000001e-05 -0.116467 0.00169948
 2.885 2.19304 -0.101639 -1.79934 -8.20058e-05 -0.116462 0.00169792
 2.89 2.19296 -0.101671 -1.79932 -8.409179999999999e-05 -0.116458 0.00169644
 2.895 2.19289 -0.101701 -1.7993 -8.607210000000001e-05 -0.116455 0.00169503
 2.9 2.19284 -0.101729 -1.79928 -8.795499999999999e-05 -0.116452 0.0016937
 2.905 2.1928 -0.101757 -1.79927 -8.97483e-05 -0.116449 0.00169244
 2.91 2.19277 -0.101783 -1.79926 -9.145900000000001e-05 -0.116447 0.00169124
 2.915 2.19276 -0.101808 -1.79925 -9.30938e-05 -0.116446 0.0016901
 2.92 2.19513 -0.101829 -1.79637 -9.64076e-05 -0.116445 0.00168917
 2.925 2.19511 -0.101867 -1.79645 -9.84776e-05 -0.116442 0.00168779
 2.93 2.19498 -0.101892 -1.79645 -9.999229999999999e-05 -0.116434 0.00168656
 2.935 2.19482 -0.101909 -1.79641 -0.000101141 -0.116426 0.0016855
 2.94 2.19468 -0.101926 -1.79637 -0.000102258 -0.11642 0.00168448
 2.945 2.19457 -0.101942 -1.79634 -0.000103346 -0.116414 0.0016835
 2.95 2.19447 -0.101958 -1.79631 -0.000104408 -0.116408 0.00168256
 2.955 2.19439 -0.101974 -1.79628 -0.000105446 -0.116404 0.00168165
 2.96 2.19432 -0.101989 -1.79626 -0.000106462 -0.1164 0.00168078
 2.965 2.19427 -0.102004 -1.79624 -0.000107459 -0.116397 0.00167993
 2.97 2.19424 -0.102019 -1.79622 -0.000108438 -0.116394 0.00167912
 2.975 2.19667 -0.102037 -1.79324 -0.000111807 -0.116392 0.00167812
 2.98 2.19665 -0.102067 -1.79332 -0.000113333 -0.116389 0.00167703
 2.985 2.19649 -0.102084 -1.79331 -0.000114308 -0.11638 0.00167607
 2.99 2.19632 -0.102093 -1.79326 -0.000114945 -0.116371 0.00167525
 2.995 2.19617 -0.102103 -1.79322 -0.000115593 -0.116364 0.00167446
 3 2.19604 -0.102112 -1.79318 -0.000116253 -0.116357 0.00167368
 3.005 2.19593 -0.102122 -1.79315 -0.000116923 -0.116351 0.00167293
 3.01 2.19584 -0.102132 -1.79312 -0.000117604 -0.116346 0.00167219
 3.015 2.19576 -0.102143 -1.79309 -0.000118296 -0.116342 0.00167147
 3.02 2.19571 -0.102153 -1.79307 -0.000118997 -0.116338 0.00167076
 3.025 2.19812 -0.102169 -1.79007 -0.000122168 -0.116335 0.00166982
 3.03 2.19809 -0.102195 -1.79015 -0.000123478 -0.116331 0.0016688
 3.035 2.19792 -0.102209 -1.79014 -0.000124255 -0.116321 0.00166792
 3.04 2.19773 -0.102215 -1.79009 -0.000124709 -0.116312 0.00166717
 3.045 2.19757 -0.102222 -1.79004 -0.000125193 -0.116304 0.00166643
 3.05 2.19743 -0.10223 -1.79 -0.000125705 -0.116296 0.0016657
 3.055 2.19732 -0.102238 -1.78996 -0.000126245 -0.11629 0.00166499
 3.06 2.19722 -0.102246 -1.78993 -0.000126809 -0.116285 0.00166429
 3.065 2.19714 -0.102255 -1.7899 -0.000127398 -0.11628 0.0016636
 3.07 2.19946 -0.102268 -1.78699 -0.00013039 -0.116276 0.00166266
 3.075 2.19941 -0.102293 -1.78705 -0.000131592 -0.116271 0.00166166
 3.08 2.19923 -0.102305 -1.78703 -0.000132298 -0.116261 0.00166078
 3.085 2.19904 -0.102311 -1.78698 -0.000132702 -0.116251 0.00166003
 3.09 2.19887 -0.102317 -1.78693 -0.000133144 -0.116242 0.00165928
 3.095 2.19873 -0.102324 -1.78689 -0.000133623 -0.116235 0.00165855
 3.1 2.19861 -0.102332 -1.78685 -0.000134135 -0.116228 0.00165783
 3.105 2.19851 -0.10234 -1.78682 -0.000134678 -0.116223 0.00165711
 3.11 2.19843 -0.102348 -1.78679 -0.000135251 -0.116218 0.00165641
 3.115 2.20087 -0.102362 -1.78373 -0.000138362 -0.116214 0.00165542
 3.12 2.20083 -0.102388 -1.7838 -0.000139627 -0.116208 0.00165438
 3.125 2.20064 -0.102401 -1.78379 -0.000140356 -0.116198 0.00165346
 3.13 2.20044 -0.102407 -1.78373 -0.000140756 -0.116188 0.00165267
 3.135 2.20027 -0.102413 -1.78369 -0.000141198 -0.116179 0.00165189
 3.14 2.20012 -0.10242 -1.78364 -0.00014168 -0.116171 0.00165113
 3.145 2.19999 -0.102428 -1.7836 -0.0001422 -0.116164 0.00165037
 3.15 2.19989 -0.102436 -1.78357 -0.000142754 -0.116158 0.00164963
 3.155 2.20217 -0.102449 -1.78066 -0.000145693 -0.116153 0.00164861
 3.16 2.20209 -0.102474 -1.78072 -0.000146896 -0.116147 0.00164755
 3.165 2.2019 -0.102487 -1.7807 -0.000147619 -0.116136 0.0016466
 3.17 2.20169 -0.102493 -1.78065 -0.000148045 -0.116126 0.00164577
 3.175 2.20151 -0.102499 -1.7806 -0.000148514 -0.116116 0.00164496
 3.18 2.20136 -0.102507 -1.78055 -0.000149026 -0.116108 0.00164415
 3.185 2.20124 -0.102515 -1.78052 -0.000149576 -0.116101 0.00164336
 3.19 2.20113 -0.102524 -1.78048 -0.000150162 -0.116095 0.00164258
 3.195 2.20348 -0.102538 -1.77749 -0.000153205 -0.11609 0.0016415
 3.2 2.20341 -0.102564 -1.77756 -0.000154484 -0.116084 0.00164038
 3.205 2.20321 -0.102578 -1.77754 -0.000155259 -0.116073 0.00163938
 3.21 2.203 -0.102584 -1.77748 -0.000155719 -0.116062 0.00163851
 3.215 2.20282 -0.102592 -1.77743 -0.000156223 -0.116053 0.00163765
 3.22 2.20267 -0.1026 -1.77739 -0.000156769 -0.116044 0.0016368
 3.225 2.20254 -0.102608 -1.77735 -0.000157355 -0.116037 0.00163597
 3.23 2.20243 -0.102618 -1.77732 -0.000157978 -0.116031 0.00163514
 3.235 2.20486 -0.102633 -1.77422 -0.000161139 -0.116026 0.001634
 3.24 2.20479 -0.10266 -1.7743 -0.000162506 -0.116019 0.00163281
 3.245 2.2046 -0.102675 -1.77428 -0.000163339 -0.116008 0.00163176
 3.25 2.20438 -0.102682 -1.77423 -0.000163834 -0.115997 0.00163084
 3.255 2.20419 -0.10269 -1.77418 -0.000164374 -0.115987 0.00162993
 3.26 2.20403 -0.102699 -1.77413 -0.000164957 -0.115979 0.00162904
 3.265 2.2039 -0.102708 -1.77409 -0.00016558 -0.115971 0.00162817
 3.27 2.20607 -0.102722 -1.77125 -0.000168499 -0.115965 0.001627
 3.275 2.20597 -0.102748 -1.77131 -0.000169777 -0.115957 0.0016258
 3.28 2.20576 -0.102762 -1.77128 -0.000170604 -0.115946 0.00162472
 3.285 2.20555 -0.10277 -1.77123 -0.000171144 -0.115934 0.00162376
 3.29 2.20536 -0.102778 -1.77118 -0.000171728 -0.115924 0.00162281
 3.295 2.2052 -0.102788 -1.77113 -0.000172353 -0.115916 0.00162188
 3.3 2.20507 -0.102798 -1.7711 -0.000173017 -0.115908 0.00162097
 3.305 2.20726 -0.102813 -1.76823 -0.000175998 -0.115902 0.00161975
 3.31 2.20716 -0.102839 -1.76829 -0.000177335 -0.115894 0.0016185
 3.315 2.20696 -0.102854 -1.76826 -0.000178213 -0.115882 0.00161737
 3.32 2.20674 -0.102863 -1.76821 -0.000178796 -0.115871 0.00161637
 3.325 2.20655 -0.102872 -1.76816 -0.000179422 -0.115861 0.00161539
 3.33 2.20639 -0.102882 -1.76812 -0.000180089 -0.115852 0.00161442
 3.335 2.20626 -0.102893 -1.76808 -0.000180794 -0.115845 0.00161347
 3.34 2.20849 -0.102909 -1.76517 -0.00018385 -0.115838 0.00161219
 3.345 2.2084 -0.102936 -1.76523 -0.000185253 -0.115831 0.0016109
 3.35 2.20819 -0.102953 -1.76521 -0.000186183 -0.115819 0.00160972
 3.355 2.20797 -0.102962 -1.76515 -0.000186806 -0.115808 0.00160868
 3.36 2.20779 -0.102972 -1.76511 -0.000187472 -0.115798 0.00160766
 3.365 2.20763 -0.102983 -1.76507 -0.000188177 -0.115789 0.00160666
 3.37 2.20749 -0.102994 -1.76503 -0.000188919 -0.115781 0.00160567
 3.375 2.20976 -0.103011 -1.76207 -0.000192041 -0.115775 0.00160434
 3.38 2.20967 -0.103039 -1.76213 -0.000193504 -0.115767 0.001603
 3.385 2.20946 -0.103056 -1.76211 -0.000194484 -0.115755 0.00160177
 3.39 2.20924 -0.103066 -1.76206 -0.000195145 -0.115744 0.0016007
 3.395 2.20905 -0.103077 -1.76202 -0.000195847 -0.115734 0.00159964
 3.4 2.20889 -0.103088 -1.76197 -0.000196588 -0.115725 0.0015986
 3.405 2.20875 -0.1031 -1.76194 -0.000197365 -0.115717 0.00159758
 3.41 2.21104 -0.103117 -1.75894 -0.000200542 -0.11571 0.0015962
 3.415 2.21095 -0.103147 -1.75901 -0.00020206 -0.115703 0.00159481
 3.42 2.21074 -0.103165 -1.75899 -0.000203086 -0.115691 0.00159354
 3.425 2.21052 -0.103175 -1.75894 -0.000203783 -0.115679 0.00159243
 3.43 2.21032 -0.103187 -1.75889 -0.000204521 -0.115669 0.00159134
 3.435 2.21016 -0.103198 -1.75885 -0.000205295 -0.11566 0.00159026
 3.44 2.21002 -0.103211 -1.75882 -0.000206105 -0.115652 0.00158921
 3.445 2.21233 -0.103229 -1.75579 -0.000209327 -0.115645 0.00158778
 3.45 2.21224 -0.103259 -1.75586 -0.000210895 -0.115637 0.00158635
 3.455 2.21203 -0.103278 -1.75585 -0.000211963 -0.115625 0.00158504
 3.46 2.2118 -0.103289 -1.7558 -0.000212695 -0.115613 0.00158389
 3.465 2.21161 -0.103301 -1.75575 -0.000213467 -0.115603 0.00158277
 3.47 2.21144 -0.103313 -1.75571 -0.000214274 -0.115594 0.00158166
 3.475 2.21131 -0.103326 -1.75567 -0.000215114 -0.115586 0.00158058
 3.48 2.21362 -0.103344 -1.75263 -0.000218371 -0.115579 0.0015791
 3.485 2.21353 -0.103376 -1.7527 -0.000219982 -0.115571 0.00157763
 3.49 2.21332 -0.103395 -1.75269 -0.00022109 -0.115559 0.00157629
 3.495 2.21309 -0.103407 -1.75264 -0.000221856 -0.115547 0.00157511
 3.5 2.21289 -0.103419 -1.75259 -0.00022266 -0.115537 0.00157395
 3.505 2.21273 -0.103432 -1.75255 -0.000223497 -0.115527 0.00157282
 3.51 2.21259 -0.103445 -1.75252 -0.000224367 -0.115519 0.00157171
 3.515 2.2149 -0.103464 -1.74947 -0.000227649 -0.115512 0.00157019
 3.52 2.21482 -0.103496 -1.74954 -0.000229297 -0.115505 0.00156868
 3.525 2.2146 -0.103516 -1.74953 -0.000230441 -0.115492 0.00156731
 3.53 2.21437 -0.103528 -1.74948 -0.00023124 -0.11548 0.00156609
 3.535 2.21417 -0.103541 -1.74943 -0.000232074 -0.11547 0.00156491
 3.54 2.21401 -0.103554 -1.74939 -0.000232941 -0.11546 0.00156375
 3.545 2.21387 -0.103568 -1.74936 -0.000233838 -0.115452 0.00156261
 3.55 2.21618 -0.103588 -1.74631 -0.000237134 -0.115445 0.00156106
 3.555 2.21609 -0.10362 -1.74638 -0.000238813 -0.115437 0.00155952
 3.56 2.21587 -0.103641 -1.74637 -0.00023999 -0.115425 0.00155811
 3.565 2.21564 -0.103653 -1.74632 -0.00024082 -0.115413 0.00155687
 3.57 2.21544 -0.103667 -1.74628 -0.000241683 -0.115402 0.00155566
 3.575 2.21528 -0.10368 -1.74624 -0.000242577 -0.115393 0.00155448
 3.58 1.99088 0.0169668 -1.23248 -0.0103854 -0.09609139999999999 0.000751729
 3.585 1.33406 0.3701 0.272931 -0.0400677 -0.0396163 -0.00165077
 3.59 1.39862 0.335388 0.125297 -0.0371549 -0.0451534 -0.00141794
 3.595 1.45833 0.303227 -0.0114506 -0.0344549 -0.0502803 -0.00120213
 3.6 1.51363 0.273426 -0.138152 -0.0319523 -0.0550311 -0.00100206
 3.605 1.56491 0.245804 -0.255582 -0.0296329 -0.0594348 -0.000816691
 3.61 1.61244 0.220203 -0.364419 -0.0274834 -0.0635168 -0.000644952
 3.615 1.65652 0.196474 -0.465294 -0.0254913 -0.0673005 -0.000485844
 3.62 1.69816 0.174475 -0.556497 -0.0236449 -0.0708078 -0.000370894
 3.625 1.73616 0.154071 -0.643197 -0.0219348 -0.074057 -0.000232458
 3.63 1.77126 0.135171 -0.723471 -0.0203495 -0.0770636 -0.000104135
 3.635 1.80375 0.11766 -0.797832 -0.01888 -0.0798492 1.48591e-05
 3.64 1.83388 0.101429 -0.866754 -0.0175182 -0.08243159999999999 0.000125082
 3.645 1.86182 0.08638410000000001 -0.930633 -0.0162561 -0.0848255 0.000227176
 3.65 1.88774 0.0724392 -0.9898400000000001 -0.0150865 -0.0870447 0.000321735
 3.655 1.91319 0.0595083 -1.04216 -0.0140033 -0.089102 0.000390224
 3.66 1.93555 0.0475094 -1.09308 -0.0129996 -0.0910072 0.000472234
 3.665 1.95614 0.036398 -1.1402 -0.0120691 -0.0927683 0.000548258
 3.67 1.93029 0.0499329 -1.10512 -0.00900338 -0.0915672 -0.00129763
 3.675 1.81656 0.11013 -0.915177 -0.00175612 -0.0847897 -0.00684127
 3.68 1.83141 0.108831 -0.943563 -0.00066759 -0.0859945 -0.00747162
 3.685 1.69241 0.170062 -0.782117 0.00107343 -0.0785956 -0.0128015
 3.69 1.03981 0.403382 -0.147033 -0.0113285 -0.0440158 -0.0219827
 3.695 -0.109859 0.816843 1.13119 -0.0360889 0.0218977 -0.0284427
 3.7 -0.903172 0.770316 2.39202 -0.0332326 0.0754015 -0.0202053
 3.705 -1.24374 0.836122 3.15768 -0.0329681 0.103441 -0.0195471
 3.71 -1.60582 0.813944 3.93849 -0.0289481 0.132296 -0.0188632
 3.715 -1.8841 0.842215 4.62734 -0.0257133 0.156615 -0.0208093
 3.72 -2.22769 0.845307 5.37777 -0.028094 0.185617 -0.0156209
 3.725 -2.78134 0.906755 6.21584 -0.0322063 0.22355 -0.008136340000000001
 3.73 -3.85683 1.10604 7.1341 -0.0434867 0.277976 -0.00565691
 3.735 -4.21007 1.28816 7.84824 -0.0596806 0.307473 -0.00417748
 3.74 -4.76764 1.52564 8.398490000000001 -0.08412169999999999 0.338314 0.00246238
 3.745 -4.76516 1.7618 8.64228 -0.102723 0.344981 -0.00238282
 3.75 -4.96588 1.89593 8.99793 -0.116711 0.360388 0.00171053
 3.755 -4.92788 2.00867 9.22583 -0.124343 0.365092 0.000237906
 3.76 -5.43731 1.98805 9.824909999999999 -0.11983 0.392728 -0.00478653
 3.765 -6.22255 2.13417 10.343 -0.124161 0.422244 -0.00587423


